place,date,first_dose,second_dose,total_doses,source,raw_timestamp,pull_time
Andaman and Nicobar Islands,2021-01-16,225,0,225,covid19india,,
Andaman and Nicobar Islands,2021-01-18,442,0,442,covid19india,,
Andaman and Nicobar Islands,2021-01-19,644,0,644,covid19india,,
Andaman and Nicobar Islands,2021-01-20,644,0,644,covid19india,,
Andaman and Nicobar Islands,2021-01-21,1032,0,1032,covid19india,,
Andaman and Nicobar Islands,2021-01-22,1466,0,1466,covid19india,,
Andaman and Nicobar Islands,2021-01-23,1998,0,1998,covid19india,,
Andaman and Nicobar Islands,2021-01-24,2019,0,2019,covid19india,,
Andaman and Nicobar Islands,2021-01-25,2369,0,2369,covid19india,,
Andaman and Nicobar Islands,2021-01-26,2369,0,2369,covid19india,,
Andaman and Nicobar Islands,2021-01-27,2385,0,2385,covid19india,,
Andaman and Nicobar Islands,2021-01-28,2656,0,2656,covid19india,,
Andaman and Nicobar Islands,2021-01-29,2727,0,2727,covid19india,,
Andaman and Nicobar Islands,2021-01-30,2727,0,2727,covid19india,,
Andaman and Nicobar Islands,2021-01-31,2727,0,2727,covid19india,,
Andaman and Nicobar Islands,2021-02-01,2727,0,2727,covid19india,,
Andaman and Nicobar Islands,2021-02-02,2727,0,2727,covid19india,,
Andaman and Nicobar Islands,2021-02-03,2772,0,2772,covid19india,,
Andaman and Nicobar Islands,2021-02-04,2938,0,2938,covid19india,,
Andaman and Nicobar Islands,2021-02-05,3161,0,3161,covid19india,,
Andaman and Nicobar Islands,2021-02-06,3161,0,3161,covid19india,,
Andaman and Nicobar Islands,2021-02-07,3397,0,3397,covid19india,,
Andaman and Nicobar Islands,2021-02-08,3397,0,3397,covid19india,,
Andaman and Nicobar Islands,2021-02-09,3413,0,3413,covid19india,,
Andaman and Nicobar Islands,2021-02-10,3413,0,3413,covid19india,,
Andaman and Nicobar Islands,2021-02-11,3454,0,3454,covid19india,,
Andaman and Nicobar Islands,2021-02-12,3454,0,3454,covid19india,,
Andaman and Nicobar Islands,2021-02-13,3646,0,3646,covid19india,,
Andaman and Nicobar Islands,2021-02-14,3646,0,3646,covid19india,,
Andaman and Nicobar Islands,2021-02-15,3847,182,4029,covid19india,,
Andaman and Nicobar Islands,2021-02-16,3847,182,4029,covid19india,,
Andaman and Nicobar Islands,2021-02-17,4045,182,4227,covid19india,,
Andaman and Nicobar Islands,2021-02-18,4347,495,4842,covid19india,,
Andaman and Nicobar Islands,2021-02-19,4453,895,5348,covid19india,,
Andaman and Nicobar Islands,2021-02-20,4846,1306,6152,covid19india,,
Andaman and Nicobar Islands,2021-02-21,4846,1306,6152,covid19india,,
Andaman and Nicobar Islands,2021-02-22,5442,1870,7312,covid19india,,
Andaman and Nicobar Islands,2021-02-23,5565,2018,7583,covid19india,,
Andaman and Nicobar Islands,2021-02-24,5644,2118,7762,covid19india,,
Andaman and Nicobar Islands,2021-02-25,6034,2385,8419,covid19india,,
Andaman and Nicobar Islands,2021-02-26,6134,2422,8556,covid19india,,
Andaman and Nicobar Islands,2021-02-27,6134,2422,8556,covid19india,,
Andaman and Nicobar Islands,2021-02-28,6134,2422,8556,covid19india,,
Andaman and Nicobar Islands,2021-03-01,6581,2556,9137,covid19india,,
Andaman and Nicobar Islands,2021-03-02,6912,2589,9501,covid19india,,
Andaman and Nicobar Islands,2021-03-03,6912,2589,9501,covid19india,,
Andaman and Nicobar Islands,2021-03-04,6912,2589,9501,covid19india,,
Andaman and Nicobar Islands,2021-03-05,8392,2727,11119,covid19india,,
Andaman and Nicobar Islands,2021-03-06,8977,2865,11842,covid19india,,
Andaman and Nicobar Islands,2021-03-07,9187,2865,12052,covid19india,,
Andaman and Nicobar Islands,2021-03-08,9890,2998,12888,covid19india,,
Andaman and Nicobar Islands,2021-03-09,10433,3037,13470,covid19india,,
Andaman and Nicobar Islands,2021-03-10,10749,3048,13797,covid19india,,
Andaman and Nicobar Islands,2021-03-11,11228,3060,14288,covid19india,,
Andaman and Nicobar Islands,2021-03-12,11729,3145,14874,covid19india,,
Andaman and Nicobar Islands,2021-03-13,11921,3282,15203,covid19india,,
Andaman and Nicobar Islands,2021-03-14,11921,3282,15203,covid19india,,
Andaman and Nicobar Islands,2021-03-15,12360,3486,15846,covid19india,,
Andaman and Nicobar Islands,2021-03-16,12632,3562,16194,covid19india,,
Andaman and Nicobar Islands,2021-03-17,12632,3562,16194,covid19india,,
Andaman and Nicobar Islands,2021-03-18,13102,3969,17071,covid19india,,
Andaman and Nicobar Islands,2021-03-19,13517,3989,17506,covid19india,,
Andaman and Nicobar Islands,2021-03-20,13785,4347,18132,covid19india,,
Andaman and Nicobar Islands,2021-03-21,13785,4347,18132,covid19india,,
Andaman and Nicobar Islands,2021-03-22,14161,4829,18990,covid19india,,
Andaman and Nicobar Islands,2021-03-23,14751,5001,19752,covid19india,,
Andaman and Nicobar Islands,2021-03-24,14934,5068,20002,covid19india,,
Andaman and Nicobar Islands,2021-03-25,15377,5295,20672,covid19india,,
Andaman and Nicobar Islands,2021-03-26,15639,5352,20991,covid19india,,
Andaman and Nicobar Islands,2021-03-27,15989,5372,21361,covid19india,,
Andaman and Nicobar Islands,2021-03-28,15989,5372,21361,covid19india,,
Andaman and Nicobar Islands,2021-03-29,15989,5372,21361,covid19india,,
Andaman and Nicobar Islands,2021-03-30,16480,5608,22088,covid19india,,
Andaman and Nicobar Islands,2021-03-31,16480,5608,22088,covid19india,,
Andaman and Nicobar Islands,2021-04-01,17208,5666,22874,covid19india,,
Andaman and Nicobar Islands,2021-04-02,17669,5198,22867,covid19india,,
Andaman and Nicobar Islands,2021-04-03,18190,5242,23432,covid19india,,
Andaman and Nicobar Islands,2021-04-04,18833,5243,24076,covid19india,,
Andaman and Nicobar Islands,2021-04-05,19927,5290,25217,covid19india,,
Andaman and Nicobar Islands,2021-04-06,21509,5341,26850,covid19india,,
Andaman and Nicobar Islands,2021-04-07,22919,5350,28269,covid19india,,
Andaman and Nicobar Islands,2021-04-08,25396,5403,30799,covid19india,,
Andaman and Nicobar Islands,2021-04-09,27698,5519,33217,covid19india,,
Andaman and Nicobar Islands,2021-04-10,29877,5570,35447,covid19india,,
Andaman and Nicobar Islands,2021-04-11,32059,5612,37671,covid19india,,
Andaman and Nicobar Islands,2021-04-12,36572,5713,42285,covid19india,,
Andaman and Nicobar Islands,2021-04-13,43069,5832,48901,covid19india,,
Andaman and Nicobar Islands,2021-04-14,49657,5941,55598,covid19india,,
Andaman and Nicobar Islands,2021-04-15,54819,6079,60898,covid19india,,
Andaman and Nicobar Islands,2021-04-16,61411,6323,67734,covid19india,,
Andaman and Nicobar Islands,2021-04-17,67540,6568,74108,covid19india,,
Andaman and Nicobar Islands,2021-04-18,71357,6879,78236,covid19india,,
Andaman and Nicobar Islands,2021-04-19,75722,7363,83085,covid19india,,
Andaman and Nicobar Islands,2021-04-20,78989,7937,86926,covid19india,,
Andaman and Nicobar Islands,2021-04-21,80901,8171,89072,covid19india,,
Andaman and Nicobar Islands,2021-04-22,83377,8600,91977,covid19india,,
Andaman and Nicobar Islands,2021-04-23,85201,8965,94166,covid19india,,
Andaman and Nicobar Islands,2021-04-24,86810,9299,96109,covid19india,,
Andaman and Nicobar Islands,2021-04-25,87865,9527,97392,covid19india,,
Andaman and Nicobar Islands,2021-04-26,89290,9819,99109,covid19india,,
Andaman and Nicobar Islands,2021-04-27,90471,10117,100588,covid19india,,
Andaman and Nicobar Islands,2021-04-28,91394,10376,101770,covid19india,,
Andaman and Nicobar Islands,2021-04-29,92417,10581,102998,covid19india,,
Andaman and Nicobar Islands,2021-04-30,93493,10881,104374,covid19india,,
Andaman and Nicobar Islands,2021-05-01,94050,11113,105163,covid19india,,
Andaman and Nicobar Islands,2021-05-02,94126,11160,105286,covid19india,,
Andaman and Nicobar Islands,2021-05-03,94599,11604,106203,covid19india,,
Andaman and Nicobar Islands,2021-05-04,94939,11941,106880,covid19india,,
Andaman and Nicobar Islands,2021-05-05,95314,12442,107756,covid19india,,
Andaman and Nicobar Islands,2021-05-06,96017,12812,108829,covid19india,,
Andaman and Nicobar Islands,2021-05-07,96702,13166,109868,covid19india,,
Andaman and Nicobar Islands,2021-05-08,97202,13455,110657,covid19india,,
Andaman and Nicobar Islands,2021-05-09,97284,13456,110740,covid19india,,
Andaman and Nicobar Islands,2021-05-10,97829,13805,111634,covid19india,,
Andaman and Nicobar Islands,2021-05-11,98215,14015,112230,covid19india,,
Andaman and Nicobar Islands,2021-05-12,98564,14245,112809,covid19india,,
Andaman and Nicobar Islands,2021-05-13,98828,14618,113446,covid19india,,
Andaman and Nicobar Islands,2021-05-14,98837,14618,113455,covid19india,,
Andaman and Nicobar Islands,2021-05-15,99084,14910,113994,covid19india,,
Andaman and Nicobar Islands,2021-05-16,99085,14921,114006,covid19india,,
Andaman and Nicobar Islands,2021-05-17,99514,14926,114440,covid19india,,
Andaman and Nicobar Islands,2021-05-18,99792,14929,114721,covid19india,,
Andaman and Nicobar Islands,2021-05-19,100295,14941,115236,covid19india,,
Andaman and Nicobar Islands,2021-05-20,102026,15149,117175,covid19india,,
Andaman and Nicobar Islands,2021-05-21,102792,15151,117943,covid19india,,
Andaman and Nicobar Islands,2021-05-22,103602,15152,118754,covid19india,,
Andaman and Nicobar Islands,2021-05-23,103987,15152,119139,covid19india,,
Andaman and Nicobar Islands,2021-05-24,104438,15152,119590,covid19india,,
Andaman and Nicobar Islands,2021-05-25,105123,15154,120277,covid19india,,
Andaman and Nicobar Islands,2021-05-26,105932,15154,121086,covid19india,,
Andaman and Nicobar Islands,2021-05-27,106543,15157,121700,covid19india,,
Andaman and Nicobar Islands,2021-05-28,107301,15162,122463,covid19india,,
Andaman and Nicobar Islands,2021-05-29,108314,15166,123480,covid19india,,
Andaman and Nicobar Islands,2021-05-30,108556,15166,123722,covid19india,,
Andaman and Nicobar Islands,2021-05-31,109084,15181,124265,covid19india,,
Andaman and Nicobar Islands,2021-06-01,109815,15186,125001,covid19india,,
Andaman and Nicobar Islands,2021-06-02,110314,15190,125504,covid19india,,
Andaman and Nicobar Islands,2021-06-03,110997,15198,126195,covid19india,,
Andaman and Nicobar Islands,2021-06-04,111498,15206,126704,covid19india,,
Andaman and Nicobar Islands,2021-06-05,111961,15222,127183,covid19india,,
Andaman and Nicobar Islands,2021-06-06,111969,15222,127191,covid19india,,
Andaman and Nicobar Islands,2021-06-07,112476,15250,127726,covid19india,,
Andaman and Nicobar Islands,2021-06-08,112875,15276,128151,covid19india,,
Andaman and Nicobar Islands,2021-06-09,113196,15287,128483,covid19india,,
Andaman and Nicobar Islands,2021-06-10,114083,15300,129383,covid19india,,
Andaman and Nicobar Islands,2021-06-11,114829,15319,130148,covid19india,,
Andaman and Nicobar Islands,2021-06-12,115686,15348,131034,covid19india,,
Andaman and Nicobar Islands,2021-06-13,115688,15348,131036,covid19india,,
Andaman and Nicobar Islands,2021-06-14,116624,15368,131992,covid19india,,
Andaman and Nicobar Islands,2021-06-15,117533,15390,132923,covid19india,,
Andaman and Nicobar Islands,2021-06-16,118493,15413,133906,covid19india,,
Andaman and Nicobar Islands,2021-06-17,119426,15442,134868,covid19india,,
Andaman and Nicobar Islands,2021-06-18,120356,15460,135816,covid19india,,
Andaman and Nicobar Islands,2021-06-19,121196,15497,136693,covid19india,,
Andaman and Nicobar Islands,2021-06-20,121198,15497,136695,covid19india,,
Andaman and Nicobar Islands,2021-06-21,121956,15520,137476,covid19india,,
Andaman and Nicobar Islands,2021-06-22,124713,15556,140269,covid19india,,
Andaman and Nicobar Islands,2021-06-23,128612,15591,144203,covid19india,,
Andaman and Nicobar Islands,2021-06-24,133497,15772,149269,covid19india,,
Andaman and Nicobar Islands,2021-06-25,138286,15846,154132,covid19india,,
Andaman and Nicobar Islands,2021-06-26,143336,16301,159637,covid19india,,
Andaman and Nicobar Islands,2021-06-27,145019,16306,161325,covid19india,,
Andaman and Nicobar Islands,2021-06-28,148504,17435,165939,covid19india,,
Andaman and Nicobar Islands,2021-06-29,153048,18542,171590,covid19india,,
Andaman and Nicobar Islands,2021-06-30,156470,19823,176293,covid19india,,
Andaman and Nicobar Islands,2021-07-01,157304,21198,178502,covid19india,,
Andaman and Nicobar Islands,2021-07-02,158335,22887,181222,covid19india,,
Andaman and Nicobar Islands,2021-07-03,159330,24773,184103,covid19india,,
Andaman and Nicobar Islands,2021-07-04,159342,25173,184515,covid19india,,
Andaman and Nicobar Islands,2021-07-05,160298,29266,189564,covid19india,,
Andaman and Nicobar Islands,2021-07-06,161401,35088,196489,covid19india,,
Andaman and Nicobar Islands,2021-07-07,162375,40529,202904,covid19india,,
Andaman and Nicobar Islands,2021-07-08,163284,45356,208640,covid19india,,
Andaman and Nicobar Islands,2021-07-09,164079,51673,215752,covid19india,,
Andaman and Nicobar Islands,2021-07-10,166120,56520,222640,covid19india,,
Andaman and Nicobar Islands,2021-07-11,166343,56716,223059,covid19india,,
Andaman and Nicobar Islands,2021-07-12,168329,62169,230498,covid19india,,
Andaman and Nicobar Islands,2021-07-13,174389,66257,240646,covid19india,,
Andaman and Nicobar Islands,2021-07-14,177014,69670,246684,covid19india,,
Andaman and Nicobar Islands,2021-07-15,178777,72480,251257,covid19india,,
Andaman and Nicobar Islands,2021-07-16,179882,74953,254835,covid19india,,
Andaman and Nicobar Islands,2021-07-17,180673,77199,257872,covid19india,,
Andaman and Nicobar Islands,2021-07-18,180805,77305,258110,covid19india,,
Andaman and Nicobar Islands,2021-07-19,181725,79542,261267,covid19india,,
Andaman and Nicobar Islands,2021-07-20,184157,81542,265699,covid19india,,
Andaman and Nicobar Islands,2021-07-21,184160,81594,265754,covid19india,,
Andaman and Nicobar Islands,2021-07-22,187006,83658,270664,covid19india,,
Andaman and Nicobar Islands,2021-07-23,190153,85236,275389,covid19india,,
Andaman and Nicobar Islands,2021-07-24,192718,86477,279195,covid19india,,
Andaman and Nicobar Islands,2021-07-25,193281,86558,279839,covid19india,,
Andaman and Nicobar Islands,2021-07-26,195082,87884,282966,covid19india,,
Andaman and Nicobar Islands,2021-07-27,197991,88866,286857,covid19india,,
Andaman and Nicobar Islands,2021-07-28,201244,89557,290801,covid19india,,
Andaman and Nicobar Islands,2021-07-29,203975,90223,294198,covid19india,,
Andaman and Nicobar Islands,2021-07-30,206031,90865,296896,covid19india,,
Andaman and Nicobar Islands,2021-07-31,209696,91562,301258,covid19india,,
Andaman and Nicobar Islands,2021-08-01,209744,91633,301377,covid19india,,
Andaman and Nicobar Islands,2021-08-02,210578,92157,302735,covid19india,,
Andaman and Nicobar Islands,2021-08-03,211569,92591,304160,covid19india,,
Andaman and Nicobar Islands,2021-08-04,212573,93164,305737,covid19india,,
Andaman and Nicobar Islands,2021-08-05,213457,93559,307016,covid19india,,
Andaman and Nicobar Islands,2021-08-06,214334,93845,308179,covid19india,,
Andaman and Nicobar Islands,2021-08-07,215022,94251,309273,covid19india,,
Andaman and Nicobar Islands,2021-08-08,215077,94272,309349,covid19india,,
Andaman and Nicobar Islands,2021-08-09,216053,94601,310654,covid19india,,
Andaman and Nicobar Islands,2021-08-10,216987,95049,312036,covid19india,,
Andaman and Nicobar Islands,2021-08-11,219316,95494,314810,covid19india,,
Andaman and Nicobar Islands,2021-08-12,223763,95987,319750,covid19india,,
Andaman and Nicobar Islands,2021-08-13,228316,96507,324823,covid19india,,
Andaman and Nicobar Islands,2021-08-14,232709,97287,329996,covid19india,,
Andaman and Nicobar Islands,2021-08-15,232929,97305,330234,covid19india,,
Andaman and Nicobar Islands,2021-08-16,234616,97814,332430,covid19india,,
Andaman and Nicobar Islands,2021-08-17,235835,98337,334172,covid19india,,
Andaman and Nicobar Islands,2021-08-18,236656,99260,335916,covid19india,,
Andaman and Nicobar Islands,2021-08-19,236726,99292,336018,covid19india,,
Andaman and Nicobar Islands,2021-08-20,238192,99659,337851,covid19india,,
Andaman and Nicobar Islands,2021-08-21,238494,100155,338649,covid19india,,
Andaman and Nicobar Islands,2021-08-22,238632,100172,338804,covid19india,,
Andaman and Nicobar Islands,2021-08-23,241644,101276,342920,covid19india,,
Andaman and Nicobar Islands,2021-08-24,244623,102072,346695,covid19india,,
Andaman and Nicobar Islands,2021-08-25,247534,103030,350564,covid19india,,
Andaman and Nicobar Islands,2021-08-26,249788,103491,353279,covid19india,,
Andaman and Nicobar Islands,2021-08-27,251619,104010,355629,covid19india,,
Andaman and Nicobar Islands,2021-08-29,254459,104851,359310,covid19india,,
Andaman and Nicobar Islands,2021-08-30,255805,105042,360847,covid19india,,
Andaman and Nicobar Islands,2021-08-31,257495,105802,363297,covid19india,,
Andaman and Nicobar Islands,2021-09-01,258946,106378,365324,covid19india,,
Andaman and Nicobar Islands,2021-09-02,260237,107011,367248,covid19india,,
Andaman and Nicobar Islands,2021-09-03,261134,107514,368648,covid19india,,
Andaman and Nicobar Islands,2021-09-04,262154,108224,370378,covid19india,,
Andaman and Nicobar Islands,2021-09-05,262193,108239,370432,covid19india,,
Andaman and Nicobar Islands,2021-09-06,263057,109226,372283,covid19india,,
Andaman and Nicobar Islands,2021-09-07,264215,110115,374330,covid19india,,
Andaman and Nicobar Islands,2021-09-08,265589,110961,376550,covid19india,,
Andaman and Nicobar Islands,2021-09-09,267126,112124,379250,covid19india,,
Andaman and Nicobar Islands,2021-09-10,268265,112802,381067,covid19india,,
Andaman and Nicobar Islands,2021-09-11,269519,114036,383555,covid19india,,
Andaman and Nicobar Islands,2021-09-12,271358,114406,385764,covid19india,,
Andaman and Nicobar Islands,2021-09-13,273062,115236,388298,covid19india,,
Andaman and Nicobar Islands,2021-09-14,275024,117136,392160,covid19india,,
Andaman and Nicobar Islands,2021-09-15,278794,119491,398285,covid19india,,
Andaman and Nicobar Islands,2021-09-16,279634,122039,401673,covid19india,,
Andaman and Nicobar Islands,2021-09-17,283628,125298,408926,covid19india,,
Andaman and Nicobar Islands,2021-09-18,285173,129797,414970,covid19india,,
Andaman and Nicobar Islands,2021-09-19,286313,131393,417706,covid19india,,
Andaman and Nicobar Islands,2021-09-20,286761,134854,421615,covid19india,,
Andaman and Nicobar Islands,2021-09-21,287185,138962,426147,covid19india,,
Andaman and Nicobar Islands,2021-09-22,287532,142453,429985,covid19india,,
Andaman and Nicobar Islands,2021-09-23,287854,144530,432384,covid19india,,
Andaman and Nicobar Islands,2021-09-24,288184,146201,434385,covid19india,,
Andaman and Nicobar Islands,2021-09-25,288494,148044,436538,covid19india,,
Andaman and Nicobar Islands,2021-09-26,288523,148108,436631,covid19india,,
Andaman and Nicobar Islands,2021-09-27,288878,149622,438500,covid19india,,
Andaman and Nicobar Islands,2021-09-28,289147,150661,439808,covid19india,,
Andaman and Nicobar Islands,2021-09-29,289464,152144,441608,covid19india,,
Andaman and Nicobar Islands,2021-09-30,289728,153214,442942,covid19india,,
Andaman and Nicobar Islands,2021-10-01,289982,154279,444261,covid19india,,
Andaman and Nicobar Islands,2021-10-02,289999,154338,444337,covid19india,,
Andaman and Nicobar Islands,2021-10-03,289999,154348,444347,covid19india,,
Andaman and Nicobar Islands,2021-10-04,290292,156997,447289,covid19india,,
Andaman and Nicobar Islands,2021-10-05,290554,159221,449775,covid19india,,
Andaman and Nicobar Islands,2021-10-06,290847,161573,452420,covid19india,,
Andaman and Nicobar Islands,2021-10-07,291053,163437,454490,covid19india,,
Andaman and Nicobar Islands,2021-10-08,291239,165062,456301,covid19india,,
Andaman and Nicobar Islands,2021-10-09,291407,166657,458064,covid19india,,
Andaman and Nicobar Islands,2021-10-10,291428,166748,458176,covid19india,,
Andaman and Nicobar Islands,2021-10-11,291679,168154,459833,covid19india,,
Andhra Pradesh,2021-01-16,18412,0,18412,covid19india,,
Andhra Pradesh,2021-01-18,46680,0,46680,covid19india,,
Andhra Pradesh,2021-01-19,58495,0,58495,covid19india,,
Andhra Pradesh,2021-01-20,91778,0,91778,covid19india,,
Andhra Pradesh,2021-01-21,115365,0,115365,covid19india,,
Andhra Pradesh,2021-01-22,133298,0,133298,covid19india,,
Andhra Pradesh,2021-01-23,147030,0,147030,covid19india,,
Andhra Pradesh,2021-01-24,147030,0,147030,covid19india,,
Andhra Pradesh,2021-01-25,156120,0,156120,covid19india,,
Andhra Pradesh,2021-01-26,156129,0,156129,covid19india,,
Andhra Pradesh,2021-01-27,163727,0,163727,covid19india,,
Andhra Pradesh,2021-01-28,171683,0,171683,covid19india,,
Andhra Pradesh,2021-01-29,179038,0,179038,covid19india,,
Andhra Pradesh,2021-01-30,187252,0,187252,covid19india,,
Andhra Pradesh,2021-01-31,187252,0,187252,covid19india,,
Andhra Pradesh,2021-02-01,187252,0,187252,covid19india,,
Andhra Pradesh,2021-02-02,187252,0,187252,covid19india,,
Andhra Pradesh,2021-02-03,215171,0,215171,covid19india,,
Andhra Pradesh,2021-02-04,243243,0,243243,covid19india,,
Andhra Pradesh,2021-02-05,272190,0,272190,covid19india,,
Andhra Pradesh,2021-02-06,299649,0,299649,covid19india,,
Andhra Pradesh,2021-02-07,299649,0,299649,covid19india,,
Andhra Pradesh,2021-02-08,314316,0,314316,covid19india,,
Andhra Pradesh,2021-02-09,325538,0,325538,covid19india,,
Andhra Pradesh,2021-02-10,335268,0,335268,covid19india,,
Andhra Pradesh,2021-02-11,343813,0,343813,covid19india,,
Andhra Pradesh,2021-02-12,351993,0,351993,covid19india,,
Andhra Pradesh,2021-02-13,356521,5820,362341,covid19india,,
Andhra Pradesh,2021-02-14,356521,5820,362341,covid19india,,
Andhra Pradesh,2021-02-15,361814,14630,376444,covid19india,,
Andhra Pradesh,2021-02-16,366523,24142,390665,covid19india,,
Andhra Pradesh,2021-02-17,376308,35475,411783,covid19india,,
Andhra Pradesh,2021-02-18,386770,51996,438766,covid19india,,
Andhra Pradesh,2021-02-19,398108,71707,469815,covid19india,,
Andhra Pradesh,2021-02-20,407935,85536,493471,covid19india,,
Andhra Pradesh,2021-02-21,413678,89645,503323,covid19india,,
Andhra Pradesh,2021-02-22,427444,102376,529820,covid19india,,
Andhra Pradesh,2021-02-23,445327,111483,556810,covid19india,,
Andhra Pradesh,2021-02-24,472460,120443,592903,covid19india,,
Andhra Pradesh,2021-02-25,503858,130591,634449,covid19india,,
Andhra Pradesh,2021-02-26,529607,139337,668944,covid19india,,
Andhra Pradesh,2021-02-27,529607,139337,668944,covid19india,,
Andhra Pradesh,2021-02-28,529607,139337,668944,covid19india,,
Andhra Pradesh,2021-03-01,541202,142431,683633,covid19india,,
Andhra Pradesh,2021-03-02,554530,144834,699364,covid19india,,
Andhra Pradesh,2021-03-03,574200,148401,722601,covid19india,,
Andhra Pradesh,2021-03-04,594085,154853,748938,covid19india,,
Andhra Pradesh,2021-03-05,619712,166166,785878,covid19india,,
Andhra Pradesh,2021-03-06,651309,182716,834025,covid19india,,
Andhra Pradesh,2021-03-07,651309,182716,834025,covid19india,,
Andhra Pradesh,2021-03-08,686405,195839,882244,covid19india,,
Andhra Pradesh,2021-03-09,721786,208374,930160,covid19india,,
Andhra Pradesh,2021-03-10,756593,216646,973239,covid19india,,
Andhra Pradesh,2021-03-11,763896,217825,981721,covid19india,,
Andhra Pradesh,2021-03-12,804344,227582,1031926,covid19india,,
Andhra Pradesh,2021-03-13,844903,232910,1077813,covid19india,,
Andhra Pradesh,2021-03-14,844903,232910,1077813,covid19india,,
Andhra Pradesh,2021-03-15,917551,242265,1159816,covid19india,,
Andhra Pradesh,2021-03-16,980819,254463,1235282,covid19india,,
Andhra Pradesh,2021-03-17,1049415,266777,1316192,covid19india,,
Andhra Pradesh,2021-03-18,1129714,276341,1406055,covid19india,,
Andhra Pradesh,2021-03-19,1216366,287421,1503787,covid19india,,
Andhra Pradesh,2021-03-20,1312896,298188,1611084,covid19india,,
Andhra Pradesh,2021-03-21,1312896,298188,1611084,covid19india,,
Andhra Pradesh,2021-03-22,1434145,307733,1741878,covid19india,,
Andhra Pradesh,2021-03-23,1533631,316719,1850350,covid19india,,
Andhra Pradesh,2021-03-24,1643888,328146,1972034,covid19india,,
Andhra Pradesh,2021-03-25,1772829,341152,2113981,covid19india,,
Andhra Pradesh,2021-03-26,1865305,353748,2219053,covid19india,,
Andhra Pradesh,2021-03-27,1974734,367221,2341955,covid19india,,
Andhra Pradesh,2021-03-28,1981486,368793,2350279,covid19india,,
Andhra Pradesh,2021-03-29,2035410,372913,2408323,covid19india,,
Andhra Pradesh,2021-03-30,2121512,382967,2504479,covid19india,,
Andhra Pradesh,2021-03-31,2211816,393353,2605169,covid19india,,
Andhra Pradesh,2021-04-01,2328950,406552,2735502,covid19india,,
Andhra Pradesh,2021-04-02,2495977,411625,2907602,covid19india,,
Andhra Pradesh,2021-04-03,2585721,421747,3007468,covid19india,,
Andhra Pradesh,2021-04-04,2627356,426186,3053542,covid19india,,
Andhra Pradesh,2021-04-05,2739725,439362,3179087,covid19india,,
Andhra Pradesh,2021-04-06,2813650,452961,3266611,covid19india,,
Andhra Pradesh,2021-04-07,2924901,465089,3389990,covid19india,,
Andhra Pradesh,2021-04-08,3020636,476379,3497015,covid19india,,
Andhra Pradesh,2021-04-09,3081189,490044,3571233,covid19india,,
Andhra Pradesh,2021-04-10,3284504,522204,3806708,covid19india,,
Andhra Pradesh,2021-04-11,3363469,529534,3893003,covid19india,,
Andhra Pradesh,2021-04-12,3380467,533252,3913719,covid19india,,
Andhra Pradesh,2021-04-13,3383763,534766,3918529,covid19india,,
Andhra Pradesh,2021-04-14,3977725,585348,4563073,covid19india,,
Andhra Pradesh,2021-04-15,4004003,593574,4597577,covid19india,,
Andhra Pradesh,2021-04-16,4007551,596253,4603804,covid19india,,
Andhra Pradesh,2021-04-17,4010028,597947,4607975,covid19india,,
Andhra Pradesh,2021-04-18,4013148,599876,4613024,covid19india,,
Andhra Pradesh,2021-04-19,4140857,616127,4756984,covid19india,,
Andhra Pradesh,2021-04-20,4234813,692923,4927736,covid19india,,
Andhra Pradesh,2021-04-21,4257224,711280,4968504,covid19india,,
Andhra Pradesh,2021-04-22,4337751,992329,5330080,covid19india,,
Andhra Pradesh,2021-04-23,4464815,1090199,5555014,covid19india,,
Andhra Pradesh,2021-04-24,4543673,1126695,5670368,covid19india,,
Andhra Pradesh,2021-04-25,4547958,1130670,5678628,covid19india,,
Andhra Pradesh,2021-04-26,4762101,1224721,5986822,covid19india,,
Andhra Pradesh,2021-04-27,4904196,1273778,6177974,covid19india,,
Andhra Pradesh,2021-04-28,4955417,1327070,6282487,covid19india,,
Andhra Pradesh,2021-04-29,4988520,1365533,6354053,covid19india,,
Andhra Pradesh,2021-04-30,5112553,1467264,6579817,covid19india,,
Andhra Pradesh,2021-05-01,5178514,1521734,6700248,covid19india,,
Andhra Pradesh,2021-05-02,5176374,1519932,6696306,covid19india,,
Andhra Pradesh,2021-05-03,5192245,1536793,6729038,covid19india,,
Andhra Pradesh,2021-05-04,5198955,1543745,6742700,covid19india,,
Andhra Pradesh,2021-05-05,5242484,1673973,6916457,covid19india,,
Andhra Pradesh,2021-05-06,5275927,1794315,7070242,covid19india,,
Andhra Pradesh,2021-05-07,5305880,1861719,7167599,covid19india,,
Andhra Pradesh,2021-05-08,5321023,1973448,7294471,covid19india,,
Andhra Pradesh,2021-05-09,5326721,1981496,7308217,covid19india,,
Andhra Pradesh,2021-05-10,5327494,1982726,7310220,covid19india,,
Andhra Pradesh,2021-05-11,5328552,2011929,7340481,covid19india,,
Andhra Pradesh,2021-05-12,5330276,2043245,7373521,covid19india,,
Andhra Pradesh,2021-05-13,5332845,2080601,7413446,covid19india,,
Andhra Pradesh,2021-05-14,5333983,2094993,7428976,covid19india,,
Andhra Pradesh,2021-05-15,5336834,2165691,7502525,covid19india,,
Andhra Pradesh,2021-05-16,5337775,2175256,7513031,covid19india,,
Andhra Pradesh,2021-05-17,5344541,2224905,7569446,covid19india,,
Andhra Pradesh,2021-05-18,5349866,2279714,7629580,covid19india,,
Andhra Pradesh,2021-05-19,5356609,2303986,7660595,covid19india,,
Andhra Pradesh,2021-05-20,5539622,2317398,7857020,covid19india,,
Andhra Pradesh,2021-05-21,5548611,2339645,7888256,covid19india,,
Andhra Pradesh,2021-05-22,5558500,2347240,7905740,covid19india,,
Andhra Pradesh,2021-05-23,5565294,2349884,7915178,covid19india,,
Andhra Pradesh,2021-05-24,5657588,2365953,8023541,covid19india,,
Andhra Pradesh,2021-05-25,5781754,2374331,8156085,covid19india,,
Andhra Pradesh,2021-05-26,6076647,2383116,8459763,covid19india,,
Andhra Pradesh,2021-05-27,6646051,2394589,9040640,covid19india,,
Andhra Pradesh,2021-05-28,7075808,2412785,9488593,covid19india,,
Andhra Pradesh,2021-05-29,7270166,2481682,9751848,covid19india,,
Andhra Pradesh,2021-05-30,7282314,2484464,9766778,covid19india,,
Andhra Pradesh,2021-05-31,7350968,2512379,9863347,covid19india,,
Andhra Pradesh,2021-06-01,7543454,2529929,10073383,covid19india,,
Andhra Pradesh,2021-06-02,7678110,2547794,10225904,covid19india,,
Andhra Pradesh,2021-06-03,7783529,2554317,10337846,covid19india,,
Andhra Pradesh,2021-06-04,8128796,2567253,10696049,covid19india,,
Andhra Pradesh,2021-06-05,8215573,2572432,10788005,covid19india,,
Andhra Pradesh,2021-06-06,8275784,2576273,10852057,covid19india,,
Andhra Pradesh,2021-06-07,8408633,2583684,10992317,covid19india,,
Andhra Pradesh,2021-06-08,8449909,2587502,11037411,covid19india,,
Andhra Pradesh,2021-06-09,8627811,2596769,11224580,covid19india,,
Andhra Pradesh,2021-06-10,8875588,2604950,11480538,covid19india,,
Andhra Pradesh,2021-06-11,9066361,2610233,11676594,covid19india,,
Andhra Pradesh,2021-06-12,9231093,2619733,11850826,covid19india,,
Andhra Pradesh,2021-06-13,9306916,2622690,11929606,covid19india,,
Andhra Pradesh,2021-06-14,9668857,2635559,12304416,covid19india,,
Andhra Pradesh,2021-06-15,9748174,2640218,12388392,covid19india,,
Andhra Pradesh,2021-06-16,9776531,2643539,12420070,covid19india,,
Andhra Pradesh,2021-06-17,9797330,2645044,12442374,covid19india,,
Andhra Pradesh,2021-06-18,9816779,2648335,12465114,covid19india,,
Andhra Pradesh,2021-06-19,9841709,2651619,12493328,covid19india,,
Andhra Pradesh,2021-06-20,11194260,2738608,13932868,covid19india,,
Andhra Pradesh,2021-06-21,11250631,2744859,13995490,covid19india,,
Andhra Pradesh,2021-06-22,11288086,2750996,14039082,covid19india,,
Andhra Pradesh,2021-06-23,11315609,2758924,14074533,covid19india,,
Andhra Pradesh,2021-06-24,11534623,2816697,14351320,covid19india,,
Andhra Pradesh,2021-06-25,11681705,2844212,14525917,covid19india,,
Andhra Pradesh,2021-06-26,11921156,2906639,14827795,covid19india,,
Andhra Pradesh,2021-06-27,11958636,2910171,14868807,covid19india,,
Andhra Pradesh,2021-06-28,12120128,2974695,15094823,covid19india,,
Andhra Pradesh,2021-06-29,12347245,3042318,15389563,covid19india,,
Andhra Pradesh,2021-06-30,12588369,3116201,15704570,covid19india,,
Andhra Pradesh,2021-07-01,12805548,3180380,15985928,covid19india,,
Andhra Pradesh,2021-07-02,13099421,3233212,16332633,covid19india,,
Andhra Pradesh,2021-07-03,13172967,3268484,16441451,covid19india,,
Andhra Pradesh,2021-07-04,13188396,3271472,16459868,covid19india,,
Andhra Pradesh,2021-07-05,13264680,3317584,16582264,covid19india,,
Andhra Pradesh,2021-07-06,13298619,3335328,16633947,covid19india,,
Andhra Pradesh,2021-07-07,13322361,3354510,16676871,covid19india,,
Andhra Pradesh,2021-07-08,13347424,3368492,16715916,covid19india,,
Andhra Pradesh,2021-07-09,13372991,3379662,16752653,covid19india,,
Andhra Pradesh,2021-07-10,13472776,3473215,16945991,covid19india,,
Andhra Pradesh,2021-07-11,13530304,3524470,17054774,covid19india,,
Andhra Pradesh,2021-07-12,13680584,3677411,17357995,covid19india,,
Andhra Pradesh,2021-07-13,14063743,3772529,17836272,covid19india,,
Andhra Pradesh,2021-07-14,14191226,3849058,18040284,covid19india,,
Andhra Pradesh,2021-07-15,14242468,3887767,18130235,covid19india,,
Andhra Pradesh,2021-07-16,14395900,3996596,18392496,covid19india,,
Andhra Pradesh,2021-07-17,14507827,4118077,18625904,covid19india,,
Andhra Pradesh,2021-07-18,14513707,4135345,18649052,covid19india,,
Andhra Pradesh,2021-07-19,14559253,4238908,18798161,covid19india,,
Andhra Pradesh,2021-07-20,14668538,4368048,19036586,covid19india,,
Andhra Pradesh,2021-07-21,14739442,4415446,19154888,covid19india,,
Andhra Pradesh,2021-07-22,14818865,4506214,19325079,covid19india,,
Andhra Pradesh,2021-07-23,14871913,4601809,19473722,covid19india,,
Andhra Pradesh,2021-07-24,14910383,4655273,19565656,covid19india,,
Andhra Pradesh,2021-07-25,14913422,4657465,19570887,covid19india,,
Andhra Pradesh,2021-07-26,15735873,5021246,20757119,covid19india,,
Andhra Pradesh,2021-07-27,15829492,5099053,20928545,covid19india,,
Andhra Pradesh,2021-07-28,15860970,5164652,21025622,covid19india,,
Andhra Pradesh,2021-07-29,15906353,5267794,21174147,covid19india,,
Andhra Pradesh,2021-07-30,15950895,5463942,21414837,covid19india,,
Andhra Pradesh,2021-07-31,16286343,5574356,21860699,covid19india,,
Andhra Pradesh,2021-08-01,16301408,5586517,21887925,covid19india,,
Andhra Pradesh,2021-08-02,16571130,5733624,22304754,covid19india,,
Andhra Pradesh,2021-08-03,16676939,5800487,22477426,covid19india,,
Andhra Pradesh,2021-08-04,16786413,5864146,22650559,covid19india,,
Andhra Pradesh,2021-08-05,16890073,5933974,22824047,covid19india,,
Andhra Pradesh,2021-08-06,17319963,6070806,23390769,covid19india,,
Andhra Pradesh,2021-08-07,17479763,6141743,23621506,covid19india,,
Andhra Pradesh,2021-08-08,17533276,6167861,23701137,covid19india,,
Andhra Pradesh,2021-08-09,17633289,6216600,23849889,covid19india,,
Andhra Pradesh,2021-08-10,17826178,6298023,24124201,covid19india,,
Andhra Pradesh,2021-08-11,17895337,6338816,24234153,covid19india,,
Andhra Pradesh,2021-08-12,17974583,6363489,24338072,covid19india,,
Andhra Pradesh,2021-08-13,18354335,6444730,24799065,covid19india,,
Andhra Pradesh,2021-08-14,18516430,6485355,25001785,covid19india,,
Andhra Pradesh,2021-08-15,18556609,6502401,25059010,covid19india,,
Andhra Pradesh,2021-08-16,18769214,6582154,25351368,covid19india,,
Andhra Pradesh,2021-08-17,18967840,6653976,25621816,covid19india,,
Andhra Pradesh,2021-08-18,19112443,6717911,25830354,covid19india,,
Andhra Pradesh,2021-08-19,19235444,6810836,26046280,covid19india,,
Andhra Pradesh,2021-08-20,19265167,6833681,26098848,covid19india,,
Andhra Pradesh,2021-08-21,19398072,6979149,26377221,covid19india,,
Andhra Pradesh,2021-08-22,19407158,6985274,26392432,covid19india,,
Andhra Pradesh,2021-08-23,19537294,7080678,26617972,covid19india,,
Andhra Pradesh,2021-08-24,19683430,7196957,26880387,covid19india,,
Andhra Pradesh,2021-08-25,19797328,7300663,27097991,covid19india,,
Andhra Pradesh,2021-08-26,20000725,7462238,27462963,covid19india,,
Andhra Pradesh,2021-08-27,20166963,7630986,27797949,covid19india,,
Andhra Pradesh,2021-08-29,20884776,8054513,28939289,covid19india,,
Andhra Pradesh,2021-08-30,21143068,8187068,29330136,covid19india,,
Andhra Pradesh,2021-08-31,21985105,8594335,30579440,covid19india,,
Andhra Pradesh,2021-09-01,22205617,8696516,30902133,covid19india,,
Andhra Pradesh,2021-09-02,22280287,8757219,31037506,covid19india,,
Andhra Pradesh,2021-09-03,22311184,8825473,31136657,covid19india,,
Andhra Pradesh,2021-09-04,22353714,8909197,31262911,covid19india,,
Andhra Pradesh,2021-09-05,22370089,8929757,31299846,covid19india,,
Andhra Pradesh,2021-09-06,22673258,9349704,32022962,covid19india,,
Andhra Pradesh,2021-09-07,22756066,9448882,32204948,covid19india,,
Andhra Pradesh,2021-09-08,22780838,9478147,32258985,covid19india,,
Andhra Pradesh,2021-09-09,22795641,9498592,32294233,covid19india,,
Andhra Pradesh,2021-09-10,22800819,9505988,32306807,covid19india,,
Andhra Pradesh,2021-09-11,23265287,9917278,33182565,covid19india,,
Andhra Pradesh,2021-09-12,24075307,10663304,34738611,covid19india,,
Andhra Pradesh,2021-09-13,24330101,10854556,35184657,covid19india,,
Andhra Pradesh,2021-09-14,24440457,10932739,35373196,covid19india,,
Andhra Pradesh,2021-09-15,24504047,10990391,35494438,covid19india,,
Andhra Pradesh,2021-09-16,24619986,11091617,35711603,covid19india,,
Andhra Pradesh,2021-09-17,25213043,11614813,36827856,covid19india,,
Andhra Pradesh,2021-09-18,25380068,11768905,37148973,covid19india,,
Andhra Pradesh,2021-09-19,25390426,11778820,37169246,covid19india,,
Andhra Pradesh,2021-09-20,25757902,12228899,37986801,covid19india,,
Andhra Pradesh,2021-09-21,25955345,12425253,38380598,covid19india,,
Andhra Pradesh,2021-09-22,26024860,12509779,38534639,covid19india,,
Andhra Pradesh,2021-09-23,26157271,12660529,38817800,covid19india,,
Andhra Pradesh,2021-09-24,26211367,12719386,38930753,covid19india,,
Andhra Pradesh,2021-09-25,26240263,12755810,38996073,covid19india,,
Andhra Pradesh,2021-09-26,26331281,12825194,39156475,covid19india,,
Andhra Pradesh,2021-09-27,26636348,13100141,39736489,covid19india,,
Andhra Pradesh,2021-09-28,26823104,13239125,40062229,covid19india,,
Andhra Pradesh,2021-09-29,27224534,13599095,40823629,covid19india,,
Andhra Pradesh,2021-09-30,27390525,13706333,41096858,covid19india,,
Andhra Pradesh,2021-10-01,27754420,13964579,41718999,covid19india,,
Andhra Pradesh,2021-10-02,27999256,14203868,42203124,covid19india,,
Andhra Pradesh,2021-10-03,28049239,14231504,42280743,covid19india,,
Andhra Pradesh,2021-10-04,28257625,14396399,42654024,covid19india,,
Andhra Pradesh,2021-10-05,28327650,14494938,42822588,covid19india,,
Andhra Pradesh,2021-10-06,28376587,14568023,42944610,covid19india,,
Andhra Pradesh,2021-10-07,28462559,14671297,43133856,covid19india,,
Andhra Pradesh,2021-10-08,28789189,15042293,43831482,covid19india,,
Andhra Pradesh,2021-10-09,29038528,15395373,44433901,covid19india,,
Andhra Pradesh,2021-10-10,29100066,15467102,44567168,covid19india,,
Andhra Pradesh,2021-10-11,29271683,15701685,44973368,covid19india,,
Arunachal Pradesh,2021-01-16,829,0,829,covid19india,,
Arunachal Pradesh,2021-01-18,2805,0,2805,covid19india,,
Arunachal Pradesh,2021-01-19,2805,0,2805,covid19india,,
Arunachal Pradesh,2021-01-20,3023,0,3023,covid19india,,
Arunachal Pradesh,2021-01-21,4682,0,4682,covid19india,,
Arunachal Pradesh,2021-01-22,5956,0,5956,covid19india,,
Arunachal Pradesh,2021-01-23,6511,0,6511,covid19india,,
Arunachal Pradesh,2021-01-24,6511,0,6511,covid19india,,
Arunachal Pradesh,2021-01-25,7307,0,7307,covid19india,,
Arunachal Pradesh,2021-01-26,7307,0,7307,covid19india,,
Arunachal Pradesh,2021-01-27,7307,0,7307,covid19india,,
Arunachal Pradesh,2021-01-28,8656,0,8656,covid19india,,
Arunachal Pradesh,2021-01-29,9265,0,9265,covid19india,,
Arunachal Pradesh,2021-01-30,9651,0,9651,covid19india,,
Arunachal Pradesh,2021-01-31,9651,0,9651,covid19india,,
Arunachal Pradesh,2021-02-01,9791,0,9791,covid19india,,
Arunachal Pradesh,2021-02-02,9791,0,9791,covid19india,,
Arunachal Pradesh,2021-02-03,9846,0,9846,covid19india,,
Arunachal Pradesh,2021-02-04,10889,0,10889,covid19india,,
Arunachal Pradesh,2021-02-05,11834,0,11834,covid19india,,
Arunachal Pradesh,2021-02-06,12346,0,12346,covid19india,,
Arunachal Pradesh,2021-02-07,12346,0,12346,covid19india,,
Arunachal Pradesh,2021-02-08,13479,0,13479,covid19india,,
Arunachal Pradesh,2021-02-09,13480,0,13480,covid19india,,
Arunachal Pradesh,2021-02-10,13480,0,13480,covid19india,,
Arunachal Pradesh,2021-02-11,14322,0,14322,covid19india,,
Arunachal Pradesh,2021-02-12,15098,0,15098,covid19india,,
Arunachal Pradesh,2021-02-13,15633,461,16094,covid19india,,
Arunachal Pradesh,2021-02-14,15633,461,16094,covid19india,,
Arunachal Pradesh,2021-02-15,16613,1574,18187,covid19india,,
Arunachal Pradesh,2021-02-16,16613,1574,18187,covid19india,,
Arunachal Pradesh,2021-02-17,16613,1574,18187,covid19india,,
Arunachal Pradesh,2021-02-18,18359,2941,21300,covid19india,,
Arunachal Pradesh,2021-02-19,19608,3951,23559,covid19india,,
Arunachal Pradesh,2021-02-20,19702,4041,23743,covid19india,,
Arunachal Pradesh,2021-02-21,19702,4041,23743,covid19india,,
Arunachal Pradesh,2021-02-22,21318,5332,26650,covid19india,,
Arunachal Pradesh,2021-02-23,22419,5497,27916,covid19india,,
Arunachal Pradesh,2021-02-24,22433,5497,27930,covid19india,,
Arunachal Pradesh,2021-02-25,24193,6331,30524,covid19india,,
Arunachal Pradesh,2021-02-26,25379,6741,32120,covid19india,,
Arunachal Pradesh,2021-02-27,25379,6741,32120,covid19india,,
Arunachal Pradesh,2021-02-28,25379,6741,32120,covid19india,,
Arunachal Pradesh,2021-03-01,27572,7309,34881,covid19india,,
Arunachal Pradesh,2021-03-02,29580,7451,37031,covid19india,,
Arunachal Pradesh,2021-03-03,29711,7451,37162,covid19india,,
Arunachal Pradesh,2021-03-04,32733,8097,40830,covid19india,,
Arunachal Pradesh,2021-03-05,34966,8952,43918,covid19india,,
Arunachal Pradesh,2021-03-06,36210,9457,45667,covid19india,,
Arunachal Pradesh,2021-03-07,36210,9457,45667,covid19india,,
Arunachal Pradesh,2021-03-08,38211,10263,48474,covid19india,,
Arunachal Pradesh,2021-03-09,39733,10651,50384,covid19india,,
Arunachal Pradesh,2021-03-10,39733,10651,50384,covid19india,,
Arunachal Pradesh,2021-03-11,42096,11290,53386,covid19india,,
Arunachal Pradesh,2021-03-12,43894,11815,55709,covid19india,,
Arunachal Pradesh,2021-03-13,44808,12248,57056,covid19india,,
Arunachal Pradesh,2021-03-14,44808,12248,57056,covid19india,,
Arunachal Pradesh,2021-03-15,47306,13014,60320,covid19india,,
Arunachal Pradesh,2021-03-16,48684,13484,62168,covid19india,,
Arunachal Pradesh,2021-03-17,48684,13484,62168,covid19india,,
Arunachal Pradesh,2021-03-18,51214,14572,65786,covid19india,,
Arunachal Pradesh,2021-03-19,52721,15477,68198,covid19india,,
Arunachal Pradesh,2021-03-20,54050,15869,69919,covid19india,,
Arunachal Pradesh,2021-03-21,54050,15869,69919,covid19india,,
Arunachal Pradesh,2021-03-22,56605,16821,73426,covid19india,,
Arunachal Pradesh,2021-03-23,58099,17375,75474,covid19india,,
Arunachal Pradesh,2021-03-24,58119,17474,75593,covid19india,,
Arunachal Pradesh,2021-03-25,60663,18230,78893,covid19india,,
Arunachal Pradesh,2021-03-26,62551,18982,81533,covid19india,,
Arunachal Pradesh,2021-03-27,64272,19178,83450,covid19india,,
Arunachal Pradesh,2021-03-28,64272,19178,83450,covid19india,,
Arunachal Pradesh,2021-03-29,64618,19190,83808,covid19india,,
Arunachal Pradesh,2021-03-30,65951,19938,85889,covid19india,,
Arunachal Pradesh,2021-03-31,65951,19938,85889,covid19india,,
Arunachal Pradesh,2021-04-01,71504,21655,93159,covid19india,,
Arunachal Pradesh,2021-04-02,77143,23083,100226,covid19india,,
Arunachal Pradesh,2021-04-03,80367,24069,104436,covid19india,,
Arunachal Pradesh,2021-04-04,81893,24373,106266,covid19india,,
Arunachal Pradesh,2021-04-05,83411,24181,107592,covid19india,,
Arunachal Pradesh,2021-04-06,86864,25402,112266,covid19india,,
Arunachal Pradesh,2021-04-07,88250,25781,114031,covid19india,,
Arunachal Pradesh,2021-04-08,93105,27292,120397,covid19india,,
Arunachal Pradesh,2021-04-09,97952,28525,126477,covid19india,,
Arunachal Pradesh,2021-04-10,101758,29546,131304,covid19india,,
Arunachal Pradesh,2021-04-11,105089,30010,135099,covid19india,,
Arunachal Pradesh,2021-04-12,112658,31586,144244,covid19india,,
Arunachal Pradesh,2021-04-13,118869,33024,151893,covid19india,,
Arunachal Pradesh,2021-04-14,124509,33702,158211,covid19india,,
Arunachal Pradesh,2021-04-15,127072,34211,161283,covid19india,,
Arunachal Pradesh,2021-04-16,130828,35887,166715,covid19india,,
Arunachal Pradesh,2021-04-17,134090,36852,170942,covid19india,,
Arunachal Pradesh,2021-04-18,135397,37272,172669,covid19india,,
Arunachal Pradesh,2021-04-19,140794,39493,180287,covid19india,,
Arunachal Pradesh,2021-04-20,145144,40927,186071,covid19india,,
Arunachal Pradesh,2021-04-21,148714,41786,190500,covid19india,,
Arunachal Pradesh,2021-04-22,154057,43521,197578,covid19india,,
Arunachal Pradesh,2021-04-23,159197,45345,204542,covid19india,,
Arunachal Pradesh,2021-04-24,162665,46515,209180,covid19india,,
Arunachal Pradesh,2021-04-25,163544,46801,210345,covid19india,,
Arunachal Pradesh,2021-04-26,168237,48709,216946,covid19india,,
Arunachal Pradesh,2021-04-27,172237,49922,222159,covid19india,,
Arunachal Pradesh,2021-04-28,176893,50965,227858,covid19india,,
Arunachal Pradesh,2021-04-29,182172,52555,234727,covid19india,,
Arunachal Pradesh,2021-04-30,187159,54324,241483,covid19india,,
Arunachal Pradesh,2021-05-01,189935,55698,245633,covid19india,,
Arunachal Pradesh,2021-05-02,190516,56066,246582,covid19india,,
Arunachal Pradesh,2021-05-03,193635,58650,252285,covid19india,,
Arunachal Pradesh,2021-05-04,196075,60445,256520,covid19india,,
Arunachal Pradesh,2021-05-05,198919,62436,261355,covid19india,,
Arunachal Pradesh,2021-05-06,202234,64735,266969,covid19india,,
Arunachal Pradesh,2021-05-07,204766,67424,272190,covid19india,,
Arunachal Pradesh,2021-05-08,206638,69838,276476,covid19india,,
Arunachal Pradesh,2021-05-09,207216,70509,277725,covid19india,,
Arunachal Pradesh,2021-05-10,209450,74087,283537,covid19india,,
Arunachal Pradesh,2021-05-11,211059,76144,287203,covid19india,,
Arunachal Pradesh,2021-05-12,212634,76499,289133,covid19india,,
Arunachal Pradesh,2021-05-13,214480,77223,291703,covid19india,,
Arunachal Pradesh,2021-05-14,215661,77566,293227,covid19india,,
Arunachal Pradesh,2021-05-15,217039,77802,294841,covid19india,,
Arunachal Pradesh,2021-05-16,217451,77805,295256,covid19india,,
Arunachal Pradesh,2021-05-17,222938,77835,300773,covid19india,,
Arunachal Pradesh,2021-05-18,228541,77880,306421,covid19india,,
Arunachal Pradesh,2021-05-19,233711,77888,311599,covid19india,,
Arunachal Pradesh,2021-05-20,240174,77918,318092,covid19india,,
Arunachal Pradesh,2021-05-21,243357,77928,321285,covid19india,,
Arunachal Pradesh,2021-05-22,245141,78008,323149,covid19india,,
Arunachal Pradesh,2021-05-23,245968,78008,323976,covid19india,,
Arunachal Pradesh,2021-05-24,248977,78030,327007,covid19india,,
Arunachal Pradesh,2021-05-25,250445,78100,328545,covid19india,,
Arunachal Pradesh,2021-05-26,251246,78111,329357,covid19india,,
Arunachal Pradesh,2021-05-27,252177,78125,330302,covid19india,,
Arunachal Pradesh,2021-05-28,253267,78208,331475,covid19india,,
Arunachal Pradesh,2021-05-29,254387,78270,332657,covid19india,,
Arunachal Pradesh,2021-05-30,254719,78272,332991,covid19india,,
Arunachal Pradesh,2021-05-31,255589,78329,333918,covid19india,,
Arunachal Pradesh,2021-06-01,258147,78397,336544,covid19india,,
Arunachal Pradesh,2021-06-02,264766,78464,343230,covid19india,,
Arunachal Pradesh,2021-06-03,272795,78541,351336,covid19india,,
Arunachal Pradesh,2021-06-04,284306,78575,362881,covid19india,,
Arunachal Pradesh,2021-06-05,294099,78600,372699,covid19india,,
Arunachal Pradesh,2021-06-06,298065,78613,376678,covid19india,,
Arunachal Pradesh,2021-06-07,305911,78679,384590,covid19india,,
Arunachal Pradesh,2021-06-08,311171,78725,389896,covid19india,,
Arunachal Pradesh,2021-06-09,316900,78796,395696,covid19india,,
Arunachal Pradesh,2021-06-10,321595,78911,400506,covid19india,,
Arunachal Pradesh,2021-06-11,326434,78990,405424,covid19india,,
Arunachal Pradesh,2021-06-12,331398,79029,410427,covid19india,,
Arunachal Pradesh,2021-06-13,335535,79041,414576,covid19india,,
Arunachal Pradesh,2021-06-14,341767,79111,420878,covid19india,,
Arunachal Pradesh,2021-06-15,346913,79233,426146,covid19india,,
Arunachal Pradesh,2021-06-16,359690,79354,439044,covid19india,,
Arunachal Pradesh,2021-06-17,374323,79433,453756,covid19india,,
Arunachal Pradesh,2021-06-18,389574,79504,469078,covid19india,,
Arunachal Pradesh,2021-06-19,398437,79619,478056,covid19india,,
Arunachal Pradesh,2021-06-20,400760,79633,480393,covid19india,,
Arunachal Pradesh,2021-06-21,414338,79760,494098,covid19india,,
Arunachal Pradesh,2021-06-22,425065,80011,505076,covid19india,,
Arunachal Pradesh,2021-06-23,436924,80118,517042,covid19india,,
Arunachal Pradesh,2021-06-24,448567,80580,529147,covid19india,,
Arunachal Pradesh,2021-06-25,460067,80744,540811,covid19india,,
Arunachal Pradesh,2021-06-26,470285,81339,551624,covid19india,,
Arunachal Pradesh,2021-06-27,475959,81866,557825,covid19india,,
Arunachal Pradesh,2021-06-28,490293,82977,573270,covid19india,,
Arunachal Pradesh,2021-06-29,496872,83739,580611,covid19india,,
Arunachal Pradesh,2021-06-30,509275,84530,593805,covid19india,,
Arunachal Pradesh,2021-07-01,518578,85707,604285,covid19india,,
Arunachal Pradesh,2021-07-02,527049,87483,614532,covid19india,,
Arunachal Pradesh,2021-07-03,534374,89461,623835,covid19india,,
Arunachal Pradesh,2021-07-04,538852,90277,629129,covid19india,,
Arunachal Pradesh,2021-07-05,549638,94056,643694,covid19india,,
Arunachal Pradesh,2021-07-06,556791,97418,654209,covid19india,,
Arunachal Pradesh,2021-07-07,566001,101318,667319,covid19india,,
Arunachal Pradesh,2021-07-08,574763,104981,679744,covid19india,,
Arunachal Pradesh,2021-07-09,583283,108549,691832,covid19india,,
Arunachal Pradesh,2021-07-10,590034,111666,701700,covid19india,,
Arunachal Pradesh,2021-07-11,593409,112679,706088,covid19india,,
Arunachal Pradesh,2021-07-12,600181,117004,717185,covid19india,,
Arunachal Pradesh,2021-07-13,607036,120871,727907,covid19india,,
Arunachal Pradesh,2021-07-14,611880,124519,736399,covid19india,,
Arunachal Pradesh,2021-07-15,617911,129122,747033,covid19india,,
Arunachal Pradesh,2021-07-16,623199,133302,756501,covid19india,,
Arunachal Pradesh,2021-07-17,627397,136454,763851,covid19india,,
Arunachal Pradesh,2021-07-18,629672,137391,767063,covid19india,,
Arunachal Pradesh,2021-07-19,635285,141833,777118,covid19india,,
Arunachal Pradesh,2021-07-20,638807,145038,783845,covid19india,,
Arunachal Pradesh,2021-07-21,642785,148586,791371,covid19india,,
Arunachal Pradesh,2021-07-22,646169,152550,798719,covid19india,,
Arunachal Pradesh,2021-07-23,650132,156649,806781,covid19india,,
Arunachal Pradesh,2021-07-24,653436,159286,812722,covid19india,,
Arunachal Pradesh,2021-07-25,655202,159916,815118,covid19india,,
Arunachal Pradesh,2021-07-26,659025,163154,822179,covid19india,,
Arunachal Pradesh,2021-07-27,661611,165286,826897,covid19india,,
Arunachal Pradesh,2021-07-28,664317,167939,832256,covid19india,,
Arunachal Pradesh,2021-07-29,666567,170252,836819,covid19india,,
Arunachal Pradesh,2021-07-30,669044,172718,841762,covid19india,,
Arunachal Pradesh,2021-07-31,671928,174567,846495,covid19india,,
Arunachal Pradesh,2021-08-01,672715,174809,847524,covid19india,,
Arunachal Pradesh,2021-08-02,676044,176747,852791,covid19india,,
Arunachal Pradesh,2021-08-03,678343,178001,856344,covid19india,,
Arunachal Pradesh,2021-08-04,680809,179503,860312,covid19india,,
Arunachal Pradesh,2021-08-05,683272,181201,864473,covid19india,,
Arunachal Pradesh,2021-08-06,685988,182384,868372,covid19india,,
Arunachal Pradesh,2021-08-07,688074,183403,871477,covid19india,,
Arunachal Pradesh,2021-08-08,689352,183631,872983,covid19india,,
Arunachal Pradesh,2021-08-09,692532,186724,879256,covid19india,,
Arunachal Pradesh,2021-08-10,694525,189292,883817,covid19india,,
Arunachal Pradesh,2021-08-11,696355,192480,888835,covid19india,,
Arunachal Pradesh,2021-08-12,698332,195573,893905,covid19india,,
Arunachal Pradesh,2021-08-13,699953,198073,898026,covid19india,,
Arunachal Pradesh,2021-08-14,700995,199738,900733,covid19india,,
Arunachal Pradesh,2021-08-15,701584,199969,901553,covid19india,,
Arunachal Pradesh,2021-08-16,703022,202821,905843,covid19india,,
Arunachal Pradesh,2021-08-17,704206,204773,908979,covid19india,,
Arunachal Pradesh,2021-08-18,705987,206594,912581,covid19india,,
Arunachal Pradesh,2021-08-19,707244,208394,915638,covid19india,,
Arunachal Pradesh,2021-08-20,708608,209946,918554,covid19india,,
Arunachal Pradesh,2021-08-21,709556,211368,920924,covid19india,,
Arunachal Pradesh,2021-08-22,710017,211521,921538,covid19india,,
Arunachal Pradesh,2021-08-23,711695,213308,925003,covid19india,,
Arunachal Pradesh,2021-08-24,712975,215096,928071,covid19india,,
Arunachal Pradesh,2021-08-25,714611,217783,932394,covid19india,,
Arunachal Pradesh,2021-08-26,716111,221003,937114,covid19india,,
Arunachal Pradesh,2021-08-27,718289,225272,943561,covid19india,,
Arunachal Pradesh,2021-08-29,721074,232059,953133,covid19india,,
Arunachal Pradesh,2021-08-30,723981,238143,962124,covid19india,,
Arunachal Pradesh,2021-08-31,726439,242902,969341,covid19india,,
Arunachal Pradesh,2021-09-01,728217,246455,974672,covid19india,,
Arunachal Pradesh,2021-09-02,729444,250218,979662,covid19india,,
Arunachal Pradesh,2021-09-03,730607,254158,984765,covid19india,,
Arunachal Pradesh,2021-09-04,731911,257781,989692,covid19india,,
Arunachal Pradesh,2021-09-05,732281,258857,991138,covid19india,,
Arunachal Pradesh,2021-09-06,733780,264120,997900,covid19india,,
Arunachal Pradesh,2021-09-07,734660,267459,1002119,covid19india,,
Arunachal Pradesh,2021-09-08,735800,272483,1008283,covid19india,,
Arunachal Pradesh,2021-09-09,736768,277565,1014333,covid19india,,
Arunachal Pradesh,2021-09-10,737712,283040,1020752,covid19india,,
Arunachal Pradesh,2021-09-11,738584,287527,1026111,covid19india,,
Arunachal Pradesh,2021-09-12,738725,288298,1027023,covid19india,,
Arunachal Pradesh,2021-09-13,740051,296982,1037033,covid19india,,
Arunachal Pradesh,2021-09-14,741067,303519,1044586,covid19india,,
Arunachal Pradesh,2021-09-15,741944,310846,1052790,covid19india,,
Arunachal Pradesh,2021-09-16,742800,317408,1060208,covid19india,,
Arunachal Pradesh,2021-09-17,743255,321389,1064644,covid19india,,
Arunachal Pradesh,2021-09-18,744131,328215,1072346,covid19india,,
Arunachal Pradesh,2021-09-19,744261,329318,1073579,covid19india,,
Arunachal Pradesh,2021-09-20,745454,340361,1085815,covid19india,,
Arunachal Pradesh,2021-09-21,746444,349197,1095641,covid19india,,
Arunachal Pradesh,2021-09-22,747590,357555,1105145,covid19india,,
Arunachal Pradesh,2021-09-23,748706,366774,1115480,covid19india,,
Arunachal Pradesh,2021-09-24,749994,376197,1126191,covid19india,,
Arunachal Pradesh,2021-09-25,751045,383577,1134622,covid19india,,
Arunachal Pradesh,2021-09-26,751290,385774,1137064,covid19india,,
Arunachal Pradesh,2021-09-27,752573,396113,1148686,covid19india,,
Arunachal Pradesh,2021-09-28,753757,403423,1157180,covid19india,,
Arunachal Pradesh,2021-09-29,754746,410636,1165382,covid19india,,
Arunachal Pradesh,2021-09-30,755872,417765,1173637,covid19india,,
Arunachal Pradesh,2021-10-01,756873,424631,1181504,covid19india,,
Arunachal Pradesh,2021-10-02,757153,426799,1183952,covid19india,,
Arunachal Pradesh,2021-10-03,757188,427467,1184655,covid19india,,
Arunachal Pradesh,2021-10-04,758531,436189,1194720,covid19india,,
Arunachal Pradesh,2021-10-05,759539,442750,1202289,covid19india,,
Arunachal Pradesh,2021-10-06,760413,448362,1208775,covid19india,,
Arunachal Pradesh,2021-10-07,761383,454807,1216190,covid19india,,
Arunachal Pradesh,2021-10-08,762075,460296,1222371,covid19india,,
Arunachal Pradesh,2021-10-09,762697,464916,1227613,covid19india,,
Arunachal Pradesh,2021-10-10,762870,465780,1228650,covid19india,,
Arunachal Pradesh,2021-10-11,763867,473082,1236949,covid19india,,
Assam,2021-01-16,3528,0,3528,covid19india,,
Assam,2021-01-18,5542,0,5542,covid19india,,
Assam,2021-01-19,7418,0,7418,covid19india,,
Assam,2021-01-20,7585,0,7585,covid19india,,
Assam,2021-01-21,10676,0,10676,covid19india,,
Assam,2021-01-22,13881,0,13881,covid19india,,
Assam,2021-01-23,13881,0,13881,covid19india,,
Assam,2021-01-24,13881,0,13881,covid19india,,
Assam,2021-01-25,19837,0,19837,covid19india,,
Assam,2021-01-26,19837,0,19837,covid19india,,
Assam,2021-01-27,19945,0,19945,covid19india,,
Assam,2021-01-28,28918,0,28918,covid19india,,
Assam,2021-01-29,36932,0,36932,covid19india,,
Assam,2021-01-30,38106,0,38106,covid19india,,
Assam,2021-01-31,38106,0,38106,covid19india,,
Assam,2021-02-01,39724,0,39724,covid19india,,
Assam,2021-02-02,42435,0,42435,covid19india,,
Assam,2021-02-03,43607,0,43607,covid19india,,
Assam,2021-02-04,60556,0,60556,covid19india,,
Assam,2021-02-05,77225,0,77225,covid19india,,
Assam,2021-02-06,87269,0,87269,covid19india,,
Assam,2021-02-07,88585,0,88585,covid19india,,
Assam,2021-02-08,99889,0,99889,covid19india,,
Assam,2021-02-09,108887,0,108887,covid19india,,
Assam,2021-02-10,110977,0,110977,covid19india,,
Assam,2021-02-11,117607,0,117607,covid19india,,
Assam,2021-02-12,125038,0,125038,covid19india,,
Assam,2021-02-13,127566,2215,129781,covid19india,,
Assam,2021-02-14,127658,2215,129873,covid19india,,
Assam,2021-02-15,128613,3862,132475,covid19india,,
Assam,2021-02-16,130058,5361,135419,covid19india,,
Assam,2021-02-17,131651,5573,137224,covid19india,,
Assam,2021-02-18,138795,7953,146748,covid19india,,
Assam,2021-02-19,147368,10164,157532,covid19india,,
Assam,2021-02-20,153259,11050,164309,covid19india,,
Assam,2021-02-21,154754,11050,165804,covid19india,,
Assam,2021-02-22,165110,13992,179102,covid19india,,
Assam,2021-02-23,175185,15189,190374,covid19india,,
Assam,2021-02-24,179625,15795,195420,covid19india,,
Assam,2021-02-25,189569,21468,211037,covid19india,,
Assam,2021-02-26,195906,27675,223581,covid19india,,
Assam,2021-02-27,195906,27675,223581,covid19india,,
Assam,2021-02-28,195906,27675,223581,covid19india,,
Assam,2021-03-01,201640,29159,230799,covid19india,,
Assam,2021-03-02,220573,30730,251303,covid19india,,
Assam,2021-03-03,238570,31836,270406,covid19india,,
Assam,2021-03-04,279061,37045,316106,covid19india,,
Assam,2021-03-05,312558,45061,357619,covid19india,,
Assam,2021-03-06,343888,50513,394401,covid19india,,
Assam,2021-03-07,354334,51060,405394,covid19india,,
Assam,2021-03-08,382808,58891,441699,covid19india,,
Assam,2021-03-09,404131,65256,469387,covid19india,,
Assam,2021-03-10,419158,68981,488139,covid19india,,
Assam,2021-03-11,436022,72959,508981,covid19india,,
Assam,2021-03-12,450937,77240,528177,covid19india,,
Assam,2021-03-13,459599,79314,538913,covid19india,,
Assam,2021-03-14,459911,79343,539254,covid19india,,
Assam,2021-03-15,478158,84368,562526,covid19india,,
Assam,2021-03-16,492729,87966,580695,covid19india,,
Assam,2021-03-17,501357,89481,590838,covid19india,,
Assam,2021-03-18,516647,93180,609827,covid19india,,
Assam,2021-03-19,529704,98114,627818,covid19india,,
Assam,2021-03-20,542374,102817,645191,covid19india,,
Assam,2021-03-21,544139,103130,647269,covid19india,,
Assam,2021-03-22,568778,109881,678659,covid19india,,
Assam,2021-03-23,692538,118081,810619,covid19india,,
Assam,2021-03-24,716328,120799,837127,covid19india,,
Assam,2021-03-25,798627,127723,926350,covid19india,,
Assam,2021-03-26,854733,132071,986804,covid19india,,
Assam,2021-03-27,870710,133328,1004038,covid19india,,
Assam,2021-03-28,870902,133346,1004248,covid19india,,
Assam,2021-03-29,873157,133546,1006703,covid19india,,
Assam,2021-03-30,901311,137991,1039302,covid19india,,
Assam,2021-03-31,908707,140267,1048974,covid19india,,
Assam,2021-04-01,937673,146070,1083743,covid19india,,
Assam,2021-04-02,1003488,163636,1167124,covid19india,,
Assam,2021-04-03,1033247,172811,1206058,covid19india,,
Assam,2021-04-04,1045431,175508,1220939,covid19india,,
Assam,2021-04-05,1087024,189358,1276382,covid19india,,
Assam,2021-04-06,1121967,198977,1320944,covid19india,,
Assam,2021-04-07,1138046,206862,1344908,covid19india,,
Assam,2021-04-08,1182238,223442,1405680,covid19india,,
Assam,2021-04-09,1215771,238806,1454577,covid19india,,
Assam,2021-04-10,1236253,250041,1486294,covid19india,,
Assam,2021-04-11,1244430,254299,1498729,covid19india,,
Assam,2021-04-12,1263456,267581,1531037,covid19india,,
Assam,2021-04-13,1274783,275330,1550113,covid19india,,
Assam,2021-04-14,1276967,276936,1553903,covid19india,,
Assam,2021-04-15,1277867,277594,1555461,covid19india,,
Assam,2021-04-16,1283012,281478,1564490,covid19india,,
Assam,2021-04-17,1295693,290745,1586438,covid19india,,
Assam,2021-04-18,1303062,294473,1597535,covid19india,,
Assam,2021-04-19,1352132,325637,1677769,covid19india,,
Assam,2021-04-20,1416049,355511,1771560,covid19india,,
Assam,2021-04-21,1455272,370040,1825312,covid19india,,
Assam,2021-04-22,1510540,390299,1900839,covid19india,,
Assam,2021-04-23,1557736,404015,1961751,covid19india,,
Assam,2021-04-24,1593261,412917,2006178,covid19india,,
Assam,2021-04-25,1605276,415466,2020742,covid19india,,
Assam,2021-04-26,1665104,440684,2105788,covid19india,,
Assam,2021-04-27,1729878,464022,2193900,covid19india,,
Assam,2021-04-28,1768084,476035,2244119,covid19india,,
Assam,2021-04-29,1848344,502816,2351160,covid19india,,
Assam,2021-04-30,1950117,534496,2484613,covid19india,,
Assam,2021-05-01,2018850,554699,2573549,covid19india,,
Assam,2021-05-02,2033507,556769,2590276,covid19india,,
Assam,2021-05-03,2094437,578883,2673320,covid19india,,
Assam,2021-05-04,2147838,598670,2746508,covid19india,,
Assam,2021-05-05,2170773,608916,2779689,covid19india,,
Assam,2021-05-06,2204065,623496,2827561,covid19india,,
Assam,2021-05-07,2267864,641676,2909540,covid19india,,
Assam,2021-05-08,2334686,656209,2990895,covid19india,,
Assam,2021-05-09,2354056,660218,3014274,covid19india,,
Assam,2021-05-10,2418087,685832,3103919,covid19india,,
Assam,2021-05-11,2469020,709001,3178021,covid19india,,
Assam,2021-05-12,2499093,714213,3213306,covid19india,,
Assam,2021-05-13,2535166,723125,3258291,covid19india,,
Assam,2021-05-14,2556805,726365,3283170,covid19india,,
Assam,2021-05-15,2609305,729717,3339022,covid19india,,
Assam,2021-05-16,2648044,730261,3378305,covid19india,,
Assam,2021-05-17,2708136,740123,3448259,covid19india,,
Assam,2021-05-18,2759467,748119,3507586,covid19india,,
Assam,2021-05-19,2792170,752691,3544861,covid19india,,
Assam,2021-05-20,2859742,760376,3620118,covid19india,,
Assam,2021-05-21,2897835,767198,3665033,covid19india,,
Assam,2021-05-22,2937340,777418,3714758,covid19india,,
Assam,2021-05-23,2972428,780858,3753286,covid19india,,
Assam,2021-05-24,3033982,796080,3830062,covid19india,,
Assam,2021-05-25,3090486,808417,3898903,covid19india,,
Assam,2021-05-26,3121334,813577,3934911,covid19india,,
Assam,2021-05-27,3162510,819055,3981565,covid19india,,
Assam,2021-05-28,3203869,823443,4027312,covid19india,,
Assam,2021-05-29,3246474,827224,4073698,covid19india,,
Assam,2021-05-30,3264939,828758,4093697,covid19india,,
Assam,2021-05-31,3304145,833156,4137301,covid19india,,
Assam,2021-06-01,3336812,837436,4174248,covid19india,,
Assam,2021-06-02,3358720,840291,4199011,covid19india,,
Assam,2021-06-03,3392200,842935,4235135,covid19india,,
Assam,2021-06-04,3428393,845254,4273647,covid19india,,
Assam,2021-06-05,3466499,847751,4314250,covid19india,,
Assam,2021-06-06,3487964,850335,4338299,covid19india,,
Assam,2021-06-07,3532489,855435,4387924,covid19india,,
Assam,2021-06-08,3588430,860578,4449008,covid19india,,
Assam,2021-06-09,3622048,868070,4490118,covid19india,,
Assam,2021-06-10,3692774,890211,4582985,covid19india,,
Assam,2021-06-11,3766639,904555,4671194,covid19india,,
Assam,2021-06-12,3837392,917265,4754657,covid19india,,
Assam,2021-06-13,3878327,928155,4806482,covid19india,,
Assam,2021-06-14,3933962,954251,4888213,covid19india,,
Assam,2021-06-15,3979279,967540,4946819,covid19india,,
Assam,2021-06-16,4012662,980081,4992743,covid19india,,
Assam,2021-06-17,4081464,1002414,5083878,covid19india,,
Assam,2021-06-18,4170576,1030596,5201172,covid19india,,
Assam,2021-06-19,4264324,1055182,5319506,covid19india,,
Assam,2021-06-20,4289772,1065467,5355239,covid19india,,
Assam,2021-06-21,4633660,1085784,5719444,covid19india,,
Assam,2021-06-22,4877830,1102926,5980756,covid19india,,
Assam,2021-06-23,5227301,1120548,6347849,covid19india,,
Assam,2021-06-24,5378063,1135046,6513109,covid19india,,
Assam,2021-06-25,5536768,1152586,6689354,covid19india,,
Assam,2021-06-26,5659088,1182871,6841959,covid19india,,
Assam,2021-06-27,5668538,1186267,6854805,covid19india,,
Assam,2021-06-28,5765634,1211485,6977119,covid19india,,
Assam,2021-06-29,5785198,1223549,7008747,covid19india,,
Assam,2021-06-30,5792114,1230867,7022981,covid19india,,
Assam,2021-07-01,5958059,1249746,7207805,covid19india,,
Assam,2021-07-02,6171965,1275928,7447893,covid19india,,
Assam,2021-07-03,6303714,1294608,7598322,covid19india,,
Assam,2021-07-04,6330124,1299534,7629658,covid19india,,
Assam,2021-07-05,6380471,1309982,7690453,covid19india,,
Assam,2021-07-06,6396900,1315716,7712616,covid19india,,
Assam,2021-07-07,6402566,1318030,7720596,covid19india,,
Assam,2021-07-08,6409358,1320968,7730326,covid19india,,
Assam,2021-07-09,6462377,1328658,7791035,covid19india,,
Assam,2021-07-10,6566338,1345122,7911460,covid19india,,
Assam,2021-07-11,6664502,1352045,8016547,covid19india,,
Assam,2021-07-12,6897620,1369094,8266714,covid19india,,
Assam,2021-07-13,6988194,1384441,8372635,covid19india,,
Assam,2021-07-14,7042767,1432392,8475159,covid19india,,
Assam,2021-07-15,7073864,1470340,8544204,covid19india,,
Assam,2021-07-16,7145771,1497988,8643759,covid19india,,
Assam,2021-07-17,7237347,1526782,8764129,covid19india,,
Assam,2021-07-18,7250360,1532179,8782539,covid19india,,
Assam,2021-07-19,7382885,1557222,8940107,covid19india,,
Assam,2021-07-20,7498423,1587248,9085671,covid19india,,
Assam,2021-07-21,7532422,1595903,9128325,covid19india,,
Assam,2021-07-22,7697838,1641219,9339057,covid19india,,
Assam,2021-07-23,7851373,1683402,9534775,covid19india,,
Assam,2021-07-24,7958759,1711690,9670449,covid19india,,
Assam,2021-07-25,8008537,1725004,9733541,covid19india,,
Assam,2021-07-26,8204101,1782065,9986166,covid19india,,
Assam,2021-07-27,8395375,1840878,10236253,covid19india,,
Assam,2021-07-28,8476245,1865465,10341710,covid19india,,
Assam,2021-07-29,8561411,1888652,10450063,covid19india,,
Assam,2021-07-30,8623808,1911166,10534974,covid19india,,
Assam,2021-07-31,8753397,1929881,10683278,covid19india,,
Assam,2021-08-01,8878074,1949091,10827165,covid19india,,
Assam,2021-08-02,9152495,1988471,11140966,covid19india,,
Assam,2021-08-03,9412807,2024421,11437228,covid19india,,
Assam,2021-08-04,9536378,2045789,11582167,covid19india,,
Assam,2021-08-05,9771011,2081986,11852997,covid19india,,
Assam,2021-08-06,9977914,2111716,12089630,covid19india,,
Assam,2021-08-07,10193016,2150461,12343477,covid19india,,
Assam,2021-08-08,10262204,2161640,12423844,covid19india,,
Assam,2021-08-09,10510804,2209605,12720409,covid19india,,
Assam,2021-08-10,10706685,2259908,12966593,covid19india,,
Assam,2021-08-11,10775036,2290972,13066008,covid19india,,
Assam,2021-08-12,10920874,2336262,13257136,covid19india,,
Assam,2021-08-13,11144693,2386260,13530953,covid19india,,
Assam,2021-08-14,11432960,2443107,13876067,covid19india,,
Assam,2021-08-15,11556079,2468281,14024360,covid19india,,
Assam,2021-08-16,11861415,2521016,14382431,covid19india,,
Assam,2021-08-17,12241611,2582327,14823938,covid19india,,
Assam,2021-08-18,12367622,2611929,14979551,covid19india,,
Assam,2021-08-19,12529234,2650237,15179471,covid19india,,
Assam,2021-08-20,12668471,2687233,15355704,covid19india,,
Assam,2021-08-21,12779066,2727638,15506704,covid19india,,
Assam,2021-08-22,12806451,2738154,15544605,covid19india,,
Assam,2021-08-23,13029750,2797117,15826867,covid19india,,
Assam,2021-08-24,13248139,2848557,16096696,covid19india,,
Assam,2021-08-25,13360859,2879165,16240024,covid19india,,
Assam,2021-08-26,13561304,2925902,16487206,covid19india,,
Assam,2021-08-27,13776584,2974963,16751547,covid19india,,
Assam,2021-08-29,14069853,3041679,17111532,covid19india,,
Assam,2021-08-30,14215451,3077839,17293290,covid19india,,
Assam,2021-08-31,14423801,3127608,17551409,covid19india,,
Assam,2021-09-01,14514940,3154817,17669757,covid19india,,
Assam,2021-09-02,14694863,3206303,17901166,covid19india,,
Assam,2021-09-03,14907567,3263502,18171069,covid19india,,
Assam,2021-09-04,15100780,3322532,18423312,covid19india,,
Assam,2021-09-05,15168976,3343223,18512199,covid19india,,
Assam,2021-09-06,15395584,3403193,18798777,covid19india,,
Assam,2021-09-07,15632623,3462349,19094972,covid19india,,
Assam,2021-09-08,15757069,3502138,19259207,covid19india,,
Assam,2021-09-09,15987775,3560902,19548677,covid19india,,
Assam,2021-09-10,16209501,3620655,19830156,covid19india,,
Assam,2021-09-11,16398562,3681756,20080318,covid19india,,
Assam,2021-09-12,16455548,3700160,20155708,covid19india,,
Assam,2021-09-13,16648201,3793647,20441848,covid19india,,
Assam,2021-09-14,16773685,3868640,20642325,covid19india,,
Assam,2021-09-15,16831970,3912410,20744380,covid19india,,
Assam,2021-09-16,16938541,3973122,20911663,covid19india,,
Assam,2021-09-17,17266350,4430951,21697301,covid19india,,
Assam,2021-09-18,17363828,4535264,21899092,covid19india,,
Assam,2021-09-19,17424256,4580328,22004584,covid19india,,
Assam,2021-09-20,17586145,4733884,22320029,covid19india,,
Assam,2021-09-21,17735880,4859429,22595309,covid19india,,
Assam,2021-09-22,17818370,4927877,22746247,covid19india,,
Assam,2021-09-23,17928465,5032915,22961380,covid19india,,
Assam,2021-09-24,18022615,5140291,23162906,covid19india,,
Assam,2021-09-25,18108928,5243412,23352340,covid19india,,
Assam,2021-09-26,18150848,5276754,23427602,covid19india,,
Assam,2021-09-27,18252621,5382121,23634742,covid19india,,
Assam,2021-09-28,18338787,5460229,23799016,covid19india,,
Assam,2021-09-29,18402839,5507795,23910634,covid19india,,
Assam,2021-09-30,18470750,5552229,24022979,covid19india,,
Assam,2021-10-01,18515122,5584903,24100025,covid19india,,
Assam,2021-10-02,18871986,5922576,24794562,covid19india,,
Assam,2021-10-03,18896120,5937257,24833377,covid19india,,
Assam,2021-10-04,18964302,6005228,24969530,covid19india,,
Assam,2021-10-05,19034206,6070672,25104878,covid19india,,
Assam,2021-10-06,19107244,6111536,25218780,covid19india,,
Assam,2021-10-07,19219448,6189907,25409355,covid19india,,
Assam,2021-10-08,19317732,6246228,25563960,covid19india,,
Assam,2021-10-09,19458049,6345607,25803656,covid19india,,
Assam,2021-10-10,19566032,6405202,25971234,covid19india,,
Assam,2021-10-11,19676004,6490287,26166291,covid19india,,
Bihar,2021-01-16,18169,0,18169,covid19india,,
Bihar,2021-01-18,33389,0,33389,covid19india,,
Bihar,2021-01-19,42085,0,42085,covid19india,,
Bihar,2021-01-20,47433,0,47433,covid19india,,
Bihar,2021-01-21,63541,0,63541,covid19india,,
Bihar,2021-01-22,63620,0,63620,covid19india,,
Bihar,2021-01-23,76125,0,76125,covid19india,,
Bihar,2021-01-24,76125,0,76125,covid19india,,
Bihar,2021-01-25,88450,0,88450,covid19india,,
Bihar,2021-01-26,88450,0,88450,covid19india,,
Bihar,2021-01-27,89074,0,89074,covid19india,,
Bihar,2021-01-28,107174,0,107174,covid19india,,
Bihar,2021-01-29,110396,0,110396,covid19india,,
Bihar,2021-01-30,146015,0,146015,covid19india,,
Bihar,2021-01-31,148293,0,148293,covid19india,,
Bihar,2021-02-01,184215,0,184215,covid19india,,
Bihar,2021-02-02,222153,0,222153,covid19india,,
Bihar,2021-02-03,264097,0,264097,covid19india,,
Bihar,2021-02-04,312339,0,312339,covid19india,,
Bihar,2021-02-05,354360,0,354360,covid19india,,
Bihar,2021-02-06,374538,0,374538,covid19india,,
Bihar,2021-02-07,380229,0,380229,covid19india,,
Bihar,2021-02-08,397555,0,397555,covid19india,,
Bihar,2021-02-09,415989,0,415989,covid19india,,
Bihar,2021-02-10,430307,0,430307,covid19india,,
Bihar,2021-02-11,448903,0,448903,covid19india,,
Bihar,2021-02-12,471683,0,471683,covid19india,,
Bihar,2021-02-13,491233,0,491233,covid19india,,
Bihar,2021-02-14,492152,0,492152,covid19india,,
Bihar,2021-02-15,495717,13309,509026,covid19india,,
Bihar,2021-02-16,496988,13497,510485,covid19india,,
Bihar,2021-02-17,502903,15192,518095,covid19india,,
Bihar,2021-02-18,506688,33419,540107,covid19india,,
Bihar,2021-02-19,515363,35070,550433,covid19india,,
Bihar,2021-02-20,522379,38964,561343,covid19india,,
Bihar,2021-02-21,522811,39046,561857,covid19india,,
Bihar,2021-02-22,526159,56791,582950,covid19india,,
Bihar,2021-02-23,532936,59521,592457,covid19india,,
Bihar,2021-02-24,540315,60480,600795,covid19india,,
Bihar,2021-02-25,548175,76211,624386,covid19india,,
Bihar,2021-02-26,560158,79212,639370,covid19india,,
Bihar,2021-02-27,560158,79212,639370,covid19india,,
Bihar,2021-02-28,560158,79212,639370,covid19india,,
Bihar,2021-03-01,562270,81079,643349,covid19india,,
Bihar,2021-03-02,569040,91556,660596,covid19india,,
Bihar,2021-03-03,583179,109203,692382,covid19india,,
Bihar,2021-03-04,601638,140711,742349,covid19india,,
Bihar,2021-03-05,623488,165419,788907,covid19india,,
Bihar,2021-03-06,650391,191841,842232,covid19india,,
Bihar,2021-03-07,650391,191841,842232,covid19india,,
Bihar,2021-03-08,822286,222083,1044369,covid19india,,
Bihar,2021-03-09,875735,244396,1120131,covid19india,,
Bihar,2021-03-10,918099,261191,1179290,covid19india,,
Bihar,2021-03-11,918099,261191,1179290,covid19india,,
Bihar,2021-03-12,1031520,283345,1314865,covid19india,,
Bihar,2021-03-13,1098054,302895,1400949,covid19india,,
Bihar,2021-03-14,1098054,302895,1400949,covid19india,,
Bihar,2021-03-15,1168540,322637,1491177,covid19india,,
Bihar,2021-03-16,1227941,336166,1564107,covid19india,,
Bihar,2021-03-17,1286394,347671,1634065,covid19india,,
Bihar,2021-03-18,1362861,362520,1725381,covid19india,,
Bihar,2021-03-19,1432884,372720,1805604,covid19india,,
Bihar,2021-03-20,1531693,386252,1917945,covid19india,,
Bihar,2021-03-21,1531693,386252,1917945,covid19india,,
Bihar,2021-03-22,1620295,392764,2013059,covid19india,,
Bihar,2021-03-23,1734892,402191,2137083,covid19india,,
Bihar,2021-03-24,1835841,409195,2245036,covid19india,,
Bihar,2021-03-25,1965991,415782,2381773,covid19india,,
Bihar,2021-03-26,2096425,423448,2519873,covid19india,,
Bihar,2021-03-27,2206580,427657,2634237,covid19india,,
Bihar,2021-03-28,2206580,427657,2634237,covid19india,,
Bihar,2021-03-29,2206580,427657,2634237,covid19india,,
Bihar,2021-03-30,2281396,430301,2711697,covid19india,,
Bihar,2021-03-31,2398125,436013,2834138,covid19india,,
Bihar,2021-04-01,2599756,445297,3045053,covid19india,,
Bihar,2021-04-02,2690447,430946,3121393,covid19india,,
Bihar,2021-04-03,2795440,437120,3232560,covid19india,,
Bihar,2021-04-04,2931751,442459,3374210,covid19india,,
Bihar,2021-04-05,3128321,452993,3581314,covid19india,,
Bihar,2021-04-06,3413610,471787,3885397,covid19india,,
Bihar,2021-04-07,3541310,484859,4026169,covid19india,,
Bihar,2021-04-08,3665305,502148,4167453,covid19india,,
Bihar,2021-04-09,3721925,511864,4233789,covid19india,,
Bihar,2021-04-10,3956794,537610,4494404,covid19india,,
Bihar,2021-04-11,4191596,556630,4748226,covid19india,,
Bihar,2021-04-12,4374749,579982,4954731,covid19india,,
Bihar,2021-04-13,4457751,592537,5050288,covid19india,,
Bihar,2021-04-14,4610622,617258,5227880,covid19india,,
Bihar,2021-04-15,4717948,638186,5356134,covid19india,,
Bihar,2021-04-16,4776572,651465,5428037,covid19india,,
Bihar,2021-04-17,4896516,682953,5579469,covid19india,,
Bihar,2021-04-18,4985475,702078,5687553,covid19india,,
Bihar,2021-04-19,5100351,737776,5838127,covid19india,,
Bihar,2021-04-20,5196802,768873,5965675,covid19india,,
Bihar,2021-04-21,5265752,792059,6057811,covid19india,,
Bihar,2021-04-22,5345938,825555,6171493,covid19india,,
Bihar,2021-04-23,5416621,855125,6271746,covid19india,,
Bihar,2021-04-24,5480400,881886,6362286,covid19india,,
Bihar,2021-04-25,5534725,902757,6437482,covid19india,,
Bihar,2021-04-26,5615883,942931,6558814,covid19india,,
Bihar,2021-04-27,5687362,975544,6662906,covid19india,,
Bihar,2021-04-28,5752806,1009704,6762510,covid19india,,
Bihar,2021-04-29,5822440,1048471,6870911,covid19india,,
Bihar,2021-04-30,5882397,1085837,6968234,covid19india,,
Bihar,2021-05-01,5929577,1119367,7048944,covid19india,,
Bihar,2021-05-02,5965700,1145575,7111275,covid19india,,
Bihar,2021-05-03,6012682,1205221,7217903,covid19india,,
Bihar,2021-05-04,6061183,1266935,7328118,covid19india,,
Bihar,2021-05-05,6105905,1324259,7430164,covid19india,,
Bihar,2021-05-06,6149968,1388358,7538326,covid19india,,
Bihar,2021-05-07,6185149,1432083,7617232,covid19india,,
Bihar,2021-05-08,6216512,1470862,7687374,covid19india,,
Bihar,2021-05-09,6318173,1485064,7803237,covid19india,,
Bihar,2021-05-10,6444938,1545543,7990481,covid19india,,
Bihar,2021-05-11,6546280,1609338,8155618,covid19india,,
Bihar,2021-05-12,6638656,1628241,8266897,covid19india,,
Bihar,2021-05-13,6764692,1647942,8412634,covid19india,,
Bihar,2021-05-14,6888249,1661464,8549713,covid19india,,
Bihar,2021-05-15,7024279,1674416,8698695,covid19india,,
Bihar,2021-05-16,7148062,1676244,8824306,covid19india,,
Bihar,2021-05-17,7254529,1682392,8936921,covid19india,,
Bihar,2021-05-18,7323327,1690243,9013570,covid19india,,
Bihar,2021-05-19,7371620,1696450,9068070,covid19india,,
Bihar,2021-05-20,7648604,1714512,9363116,covid19india,,
Bihar,2021-05-21,7737203,1721463,9458666,covid19india,,
Bihar,2021-05-22,7787248,1729492,9516740,covid19india,,
Bihar,2021-05-23,7945059,1734049,9679108,covid19india,,
Bihar,2021-05-24,8125409,1740475,9865884,covid19india,,
Bihar,2021-05-25,8238708,1747849,9986557,covid19india,,
Bihar,2021-05-26,8309462,1754468,10063930,covid19india,,
Bihar,2021-05-27,8356625,1759568,10116193,covid19india,,
Bihar,2021-05-28,8386351,1764654,10151005,covid19india,,
Bihar,2021-05-29,8430150,1773194,10203344,covid19india,,
Bihar,2021-05-30,8465262,1779574,10244836,covid19india,,
Bihar,2021-05-31,8514462,1791507,10305969,covid19india,,
Bihar,2021-06-01,8560053,1803082,10363135,covid19india,,
Bihar,2021-06-02,8607110,1812319,10419429,covid19india,,
Bihar,2021-06-03,8762804,1820872,10583676,covid19india,,
Bihar,2021-06-04,8938004,1830578,10768582,covid19india,,
Bihar,2021-06-05,9077246,1839054,10916300,covid19india,,
Bihar,2021-06-06,9175179,1846826,11022005,covid19india,,
Bihar,2021-06-07,9267055,1857120,11124175,covid19india,,
Bihar,2021-06-08,9349563,1868803,11218366,covid19india,,
Bihar,2021-06-09,9524795,1878731,11403526,covid19india,,
Bihar,2021-06-10,9704625,1887545,11592170,covid19india,,
Bihar,2021-06-11,9872064,1897336,11769400,covid19india,,
Bihar,2021-06-12,10020239,1906380,11926619,covid19india,,
Bihar,2021-06-13,10106377,1912589,12018966,covid19india,,
Bihar,2021-06-14,10202989,1922683,12125672,covid19india,,
Bihar,2021-06-15,10263321,1931895,12195216,covid19india,,
Bihar,2021-06-16,10757397,1953539,12710936,covid19india,,
Bihar,2021-06-17,10979659,1986711,12966370,covid19india,,
Bihar,2021-06-18,11138763,2015574,13154337,covid19india,,
Bihar,2021-06-19,11462769,2037514,13500283,covid19india,,
Bihar,2021-06-20,11622432,2048930,13671362,covid19india,,
Bihar,2021-06-21,12157700,2072605,14230305,covid19india,,
Bihar,2021-06-22,12532096,2094316,14626412,covid19india,,
Bihar,2021-06-23,12833933,2112759,14946692,covid19india,,
Bihar,2021-06-24,13091648,2134652,15226300,covid19india,,
Bihar,2021-06-25,13360096,2156756,15516852,covid19india,,
Bihar,2021-06-26,13509449,2175209,15684658,covid19india,,
Bihar,2021-06-27,13563128,2182032,15745160,covid19india,,
Bihar,2021-06-28,13608974,2194565,15803539,covid19india,,
Bihar,2021-06-29,13650536,2205858,15856394,covid19india,,
Bihar,2021-06-30,13684112,2215545,15899657,covid19india,,
Bihar,2021-07-01,13865820,2252463,16118283,covid19india,,
Bihar,2021-07-02,14393539,2332558,16726097,covid19india,,
Bihar,2021-07-03,14727517,2396030,17123547,covid19india,,
Bihar,2021-07-04,14837000,2420710,17257710,covid19india,,
Bihar,2021-07-05,14936096,2449596,17385692,covid19india,,
Bihar,2021-07-06,15047774,2480073,17527847,covid19india,,
Bihar,2021-07-07,15114284,2497336,17611620,covid19india,,
Bihar,2021-07-08,15484440,2584950,18069390,covid19india,,
Bihar,2021-07-09,15746006,2639043,18385049,covid19india,,
Bihar,2021-07-10,15882280,2674098,18556378,covid19india,,
Bihar,2021-07-11,15907489,2685174,18592663,covid19india,,
Bihar,2021-07-12,16194053,2753207,18947260,covid19india,,
Bihar,2021-07-13,16402112,2781473,19183585,covid19india,,
Bihar,2021-07-14,16478046,2826509,19304555,covid19india,,
Bihar,2021-07-15,16851101,2936264,19787365,covid19india,,
Bihar,2021-07-16,17089841,3004482,20094323,covid19india,,
Bihar,2021-07-17,17558850,3110684,20669534,covid19india,,
Bihar,2021-07-18,17763091,3153703,20916794,covid19india,,
Bihar,2021-07-19,18116037,3227229,21343266,covid19india,,
Bihar,2021-07-20,18258322,3261315,21519637,covid19india,,
Bihar,2021-07-21,18282317,3267577,21549894,covid19india,,
Bihar,2021-07-22,18345621,3307609,21653230,covid19india,,
Bihar,2021-07-23,18386444,3329911,21716355,covid19india,,
Bihar,2021-07-24,18654946,3403520,22058466,covid19india,,
Bihar,2021-07-25,19024124,3501453,22525577,covid19india,,
Bihar,2021-07-26,19303123,3574242,22877365,covid19india,,
Bihar,2021-07-27,19490747,3624684,23115431,covid19india,,
Bihar,2021-07-28,19604256,3665854,23270110,covid19india,,
Bihar,2021-07-29,19912638,3752836,23665474,covid19india,,
Bihar,2021-07-30,20160494,3814053,23974547,covid19india,,
Bihar,2021-07-31,20664109,3893299,24557408,covid19india,,
Bihar,2021-08-01,20782782,3919266,24702048,covid19india,,
Bihar,2021-08-02,20930091,3962583,24892674,covid19india,,
Bihar,2021-08-03,21003863,3998043,25001906,covid19india,,
Bihar,2021-08-04,21325253,4080382,25405635,covid19india,,
Bihar,2021-08-05,22023303,4213307,26236610,covid19india,,
Bihar,2021-08-06,22501851,4294454,26796305,covid19india,,
Bihar,2021-08-07,22973367,4405092,27378459,covid19india,,
Bihar,2021-08-08,23190928,4447714,27638642,covid19india,,
Bihar,2021-08-09,23366654,4488385,27855039,covid19india,,
Bihar,2021-08-10,23504063,4521066,28025129,covid19india,,
Bihar,2021-08-11,23769695,4581137,28350832,covid19india,,
Bihar,2021-08-12,24259346,4683508,28942854,covid19india,,
Bihar,2021-08-13,24799803,4784937,29584740,covid19india,,
Bihar,2021-08-14,25175334,4860789,30036123,covid19india,,
Bihar,2021-08-15,25255011,4878031,30133042,covid19india,,
Bihar,2021-08-16,25679414,4967555,30646969,covid19india,,
Bihar,2021-08-17,25869605,5016297,30885902,covid19india,,
Bihar,2021-08-18,26440375,5145554,31585929,covid19india,,
Bihar,2021-08-19,26846382,5236341,32082723,covid19india,,
Bihar,2021-08-20,26945537,5254012,32199549,covid19india,,
Bihar,2021-08-21,27048961,5293511,32342472,covid19india,,
Bihar,2021-08-22,27085730,5300555,32386285,covid19india,,
Bihar,2021-08-23,27418434,5390034,32808468,covid19india,,
Bihar,2021-08-24,27594430,5446413,33040843,covid19india,,
Bihar,2021-08-25,28156188,5570320,33726508,covid19india,,
Bihar,2021-08-26,28577881,5665356,34243237,covid19india,,
Bihar,2021-08-27,29078696,5781642,34860338,covid19india,,
Bihar,2021-08-29,29545525,5908592,35454117,covid19india,,
Bihar,2021-08-30,29616973,5926379,35543352,covid19india,,
Bihar,2021-08-31,31740899,6278275,38019174,covid19india,,
Bihar,2021-09-01,32107341,6368810,38476151,covid19india,,
Bihar,2021-09-02,32264358,6422582,38686940,covid19india,,
Bihar,2021-09-03,32331445,6459557,38791002,covid19india,,
Bihar,2021-09-04,32798481,6587987,39386468,covid19india,,
Bihar,2021-09-05,32919022,6621856,39540878,covid19india,,
Bihar,2021-09-06,34255613,7035715,41291328,covid19india,,
Bihar,2021-09-07,34959802,7254491,42214293,covid19india,,
Bihar,2021-09-08,35540837,7387538,42928375,covid19india,,
Bihar,2021-09-09,35689374,7429941,43119315,covid19india,,
Bihar,2021-09-10,36052126,7543592,43595718,covid19india,,
Bihar,2021-09-11,36737537,7764862,44502399,covid19india,,
Bihar,2021-09-12,36951899,7859740,44811639,covid19india,,
Bihar,2021-09-13,37614958,8063468,45678426,covid19india,,
Bihar,2021-09-14,37928469,8189912,46118381,covid19india,,
Bihar,2021-09-15,38038723,8248028,46286751,covid19india,,
Bihar,2021-09-16,38088657,8299155,46387812,covid19india,,
Bihar,2021-09-17,40456205,9163110,49619315,covid19india,,
Bihar,2021-09-18,40657341,9276334,49933675,covid19india,,
Bihar,2021-09-19,40756767,9345863,50102630,covid19india,,
Bihar,2021-09-20,41383492,9582026,50965518,covid19india,,
Bihar,2021-09-21,41759930,9764961,51524891,covid19india,,
Bihar,2021-09-22,41941731,9869566,51811297,covid19india,,
Bihar,2021-09-23,42108173,9983216,52091389,covid19india,,
Bihar,2021-09-24,42390257,10146829,52537086,covid19india,,
Bihar,2021-09-25,42784538,10358032,53142570,covid19india,,
Bihar,2021-09-26,42944235,10436129,53380364,covid19india,,
Bihar,2021-09-27,43229272,10585429,53814701,covid19india,,
Bihar,2021-09-28,43391149,10680410,54071559,covid19india,,
Bihar,2021-09-29,43441833,10719041,54160874,covid19india,,
Bihar,2021-09-30,43549451,10803062,54352513,covid19india,,
Bihar,2021-10-01,43585087,10858409,54443496,covid19india,,
Bihar,2021-10-02,45080931,12197163,57278094,covid19india,,
Bihar,2021-10-03,45220954,12334898,57555852,covid19india,,
Bihar,2021-10-04,45531554,12572023,58103577,covid19india,,
Bihar,2021-10-05,45878825,12817203,58696028,covid19india,,
Bihar,2021-10-06,46198663,13049253,59247916,covid19india,,
Bihar,2021-10-07,46325226,13155702,59480928,covid19india,,
Bihar,2021-10-08,46497914,13309600,59807514,covid19india,,
Bihar,2021-10-09,46783452,13625704,60409156,covid19india,,
Bihar,2021-10-10,46860203,13705481,60565684,covid19india,,
Bihar,2021-10-11,47101646,13989975,61091621,covid19india,,
Chandigarh,2021-01-16,265,0,265,covid19india,,
Chandigarh,2021-01-18,265,0,265,covid19india,,
Chandigarh,2021-01-19,469,0,469,covid19india,,
Chandigarh,2021-01-20,469,0,469,covid19india,,
Chandigarh,2021-01-21,753,0,753,covid19india,,
Chandigarh,2021-01-22,1157,0,1157,covid19india,,
Chandigarh,2021-01-23,1502,0,1502,covid19india,,
Chandigarh,2021-01-24,1502,0,1502,covid19india,,
Chandigarh,2021-01-25,1928,0,1928,covid19india,,
Chandigarh,2021-01-26,1928,0,1928,covid19india,,
Chandigarh,2021-01-27,2355,0,2355,covid19india,,
Chandigarh,2021-01-28,2764,0,2764,covid19india,,
Chandigarh,2021-01-29,2977,0,2977,covid19india,,
Chandigarh,2021-01-30,3447,0,3447,covid19india,,
Chandigarh,2021-01-31,3447,0,3447,covid19india,,
Chandigarh,2021-02-01,3803,0,3803,covid19india,,
Chandigarh,2021-02-02,4019,0,4019,covid19india,,
Chandigarh,2021-02-03,4399,0,4399,covid19india,,
Chandigarh,2021-02-04,4782,0,4782,covid19india,,
Chandigarh,2021-02-05,5234,0,5234,covid19india,,
Chandigarh,2021-02-06,5645,0,5645,covid19india,,
Chandigarh,2021-02-07,5645,0,5645,covid19india,,
Chandigarh,2021-02-08,6027,0,6027,covid19india,,
Chandigarh,2021-02-09,6458,0,6458,covid19india,,
Chandigarh,2021-02-10,6903,0,6903,covid19india,,
Chandigarh,2021-02-11,7374,0,7374,covid19india,,
Chandigarh,2021-02-12,8017,0,8017,covid19india,,
Chandigarh,2021-02-13,8660,143,8803,covid19india,,
Chandigarh,2021-02-14,8660,143,8803,covid19india,,
Chandigarh,2021-02-15,9212,144,9356,covid19india,,
Chandigarh,2021-02-16,9756,252,10008,covid19india,,
Chandigarh,2021-02-17,10583,277,10860,covid19india,,
Chandigarh,2021-02-18,11381,423,11804,covid19india,,
Chandigarh,2021-02-19,12100,547,12647,covid19india,,
Chandigarh,2021-02-20,12953,795,13748,covid19india,,
Chandigarh,2021-02-21,12953,795,13748,covid19india,,
Chandigarh,2021-02-22,14198,1089,15287,covid19india,,
Chandigarh,2021-02-23,15766,1237,17003,covid19india,,
Chandigarh,2021-02-24,17256,1306,18562,covid19india,,
Chandigarh,2021-02-25,18894,1568,20462,covid19india,,
Chandigarh,2021-02-26,20890,1712,22602,covid19india,,
Chandigarh,2021-02-27,20890,1712,22602,covid19india,,
Chandigarh,2021-02-28,20890,1712,22602,covid19india,,
Chandigarh,2021-03-01,22424,1899,24323,covid19india,,
Chandigarh,2021-03-02,22299,1966,24265,covid19india,,
Chandigarh,2021-03-03,24832,2159,26991,covid19india,,
Chandigarh,2021-03-04,27336,2505,29841,covid19india,,
Chandigarh,2021-03-05,29803,2816,32619,covid19india,,
Chandigarh,2021-03-06,32210,3140,35350,covid19india,,
Chandigarh,2021-03-07,32210,3140,35350,covid19india,,
Chandigarh,2021-03-08,35181,3625,38806,covid19india,,
Chandigarh,2021-03-09,37475,4125,41600,covid19india,,
Chandigarh,2021-03-10,39856,4611,44467,covid19india,,
Chandigarh,2021-03-11,40727,4690,45417,covid19india,,
Chandigarh,2021-03-12,42914,5120,48034,covid19india,,
Chandigarh,2021-03-13,44990,5602,50592,covid19india,,
Chandigarh,2021-03-14,45112,5602,50714,covid19india,,
Chandigarh,2021-03-15,47376,6225,53601,covid19india,,
Chandigarh,2021-03-16,49225,6792,56017,covid19india,,
Chandigarh,2021-03-17,50838,7241,58079,covid19india,,
Chandigarh,2021-03-18,52481,7669,60150,covid19india,,
Chandigarh,2021-03-19,54177,8065,62242,covid19india,,
Chandigarh,2021-03-20,55726,8446,64172,covid19india,,
Chandigarh,2021-03-21,55875,8449,64324,covid19india,,
Chandigarh,2021-03-22,57257,8956,66213,covid19india,,
Chandigarh,2021-03-23,58336,9368,67704,covid19india,,
Chandigarh,2021-03-24,59614,9719,69333,covid19india,,
Chandigarh,2021-03-25,60997,10039,71036,covid19india,,
Chandigarh,2021-03-26,62270,10444,72714,covid19india,,
Chandigarh,2021-03-27,63532,10698,74230,covid19india,,
Chandigarh,2021-03-28,63620,10703,74323,covid19india,,
Chandigarh,2021-03-29,63620,10703,74323,covid19india,,
Chandigarh,2021-03-30,64871,11082,75953,covid19india,,
Chandigarh,2021-03-31,66030,11551,77581,covid19india,,
Chandigarh,2021-04-01,68995,12085,81080,covid19india,,
Chandigarh,2021-04-02,71745,13070,84815,covid19india,,
Chandigarh,2021-04-03,75037,13626,88663,covid19india,,
Chandigarh,2021-04-04,77467,13879,91346,covid19india,,
Chandigarh,2021-04-05,80579,14308,94887,covid19india,,
Chandigarh,2021-04-06,83325,14968,98293,covid19india,,
Chandigarh,2021-04-07,86126,15613,101739,covid19india,,
Chandigarh,2021-04-08,89382,16433,105815,covid19india,,
Chandigarh,2021-04-09,92814,17335,110149,covid19india,,
Chandigarh,2021-04-10,96744,18264,115008,covid19india,,
Chandigarh,2021-04-11,99484,18671,118155,covid19india,,
Chandigarh,2021-04-12,103131,19810,122941,covid19india,,
Chandigarh,2021-04-13,106138,20711,126849,covid19india,,
Chandigarh,2021-04-14,108803,21577,130380,covid19india,,
Chandigarh,2021-04-15,111665,22898,134563,covid19india,,
Chandigarh,2021-04-16,114800,24346,139146,covid19india,,
Chandigarh,2021-04-17,117734,25520,143254,covid19india,,
Chandigarh,2021-04-18,119500,26100,145600,covid19india,,
Chandigarh,2021-04-19,122192,27795,149987,covid19india,,
Chandigarh,2021-04-20,124937,29647,154584,covid19india,,
Chandigarh,2021-04-21,127635,30930,158565,covid19india,,
Chandigarh,2021-04-22,130884,32988,163872,covid19india,,
Chandigarh,2021-04-23,134396,35042,169438,covid19india,,
Chandigarh,2021-04-24,137994,36727,174721,covid19india,,
Chandigarh,2021-04-25,140795,37860,178655,covid19india,,
Chandigarh,2021-04-26,144304,39947,184251,covid19india,,
Chandigarh,2021-04-27,148026,42015,190041,covid19india,,
Chandigarh,2021-04-28,151928,44127,196055,covid19india,,
Chandigarh,2021-04-29,155687,46218,201905,covid19india,,
Chandigarh,2021-04-30,160071,48418,208489,covid19india,,
Chandigarh,2021-05-01,163638,49636,213274,covid19india,,
Chandigarh,2021-05-02,165616,50277,215893,covid19india,,
Chandigarh,2021-05-03,168366,51789,220155,covid19india,,
Chandigarh,2021-05-04,171295,53483,224778,covid19india,,
Chandigarh,2021-05-05,174417,55201,229618,covid19india,,
Chandigarh,2021-05-06,177729,58041,235770,covid19india,,
Chandigarh,2021-05-07,180958,60380,241338,covid19india,,
Chandigarh,2021-05-08,184636,62993,247629,covid19india,,
Chandigarh,2021-05-09,187057,64405,251462,covid19india,,
Chandigarh,2021-05-10,189917,66763,256680,covid19india,,
Chandigarh,2021-05-11,192703,68712,261415,covid19india,,
Chandigarh,2021-05-12,195168,69769,264937,covid19india,,
Chandigarh,2021-05-13,198100,70928,269028,covid19india,,
Chandigarh,2021-05-14,201426,72118,273544,covid19india,,
Chandigarh,2021-05-15,205449,73662,279111,covid19india,,
Chandigarh,2021-05-16,206540,73676,280216,covid19india,,
Chandigarh,2021-05-17,210801,73928,284729,covid19india,,
Chandigarh,2021-05-18,214399,74107,288506,covid19india,,
Chandigarh,2021-05-19,218104,74202,292306,covid19india,,
Chandigarh,2021-05-20,227700,74308,302008,covid19india,,
Chandigarh,2021-05-21,231897,74413,306310,covid19india,,
Chandigarh,2021-05-22,237552,74612,312164,covid19india,,
Chandigarh,2021-05-23,240743,74614,315357,covid19india,,
Chandigarh,2021-05-24,245777,74645,320422,covid19india,,
Chandigarh,2021-05-25,248680,74683,323363,covid19india,,
Chandigarh,2021-05-26,250116,74697,324813,covid19india,,
Chandigarh,2021-05-27,255005,74732,329737,covid19india,,
Chandigarh,2021-05-28,259618,74826,334444,covid19india,,
Chandigarh,2021-05-29,264562,74854,339416,covid19india,,
Chandigarh,2021-05-30,268422,74857,343279,covid19india,,
Chandigarh,2021-05-31,274422,74901,349323,covid19india,,
Chandigarh,2021-06-01,280190,74933,355123,covid19india,,
Chandigarh,2021-06-02,285640,74960,360600,covid19india,,
Chandigarh,2021-06-03,291534,74991,366525,covid19india,,
Chandigarh,2021-06-04,296949,75043,371992,covid19india,,
Chandigarh,2021-06-05,302559,75096,377655,covid19india,,
Chandigarh,2021-06-06,304610,75108,379718,covid19india,,
Chandigarh,2021-06-07,307859,75225,383084,covid19india,,
Chandigarh,2021-06-08,309316,75305,384621,covid19india,,
Chandigarh,2021-06-09,311657,75407,387064,covid19india,,
Chandigarh,2021-06-10,313830,75504,389334,covid19india,,
Chandigarh,2021-06-11,319653,75613,395266,covid19india,,
Chandigarh,2021-06-12,325378,75717,401095,covid19india,,
Chandigarh,2021-06-13,329275,75739,405014,covid19india,,
Chandigarh,2021-06-14,336021,75846,411867,covid19india,,
Chandigarh,2021-06-15,342716,76037,418753,covid19india,,
Chandigarh,2021-06-16,348773,76204,424977,covid19india,,
Chandigarh,2021-06-17,355583,76392,431975,covid19india,,
Chandigarh,2021-06-18,363100,76617,439717,covid19india,,
Chandigarh,2021-06-19,372352,76971,449323,covid19india,,
Chandigarh,2021-06-20,375774,77035,452809,covid19india,,
Chandigarh,2021-06-21,382244,77232,459476,covid19india,,
Chandigarh,2021-06-22,389648,77595,467243,covid19india,,
Chandigarh,2021-06-23,396356,77947,474303,covid19india,,
Chandigarh,2021-06-24,402042,78621,480663,covid19india,,
Chandigarh,2021-06-25,408647,79844,488491,covid19india,,
Chandigarh,2021-06-26,417304,81558,498862,covid19india,,
Chandigarh,2021-06-27,421745,82381,504126,covid19india,,
Chandigarh,2021-06-28,427780,84063,511843,covid19india,,
Chandigarh,2021-06-29,434020,85860,519880,covid19india,,
Chandigarh,2021-06-30,439301,87576,526877,covid19india,,
Chandigarh,2021-07-01,444544,89353,533897,covid19india,,
Chandigarh,2021-07-02,449392,91711,541103,covid19india,,
Chandigarh,2021-07-03,456634,94952,551586,covid19india,,
Chandigarh,2021-07-04,461440,96710,558150,covid19india,,
Chandigarh,2021-07-05,467197,99404,566601,covid19india,,
Chandigarh,2021-07-06,472038,102146,574184,covid19india,,
Chandigarh,2021-07-07,476076,104659,580735,covid19india,,
Chandigarh,2021-07-08,479535,107119,586654,covid19india,,
Chandigarh,2021-07-09,483886,110610,594496,covid19india,,
Chandigarh,2021-07-10,490212,115043,605255,covid19india,,
Chandigarh,2021-07-11,494636,117097,611733,covid19india,,
Chandigarh,2021-07-12,500328,120393,620721,covid19india,,
Chandigarh,2021-07-13,515329,123378,638707,covid19india,,
Chandigarh,2021-07-14,520502,126141,646643,covid19india,,
Chandigarh,2021-07-15,525981,129198,655179,covid19india,,
Chandigarh,2021-07-16,531740,132606,664346,covid19india,,
Chandigarh,2021-07-17,538909,137245,676154,covid19india,,
Chandigarh,2021-07-18,544177,140240,684417,covid19india,,
Chandigarh,2021-07-19,549385,143843,693228,covid19india,,
Chandigarh,2021-07-20,554918,148571,703489,covid19india,,
Chandigarh,2021-07-21,558850,152190,711040,covid19india,,
Chandigarh,2021-07-22,563735,157001,720736,covid19india,,
Chandigarh,2021-07-23,569452,161939,731391,covid19india,,
Chandigarh,2021-07-24,576913,168213,745126,covid19india,,
Chandigarh,2021-07-25,581613,171013,752626,covid19india,,
Chandigarh,2021-07-26,587081,174914,761995,covid19india,,
Chandigarh,2021-07-27,592744,178913,771657,covid19india,,
Chandigarh,2021-07-28,597901,182807,780708,covid19india,,
Chandigarh,2021-07-29,603124,186231,789355,covid19india,,
Chandigarh,2021-07-30,608006,190362,798368,covid19india,,
Chandigarh,2021-07-31,642828,195378,838206,covid19india,,
Chandigarh,2021-08-01,646847,197592,844439,covid19india,,
Chandigarh,2021-08-02,651891,200327,852218,covid19india,,
Chandigarh,2021-08-03,659903,203429,863332,covid19india,,
Chandigarh,2021-08-04,664509,206091,870600,covid19india,,
Chandigarh,2021-08-05,669284,209048,878332,covid19india,,
Chandigarh,2021-08-06,679894,212902,892796,covid19india,,
Chandigarh,2021-08-07,686609,218231,904840,covid19india,,
Chandigarh,2021-08-08,690815,220658,911473,covid19india,,
Chandigarh,2021-08-09,700329,223569,923898,covid19india,,
Chandigarh,2021-08-10,706582,226814,933396,covid19india,,
Chandigarh,2021-08-11,711763,230298,942061,covid19india,,
Chandigarh,2021-08-12,717457,234115,951572,covid19india,,
Chandigarh,2021-08-13,724636,238675,963311,covid19india,,
Chandigarh,2021-08-14,733579,244351,977930,covid19india,,
Chandigarh,2021-08-15,738600,247413,986013,covid19india,,
Chandigarh,2021-08-16,746589,252052,998641,covid19india,,
Chandigarh,2021-08-17,752894,256265,1009159,covid19india,,
Chandigarh,2021-08-18,758525,260311,1018836,covid19india,,
Chandigarh,2021-08-19,763758,264434,1028192,covid19india,,
Chandigarh,2021-08-20,768189,268210,1036399,covid19india,,
Chandigarh,2021-08-21,772137,272118,1044255,covid19india,,
Chandigarh,2021-08-22,772206,272194,1044400,covid19india,,
Chandigarh,2021-08-23,777153,276138,1053291,covid19india,,
Chandigarh,2021-08-24,781165,280239,1061404,covid19india,,
Chandigarh,2021-08-25,784984,284352,1069336,covid19india,,
Chandigarh,2021-08-26,789037,288568,1077605,covid19india,,
Chandigarh,2021-08-27,793611,294231,1087842,covid19india,,
Chandigarh,2021-08-29,799733,302728,1102461,covid19india,,
Chandigarh,2021-08-30,802978,304865,1107843,covid19india,,
Chandigarh,2021-08-31,807066,308389,1115455,covid19india,,
Chandigarh,2021-09-01,811314,312280,1123594,covid19india,,
Chandigarh,2021-09-02,815595,316174,1131769,covid19india,,
Chandigarh,2021-09-03,819772,320171,1139943,covid19india,,
Chandigarh,2021-09-04,824569,326038,1150607,covid19india,,
Chandigarh,2021-09-05,827452,328720,1156172,covid19india,,
Chandigarh,2021-09-06,831673,332951,1164624,covid19india,,
Chandigarh,2021-09-07,835465,337151,1172616,covid19india,,
Chandigarh,2021-09-08,838763,341258,1180021,covid19india,,
Chandigarh,2021-09-09,841936,345132,1187068,covid19india,,
Chandigarh,2021-09-10,845085,349982,1195067,covid19india,,
Chandigarh,2021-09-11,849234,356838,1206072,covid19india,,
Chandigarh,2021-09-12,851067,359222,1210289,covid19india,,
Chandigarh,2021-09-13,854773,364997,1219770,covid19india,,
Chandigarh,2021-09-14,858220,370238,1228458,covid19india,,
Chandigarh,2021-09-15,861602,375202,1236804,covid19india,,
Chandigarh,2021-09-16,865083,379890,1244973,covid19india,,
Chandigarh,2021-09-17,868733,385237,1253970,covid19india,,
Chandigarh,2021-09-18,873023,393074,1266097,covid19india,,
Chandigarh,2021-09-19,874988,396511,1271499,covid19india,,
Chandigarh,2021-09-20,878370,401790,1280160,covid19india,,
Chandigarh,2021-09-21,881183,406655,1287838,covid19india,,
Chandigarh,2021-09-22,883985,412106,1296091,covid19india,,
Chandigarh,2021-09-23,885927,415722,1301649,covid19india,,
Chandigarh,2021-09-24,888315,421039,1309354,covid19india,,
Chandigarh,2021-09-25,891311,428679,1319990,covid19india,,
Chandigarh,2021-09-26,892804,432190,1324994,covid19india,,
Chandigarh,2021-09-27,895064,436655,1331719,covid19india,,
Chandigarh,2021-09-28,897312,441328,1338640,covid19india,,
Chandigarh,2021-09-29,899124,445090,1344214,covid19india,,
Chandigarh,2021-09-30,900985,449059,1350044,covid19india,,
Chandigarh,2021-10-01,902936,454194,1357130,covid19india,,
Chandigarh,2021-10-02,904205,457862,1362067,covid19india,,
Chandigarh,2021-10-03,905179,460694,1365873,covid19india,,
Chandigarh,2021-10-04,907007,465758,1372765,covid19india,,
Chandigarh,2021-10-05,908493,469684,1378177,covid19india,,
Chandigarh,2021-10-06,909730,472984,1382714,covid19india,,
Chandigarh,2021-10-07,910666,475611,1386277,covid19india,,
Chandigarh,2021-10-08,911698,479070,1390768,covid19india,,
Chandigarh,2021-10-09,913084,484448,1397532,covid19india,,
Chandigarh,2021-10-10,913737,486820,1400557,covid19india,,
Chandigarh,2021-10-11,914824,490198,1405022,covid19india,,
Chhattisgarh,2021-01-16,5592,0,5592,covid19india,,
Chhattisgarh,2021-01-18,10872,0,10872,covid19india,,
Chhattisgarh,2021-01-19,10872,0,10872,covid19india,,
Chhattisgarh,2021-01-20,16255,0,16255,covid19india,,
Chhattisgarh,2021-01-21,22171,0,22171,covid19india,,
Chhattisgarh,2021-01-22,22259,0,22259,covid19india,,
Chhattisgarh,2021-01-23,28732,0,28732,covid19india,,
Chhattisgarh,2021-01-24,28732,0,28732,covid19india,,
Chhattisgarh,2021-01-25,40025,0,40025,covid19india,,
Chhattisgarh,2021-01-26,40025,0,40025,covid19india,,
Chhattisgarh,2021-01-27,51647,0,51647,covid19india,,
Chhattisgarh,2021-01-28,62115,0,62115,covid19india,,
Chhattisgarh,2021-01-29,62529,0,62529,covid19india,,
Chhattisgarh,2021-01-30,72704,0,72704,covid19india,,
Chhattisgarh,2021-01-31,72704,0,72704,covid19india,,
Chhattisgarh,2021-02-01,76705,0,76705,covid19india,,
Chhattisgarh,2021-02-02,79676,0,79676,covid19india,,
Chhattisgarh,2021-02-03,101564,0,101564,covid19india,,
Chhattisgarh,2021-02-04,131173,0,131173,covid19india,,
Chhattisgarh,2021-02-05,150487,0,150487,covid19india,,
Chhattisgarh,2021-02-06,168881,0,168881,covid19india,,
Chhattisgarh,2021-02-07,168881,0,168881,covid19india,,
Chhattisgarh,2021-02-08,184733,0,184733,covid19india,,
Chhattisgarh,2021-02-09,198567,0,198567,covid19india,,
Chhattisgarh,2021-02-10,216784,0,216784,covid19india,,
Chhattisgarh,2021-02-11,233126,0,233126,covid19india,,
Chhattisgarh,2021-02-12,247745,0,247745,covid19india,,
Chhattisgarh,2021-02-13,261274,833,262107,covid19india,,
Chhattisgarh,2021-02-14,262092,895,262987,covid19india,,
Chhattisgarh,2021-02-15,282031,5193,287224,covid19india,,
Chhattisgarh,2021-02-16,296308,6682,302990,covid19india,,
Chhattisgarh,2021-02-17,308551,9829,318380,covid19india,,
Chhattisgarh,2021-02-18,321706,14425,336131,covid19india,,
Chhattisgarh,2021-02-19,330446,16104,346550,covid19india,,
Chhattisgarh,2021-02-20,340557,20668,361225,covid19india,,
Chhattisgarh,2021-02-21,341251,20699,361950,covid19india,,
Chhattisgarh,2021-02-22,350716,28186,378902,covid19india,,
Chhattisgarh,2021-02-23,358080,30946,389026,covid19india,,
Chhattisgarh,2021-02-24,366493,39390,405883,covid19india,,
Chhattisgarh,2021-02-25,373644,48347,421991,covid19india,,
Chhattisgarh,2021-02-26,377834,51791,429625,covid19india,,
Chhattisgarh,2021-02-27,377834,51791,429625,covid19india,,
Chhattisgarh,2021-02-28,377834,51791,429625,covid19india,,
Chhattisgarh,2021-03-01,386030,57807,443837,covid19india,,
Chhattisgarh,2021-03-02,398574,61489,460063,covid19india,,
Chhattisgarh,2021-03-03,419066,71624,490690,covid19india,,
Chhattisgarh,2021-03-04,446330,88875,535205,covid19india,,
Chhattisgarh,2021-03-05,476352,103785,580137,covid19india,,
Chhattisgarh,2021-03-06,512080,120670,632750,covid19india,,
Chhattisgarh,2021-03-07,513728,120922,634650,covid19india,,
Chhattisgarh,2021-03-08,549916,133822,683738,covid19india,,
Chhattisgarh,2021-03-09,579308,144952,724260,covid19india,,
Chhattisgarh,2021-03-10,614651,160112,774763,covid19india,,
Chhattisgarh,2021-03-11,618339,161209,779548,covid19india,,
Chhattisgarh,2021-03-12,651528,176659,828187,covid19india,,
Chhattisgarh,2021-03-13,694275,191714,885989,covid19india,,
Chhattisgarh,2021-03-14,700293,192375,892668,covid19india,,
Chhattisgarh,2021-03-15,764514,208728,973242,covid19india,,
Chhattisgarh,2021-03-16,813033,222034,1035067,covid19india,,
Chhattisgarh,2021-03-17,879589,234912,1114501,covid19india,,
Chhattisgarh,2021-03-18,946520,247354,1193874,covid19india,,
Chhattisgarh,2021-03-19,1005918,258528,1264446,covid19india,,
Chhattisgarh,2021-03-20,1072388,268102,1340490,covid19india,,
Chhattisgarh,2021-03-21,1073250,268250,1341500,covid19india,,
Chhattisgarh,2021-03-22,1129190,277919,1407109,covid19india,,
Chhattisgarh,2021-03-23,1159298,285740,1445038,covid19india,,
Chhattisgarh,2021-03-24,1197167,291767,1488934,covid19india,,
Chhattisgarh,2021-03-25,1251396,297510,1548906,covid19india,,
Chhattisgarh,2021-03-26,1313097,301916,1615013,covid19india,,
Chhattisgarh,2021-03-27,1423884,305953,1729837,covid19india,,
Chhattisgarh,2021-03-28,1456510,306665,1763175,covid19india,,
Chhattisgarh,2021-03-29,1456510,306665,1763175,covid19india,,
Chhattisgarh,2021-03-30,1508503,310243,1818746,covid19india,,
Chhattisgarh,2021-03-31,1624926,317179,1942105,covid19india,,
Chhattisgarh,2021-04-01,1851931,325182,2177113,covid19india,,
Chhattisgarh,2021-04-02,2181661,335795,2517456,covid19india,,
Chhattisgarh,2021-04-03,2351463,342599,2694062,covid19india,,
Chhattisgarh,2021-04-04,2659230,351359,3010589,covid19india,,
Chhattisgarh,2021-04-05,2765623,355118,3120741,covid19india,,
Chhattisgarh,2021-04-06,2935774,363944,3299718,covid19india,,
Chhattisgarh,2021-04-07,3058059,369790,3427849,covid19india,,
Chhattisgarh,2021-04-08,3324849,383529,3708378,covid19india,,
Chhattisgarh,2021-04-09,3541500,394904,3936404,covid19india,,
Chhattisgarh,2021-04-10,3722048,406400,4128448,covid19india,,
Chhattisgarh,2021-04-11,3888692,415408,4304100,covid19india,,
Chhattisgarh,2021-04-12,4033975,428984,4462959,covid19india,,
Chhattisgarh,2021-04-13,4122287,438231,4560518,covid19india,,
Chhattisgarh,2021-04-14,4186976,447798,4634774,covid19india,,
Chhattisgarh,2021-04-15,4224216,456370,4680586,covid19india,,
Chhattisgarh,2021-04-16,4280491,469569,4750060,covid19india,,
Chhattisgarh,2021-04-17,4377025,493552,4870577,covid19india,,
Chhattisgarh,2021-04-18,4449075,508082,4957157,covid19india,,
Chhattisgarh,2021-04-19,4517261,526449,5043710,covid19india,,
Chhattisgarh,2021-04-20,4561972,540980,5102952,covid19india,,
Chhattisgarh,2021-04-21,4594206,552504,5146710,covid19india,,
Chhattisgarh,2021-04-22,4643298,569966,5213264,covid19india,,
Chhattisgarh,2021-04-23,4686345,586677,5273022,covid19india,,
Chhattisgarh,2021-04-24,4721481,602963,5324444,covid19india,,
Chhattisgarh,2021-04-25,4746298,616149,5362447,covid19india,,
Chhattisgarh,2021-04-26,4772489,633858,5406347,covid19india,,
Chhattisgarh,2021-04-27,4791469,647236,5438705,covid19india,,
Chhattisgarh,2021-04-28,4807765,661947,5469712,covid19india,,
Chhattisgarh,2021-04-29,4823964,683619,5507583,covid19india,,
Chhattisgarh,2021-04-30,4853099,718000,5571099,covid19india,,
Chhattisgarh,2021-05-01,4878221,744712,5622933,covid19india,,
Chhattisgarh,2021-05-02,4887678,759407,5647085,covid19india,,
Chhattisgarh,2021-05-03,4897308,781887,5679195,covid19india,,
Chhattisgarh,2021-05-04,4904625,800988,5705613,covid19india,,
Chhattisgarh,2021-05-05,4911837,820441,5732278,covid19india,,
Chhattisgarh,2021-05-06,4920177,846682,5766859,covid19india,,
Chhattisgarh,2021-05-07,4926238,865210,5791448,covid19india,,
Chhattisgarh,2021-05-08,4931083,883731,5814814,covid19india,,
Chhattisgarh,2021-05-09,4934246,892905,5827151,covid19india,,
Chhattisgarh,2021-05-10,4941032,927490,5868522,covid19india,,
Chhattisgarh,2021-05-11,4948086,961949,5910035,covid19india,,
Chhattisgarh,2021-05-12,4957168,984556,5941724,covid19india,,
Chhattisgarh,2021-05-13,4966175,1015880,5982055,covid19india,,
Chhattisgarh,2021-05-14,4973490,1048742,6022232,covid19india,,
Chhattisgarh,2021-05-15,4980661,1077019,6057680,covid19india,,
Chhattisgarh,2021-05-16,4983782,1078265,6062047,covid19india,,
Chhattisgarh,2021-05-17,4988526,1080104,6068630,covid19india,,
Chhattisgarh,2021-05-18,4993070,1081314,6074384,covid19india,,
Chhattisgarh,2021-05-19,4997711,1082817,6080528,covid19india,,
Chhattisgarh,2021-05-20,5725589,1087151,6812740,covid19india,,
Chhattisgarh,2021-05-21,5755505,1088949,6844454,covid19india,,
Chhattisgarh,2021-05-22,5781423,1090639,6872062,covid19india,,
Chhattisgarh,2021-05-23,5797691,1091581,6889272,covid19india,,
Chhattisgarh,2021-05-24,5816399,1093424,6909823,covid19india,,
Chhattisgarh,2021-05-25,5830242,1095115,6925357,covid19india,,
Chhattisgarh,2021-05-26,5843954,1096622,6940576,covid19india,,
Chhattisgarh,2021-05-27,5856511,1097839,6954350,covid19india,,
Chhattisgarh,2021-05-28,5869748,1099997,6969745,covid19india,,
Chhattisgarh,2021-05-29,5878553,1102124,6980677,covid19india,,
Chhattisgarh,2021-05-30,5884836,1103284,6988120,covid19india,,
Chhattisgarh,2021-05-31,5892189,1105870,6998059,covid19india,,
Chhattisgarh,2021-06-01,5897444,1113067,7010511,covid19india,,
Chhattisgarh,2021-06-02,5901876,1117039,7018915,covid19india,,
Chhattisgarh,2021-06-03,5905382,1121715,7027097,covid19india,,
Chhattisgarh,2021-06-04,5911330,1125795,7037125,covid19india,,
Chhattisgarh,2021-06-05,5915463,1130671,7046134,covid19india,,
Chhattisgarh,2021-06-06,5947825,1132647,7080472,covid19india,,
Chhattisgarh,2021-06-07,5980265,1135792,7116057,covid19india,,
Chhattisgarh,2021-06-08,6004099,1139374,7143473,covid19india,,
Chhattisgarh,2021-06-09,6020857,1144068,7164925,covid19india,,
Chhattisgarh,2021-06-10,6030719,1148482,7179201,covid19india,,
Chhattisgarh,2021-06-11,6036342,1152793,7189135,covid19india,,
Chhattisgarh,2021-06-12,6048340,1157096,7205436,covid19india,,
Chhattisgarh,2021-06-13,6052670,1159860,7212530,covid19india,,
Chhattisgarh,2021-06-14,6066094,1186837,7252931,covid19india,,
Chhattisgarh,2021-06-15,6095907,1192934,7288841,covid19india,,
Chhattisgarh,2021-06-16,6144376,1197594,7341970,covid19india,,
Chhattisgarh,2021-06-17,6188632,1202138,7390770,covid19india,,
Chhattisgarh,2021-06-18,6230986,1207020,7438006,covid19india,,
Chhattisgarh,2021-06-19,6302359,1213528,7515887,covid19india,,
Chhattisgarh,2021-06-20,6346953,1216523,7563476,covid19india,,
Chhattisgarh,2021-06-21,6424457,1230303,7654760,covid19india,,
Chhattisgarh,2021-06-22,6517732,1247171,7764903,covid19india,,
Chhattisgarh,2021-06-23,6661351,1269668,7931019,covid19india,,
Chhattisgarh,2021-06-24,6835243,1307769,8143012,covid19india,,
Chhattisgarh,2021-06-25,7022150,1355541,8377691,covid19india,,
Chhattisgarh,2021-06-26,7312373,1418536,8730909,covid19india,,
Chhattisgarh,2021-06-27,7457184,1468963,8926147,covid19india,,
Chhattisgarh,2021-06-28,7672810,1528567,9201377,covid19india,,
Chhattisgarh,2021-06-29,7821424,1574384,9395808,covid19india,,
Chhattisgarh,2021-06-30,7926420,1600677,9527097,covid19india,,
Chhattisgarh,2021-07-01,8034603,1618315,9652918,covid19india,,
Chhattisgarh,2021-07-02,8107149,1630971,9738120,covid19india,,
Chhattisgarh,2021-07-03,8193672,1683015,9876687,covid19india,,
Chhattisgarh,2021-07-04,8240838,1713403,9954241,covid19india,,
Chhattisgarh,2021-07-05,8299801,1748422,10048223,covid19india,,
Chhattisgarh,2021-07-06,8323609,1763217,10086826,covid19india,,
Chhattisgarh,2021-07-07,8335044,1770209,10105253,covid19india,,
Chhattisgarh,2021-07-08,8386931,1803979,10190910,covid19india,,
Chhattisgarh,2021-07-09,8449013,1846188,10295201,covid19india,,
Chhattisgarh,2021-07-10,8498849,1865528,10364377,covid19india,,
Chhattisgarh,2021-07-11,8510673,1870157,10380830,covid19india,,
Chhattisgarh,2021-07-12,8525185,1876146,10401331,covid19india,,
Chhattisgarh,2021-07-13,8674092,1879369,10553461,covid19india,,
Chhattisgarh,2021-07-14,8715179,1912960,10628139,covid19india,,
Chhattisgarh,2021-07-15,8739390,1933214,10672604,covid19india,,
Chhattisgarh,2021-07-16,8746964,1939507,10686471,covid19india,,
Chhattisgarh,2021-07-17,8858395,2013866,10872261,covid19india,,
Chhattisgarh,2021-07-18,8904619,2038503,10943122,covid19india,,
Chhattisgarh,2021-07-19,9006605,2093764,11100369,covid19india,,
Chhattisgarh,2021-07-20,9094569,2136050,11230619,covid19india,,
Chhattisgarh,2021-07-21,9126854,2146750,11273604,covid19india,,
Chhattisgarh,2021-07-22,9161816,2160208,11322024,covid19india,,
Chhattisgarh,2021-07-23,9183532,2169304,11352836,covid19india,,
Chhattisgarh,2021-07-24,9211937,2180733,11392670,covid19india,,
Chhattisgarh,2021-07-25,9255247,2204614,11459861,covid19india,,
Chhattisgarh,2021-07-26,9309149,2225271,11534420,covid19india,,
Chhattisgarh,2021-07-27,9338796,2238776,11577572,covid19india,,
Chhattisgarh,2021-07-28,9364017,2250601,11614618,covid19india,,
Chhattisgarh,2021-07-29,9435658,2284932,11720590,covid19india,,
Chhattisgarh,2021-07-30,9502737,2313099,11815836,covid19india,,
Chhattisgarh,2021-07-31,9634947,2346318,11981265,covid19india,,
Chhattisgarh,2021-08-01,9652189,2357947,12010136,covid19india,,
Chhattisgarh,2021-08-02,9676922,2377418,12054340,covid19india,,
Chhattisgarh,2021-08-03,9700054,2398202,12098256,covid19india,,
Chhattisgarh,2021-08-04,9719395,2419105,12138500,covid19india,,
Chhattisgarh,2021-08-05,9809273,2490679,12299952,covid19india,,
Chhattisgarh,2021-08-06,9900079,2548382,12448461,covid19india,,
Chhattisgarh,2021-08-07,9951155,2587136,12538291,covid19india,,
Chhattisgarh,2021-08-08,9960587,2597535,12558122,covid19india,,
Chhattisgarh,2021-08-09,9979765,2611797,12591562,covid19india,,
Chhattisgarh,2021-08-10,10000779,2632861,12633640,covid19india,,
Chhattisgarh,2021-08-11,10025148,2661650,12686798,covid19india,,
Chhattisgarh,2021-08-12,10078686,2717125,12795811,covid19india,,
Chhattisgarh,2021-08-13,10127893,2768444,12896337,covid19india,,
Chhattisgarh,2021-08-14,10155111,2797801,12952912,covid19india,,
Chhattisgarh,2021-08-15,10157409,2801150,12958559,covid19india,,
Chhattisgarh,2021-08-16,10228239,2854535,13082774,covid19india,,
Chhattisgarh,2021-08-17,10275076,2895040,13170116,covid19india,,
Chhattisgarh,2021-08-18,10317815,2924685,13242500,covid19india,,
Chhattisgarh,2021-08-19,10373446,2968914,13342360,covid19india,,
Chhattisgarh,2021-08-20,10400399,2993968,13394367,covid19india,,
Chhattisgarh,2021-08-21,10426246,3015086,13441332,covid19india,,
Chhattisgarh,2021-08-22,10426751,3016319,13443070,covid19india,,
Chhattisgarh,2021-08-23,10458702,3047371,13506073,covid19india,,
Chhattisgarh,2021-08-24,10477664,3066819,13544483,covid19india,,
Chhattisgarh,2021-08-25,10504132,3088462,13592594,covid19india,,
Chhattisgarh,2021-08-26,10573241,3133789,13707030,covid19india,,
Chhattisgarh,2021-08-27,10614853,3160953,13775806,covid19india,,
Chhattisgarh,2021-08-29,10696986,3220923,13917909,covid19india,,
Chhattisgarh,2021-08-30,10712560,3236095,13948655,covid19india,,
Chhattisgarh,2021-08-31,10750668,3260138,14010806,covid19india,,
Chhattisgarh,2021-09-01,10829109,3312792,14141901,covid19india,,
Chhattisgarh,2021-09-02,10927879,3377265,14305144,covid19india,,
Chhattisgarh,2021-09-03,10952560,3397718,14350278,covid19india,,
Chhattisgarh,2021-09-04,11036481,3447118,14483599,covid19india,,
Chhattisgarh,2021-09-05,11062785,3469639,14532424,covid19india,,
Chhattisgarh,2021-09-06,11114713,3507887,14622600,covid19india,,
Chhattisgarh,2021-09-07,11162591,3541660,14704251,covid19india,,
Chhattisgarh,2021-09-08,11243572,3595463,14839035,covid19india,,
Chhattisgarh,2021-09-09,11257830,3610581,14868411,covid19india,,
Chhattisgarh,2021-09-10,11281827,3630778,14912605,covid19india,,
Chhattisgarh,2021-09-11,11349866,3675544,15025410,covid19india,,
Chhattisgarh,2021-09-12,11391385,3701753,15093138,covid19india,,
Chhattisgarh,2021-09-13,11478822,3756568,15235390,covid19india,,
Chhattisgarh,2021-09-14,11518730,3789271,15308001,covid19india,,
Chhattisgarh,2021-09-15,11582101,3841871,15423972,covid19india,,
Chhattisgarh,2021-09-16,11708502,3933569,15642071,covid19india,,
Chhattisgarh,2021-09-17,11805405,4012379,15817784,covid19india,,
Chhattisgarh,2021-09-18,11947147,4128435,16075582,covid19india,,
Chhattisgarh,2021-09-19,12038691,4202834,16241525,covid19india,,
Chhattisgarh,2021-09-20,12239771,4388616,16628387,covid19india,,
Chhattisgarh,2021-09-21,12351793,4505912,16857705,covid19india,,
Chhattisgarh,2021-09-22,12478668,4636719,17115387,covid19india,,
Chhattisgarh,2021-09-23,12613660,4770505,17384165,covid19india,,
Chhattisgarh,2021-09-24,12725313,4875275,17600588,covid19india,,
Chhattisgarh,2021-09-25,12832830,4990533,17823363,covid19india,,
Chhattisgarh,2021-09-26,12864022,5035377,17899399,covid19india,,
Chhattisgarh,2021-09-27,12923827,5097851,18021678,covid19india,,
Chhattisgarh,2021-09-28,12974099,5155958,18130057,covid19india,,
Chhattisgarh,2021-09-29,13018404,5204244,18222648,covid19india,,
Chhattisgarh,2021-09-30,13084430,5279100,18363530,covid19india,,
Chhattisgarh,2021-10-01,13131501,5338397,18469898,covid19india,,
Chhattisgarh,2021-10-02,13150946,5370749,18521695,covid19india,,
Chhattisgarh,2021-10-03,13159176,5384594,18543770,covid19india,,
Chhattisgarh,2021-10-04,13274222,5507443,18781665,covid19india,,
Chhattisgarh,2021-10-05,13339960,5585409,18925369,covid19india,,
Chhattisgarh,2021-10-06,13392359,5653194,19045553,covid19india,,
Chhattisgarh,2021-10-07,13454592,5729470,19184062,covid19india,,
Chhattisgarh,2021-10-08,13507356,5796920,19304276,covid19india,,
Chhattisgarh,2021-10-09,13584393,5893264,19477657,covid19india,,
Chhattisgarh,2021-10-10,13614531,5933236,19547767,covid19india,,
Chhattisgarh,2021-10-11,13681384,6018513,19699897,covid19india,,
Dadra and Nagar Haveli and Daman and Diu,2021-01-16,123,0,123,covid19india,,
Dadra and Nagar Haveli and Daman and Diu,2021-01-18,123,0,123,covid19india,,
Dadra and Nagar Haveli and Daman and Diu,2021-01-19,208,0,208,covid19india,,
Dadra and Nagar Haveli and Daman and Diu,2021-01-20,219,0,219,covid19india,,
Dadra and Nagar Haveli and Daman and Diu,2021-01-21,278,0,278,covid19india,,
Dadra and Nagar Haveli and Daman and Diu,2021-01-22,356,0,356,covid19india,,
Dadra and Nagar Haveli and Daman and Diu,2021-01-23,628,0,628,covid19india,,
Dadra and Nagar Haveli and Daman and Diu,2021-01-24,628,0,628,covid19india,,
Dadra and Nagar Haveli and Daman and Diu,2021-01-25,665,0,665,covid19india,,
Dadra and Nagar Haveli and Daman and Diu,2021-01-26,665,0,665,covid19india,,
Dadra and Nagar Haveli and Daman and Diu,2021-01-27,665,0,665,covid19india,,
Dadra and Nagar Haveli and Daman and Diu,2021-01-28,779,0,779,covid19india,,
Dadra and Nagar Haveli and Daman and Diu,2021-01-29,940,0,940,covid19india,,
Dadra and Nagar Haveli and Daman and Diu,2021-01-30,1083,0,1083,covid19india,,
Dadra and Nagar Haveli and Daman and Diu,2021-01-31,1083,0,1083,covid19india,,
Dadra and Nagar Haveli and Daman and Diu,2021-02-01,1273,0,1273,covid19india,,
Dadra and Nagar Haveli and Daman and Diu,2021-02-02,1336,0,1336,covid19india,,
Dadra and Nagar Haveli and Daman and Diu,2021-02-03,1487,0,1487,covid19india,,
Dadra and Nagar Haveli and Daman and Diu,2021-02-04,1636,0,1636,covid19india,,
Dadra and Nagar Haveli and Daman and Diu,2021-02-05,1888,0,1888,covid19india,,
Dadra and Nagar Haveli and Daman and Diu,2021-02-06,2212,0,2212,covid19india,,
Dadra and Nagar Haveli and Daman and Diu,2021-02-07,2212,0,2212,covid19india,,
Dadra and Nagar Haveli and Daman and Diu,2021-02-08,2295,0,2295,covid19india,,
Dadra and Nagar Haveli and Daman and Diu,2021-02-09,2540,0,2540,covid19india,,
Dadra and Nagar Haveli and Daman and Diu,2021-02-10,3356,0,3356,covid19india,,
Dadra and Nagar Haveli and Daman and Diu,2021-02-11,3728,0,3728,covid19india,,
Dadra and Nagar Haveli and Daman and Diu,2021-02-12,3985,0,3985,covid19india,,
Dadra and Nagar Haveli and Daman and Diu,2021-02-13,4043,71,4114,covid19india,,
Dadra and Nagar Haveli and Daman and Diu,2021-02-14,4043,71,4114,covid19india,,
Dadra and Nagar Haveli and Daman and Diu,2021-02-15,4319,75,4394,covid19india,,
Dadra and Nagar Haveli and Daman and Diu,2021-02-16,4483,164,4647,covid19india,,
Dadra and Nagar Haveli and Daman and Diu,2021-02-17,5623,188,5811,covid19india,,
Dadra and Nagar Haveli and Daman and Diu,2021-02-18,6133,208,6341,covid19india,,
Dadra and Nagar Haveli and Daman and Diu,2021-02-19,6473,322,6795,covid19india,,
Dadra and Nagar Haveli and Daman and Diu,2021-02-20,6674,457,7131,covid19india,,
Dadra and Nagar Haveli and Daman and Diu,2021-02-21,6674,457,7131,covid19india,,
Dadra and Nagar Haveli and Daman and Diu,2021-02-22,6786,506,7292,covid19india,,
Dadra and Nagar Haveli and Daman and Diu,2021-02-23,6836,515,7351,covid19india,,
Dadra and Nagar Haveli and Daman and Diu,2021-02-24,6905,520,7425,covid19india,,
Dadra and Nagar Haveli and Daman and Diu,2021-02-25,7403,591,7994,covid19india,,
Dadra and Nagar Haveli and Daman and Diu,2021-02-26,7723,719,8442,covid19india,,
Dadra and Nagar Haveli and Daman and Diu,2021-02-27,7723,719,8442,covid19india,,
Dadra and Nagar Haveli and Daman and Diu,2021-02-28,7723,719,8442,covid19india,,
Dadra and Nagar Haveli and Daman and Diu,2021-03-01,7434,821,8255,covid19india,,
Dadra and Nagar Haveli and Daman and Diu,2021-03-02,8052,901,8953,covid19india,,
Dadra and Nagar Haveli and Daman and Diu,2021-03-03,8915,1090,10005,covid19india,,
Dadra and Nagar Haveli and Daman and Diu,2021-03-04,9627,1340,10967,covid19india,,
Dadra and Nagar Haveli and Daman and Diu,2021-03-05,10563,1532,12095,covid19india,,
Dadra and Nagar Haveli and Daman and Diu,2021-03-06,11501,1725,13226,covid19india,,
Dadra and Nagar Haveli and Daman and Diu,2021-03-07,11501,1725,13226,covid19india,,
Dadra and Nagar Haveli and Daman and Diu,2021-03-08,12139,1859,13998,covid19india,,
Dadra and Nagar Haveli and Daman and Diu,2021-03-09,12560,2092,14652,covid19india,,
Dadra and Nagar Haveli and Daman and Diu,2021-03-10,13214,2342,15556,covid19india,,
Dadra and Nagar Haveli and Daman and Diu,2021-03-11,13214,2342,15556,covid19india,,
Dadra and Nagar Haveli and Daman and Diu,2021-03-12,14038,2650,16688,covid19india,,
Dadra and Nagar Haveli and Daman and Diu,2021-03-13,14478,2688,17166,covid19india,,
Dadra and Nagar Haveli and Daman and Diu,2021-03-14,14478,2688,17166,covid19india,,
Dadra and Nagar Haveli and Daman and Diu,2021-03-15,15215,2913,18128,covid19india,,
Dadra and Nagar Haveli and Daman and Diu,2021-03-16,15997,3035,19032,covid19india,,
Dadra and Nagar Haveli and Daman and Diu,2021-03-17,16642,3241,19883,covid19india,,
Dadra and Nagar Haveli and Daman and Diu,2021-03-18,17064,3424,20488,covid19india,,
Dadra and Nagar Haveli and Daman and Diu,2021-03-19,18004,3575,21579,covid19india,,
Dadra and Nagar Haveli and Daman and Diu,2021-03-20,18661,3663,22324,covid19india,,
Dadra and Nagar Haveli and Daman and Diu,2021-03-21,18661,3663,22324,covid19india,,
Dadra and Nagar Haveli and Daman and Diu,2021-03-22,19308,3684,22992,covid19india,,
Dadra and Nagar Haveli and Daman and Diu,2021-03-23,19979,3731,23710,covid19india,,
Dadra and Nagar Haveli and Daman and Diu,2021-03-24,20566,3772,24338,covid19india,,
Dadra and Nagar Haveli and Daman and Diu,2021-03-25,21004,3843,24847,covid19india,,
Dadra and Nagar Haveli and Daman and Diu,2021-03-26,21813,3984,25797,covid19india,,
Dadra and Nagar Haveli and Daman and Diu,2021-03-27,22249,4039,26288,covid19india,,
Dadra and Nagar Haveli and Daman and Diu,2021-03-28,22249,4039,26288,covid19india,,
Dadra and Nagar Haveli and Daman and Diu,2021-03-29,22249,4039,26288,covid19india,,
Dadra and Nagar Haveli and Daman and Diu,2021-03-30,22952,4279,27231,covid19india,,
Dadra and Nagar Haveli and Daman and Diu,2021-03-31,23619,4447,28066,covid19india,,
Dadra and Nagar Haveli and Daman and Diu,2021-04-01,26876,4731,31607,covid19india,,
Dadra and Nagar Haveli and Daman and Diu,2021-04-02,31564,6190,37754,covid19india,,
Dadra and Nagar Haveli and Daman and Diu,2021-04-03,34854,6496,41350,covid19india,,
Dadra and Nagar Haveli and Daman and Diu,2021-04-04,37685,6683,44368,covid19india,,
Dadra and Nagar Haveli and Daman and Diu,2021-04-05,41922,7200,49122,covid19india,,
Dadra and Nagar Haveli and Daman and Diu,2021-04-06,46211,7565,53776,covid19india,,
Dadra and Nagar Haveli and Daman and Diu,2021-04-07,49028,7815,56843,covid19india,,
Dadra and Nagar Haveli and Daman and Diu,2021-04-08,52156,8136,60292,covid19india,,
Dadra and Nagar Haveli and Daman and Diu,2021-04-09,55718,8442,64160,covid19india,,
Dadra and Nagar Haveli and Daman and Diu,2021-04-10,59130,8778,67908,covid19india,,
Dadra and Nagar Haveli and Daman and Diu,2021-04-11,61498,9025,70523,covid19india,,
Dadra and Nagar Haveli and Daman and Diu,2021-04-12,64704,9407,74111,covid19india,,
Dadra and Nagar Haveli and Daman and Diu,2021-04-13,66368,9697,76065,covid19india,,
Dadra and Nagar Haveli and Daman and Diu,2021-04-14,67859,10001,77860,covid19india,,
Dadra and Nagar Haveli and Daman and Diu,2021-04-15,69063,10376,79439,covid19india,,
Dadra and Nagar Haveli and Daman and Diu,2021-04-16,70628,10848,81476,covid19india,,
Dadra and Nagar Haveli and Daman and Diu,2021-04-17,71964,11179,83143,covid19india,,
Dadra and Nagar Haveli and Daman and Diu,2021-04-18,72365,11314,83679,covid19india,,
Dadra and Nagar Haveli and Daman and Diu,2021-04-19,73240,11705,84945,covid19india,,
Dadra and Nagar Haveli and Daman and Diu,2021-04-20,74293,12102,86395,covid19india,,
Dadra and Nagar Haveli and Daman and Diu,2021-04-21,74768,12311,87079,covid19india,,
Dadra and Nagar Haveli and Daman and Diu,2021-04-22,75414,12677,88091,covid19india,,
Dadra and Nagar Haveli and Daman and Diu,2021-04-23,76124,13062,89186,covid19india,,
Dadra and Nagar Haveli and Daman and Diu,2021-04-24,76716,13385,90101,covid19india,,
Dadra and Nagar Haveli and Daman and Diu,2021-04-25,76905,13545,90450,covid19india,,
Dadra and Nagar Haveli and Daman and Diu,2021-04-26,77374,14034,91408,covid19india,,
Dadra and Nagar Haveli and Daman and Diu,2021-04-27,77814,14486,92300,covid19india,,
Dadra and Nagar Haveli and Daman and Diu,2021-04-28,78216,14973,93189,covid19india,,
Dadra and Nagar Haveli and Daman and Diu,2021-04-29,78680,15468,94148,covid19india,,
Dadra and Nagar Haveli and Daman and Diu,2021-04-30,79358,16138,95496,covid19india,,
Dadra and Nagar Haveli and Daman and Diu,2021-05-01,79824,16580,96404,covid19india,,
Dadra and Nagar Haveli and Daman and Diu,2021-05-02,79890,16729,96619,covid19india,,
Dadra and Nagar Haveli and Daman and Diu,2021-05-03,80186,17238,97424,covid19india,,
Dadra and Nagar Haveli and Daman and Diu,2021-05-04,80478,17752,98230,covid19india,,
Dadra and Nagar Haveli and Daman and Diu,2021-05-05,80812,18320,99132,covid19india,,
Dadra and Nagar Haveli and Daman and Diu,2021-05-06,81148,19134,100282,covid19india,,
Dadra and Nagar Haveli and Daman and Diu,2021-05-07,81698,20094,101792,covid19india,,
Dadra and Nagar Haveli and Daman and Diu,2021-05-08,82064,20770,102834,covid19india,,
Dadra and Nagar Haveli and Daman and Diu,2021-05-09,82202,21057,103259,covid19india,,
Dadra and Nagar Haveli and Daman and Diu,2021-05-10,82510,21818,104328,covid19india,,
Dadra and Nagar Haveli and Daman and Diu,2021-05-11,82776,22478,105254,covid19india,,
Dadra and Nagar Haveli and Daman and Diu,2021-05-12,83082,22822,105904,covid19india,,
Dadra and Nagar Haveli and Daman and Diu,2021-05-13,85179,23652,108831,covid19india,,
Dadra and Nagar Haveli and Daman and Diu,2021-05-14,87618,24757,112375,covid19india,,
Dadra and Nagar Haveli and Daman and Diu,2021-05-15,90469,25850,116319,covid19india,,
Dadra and Nagar Haveli and Daman and Diu,2021-05-16,93571,25866,119437,covid19india,,
Dadra and Nagar Haveli and Daman and Diu,2021-05-17,96333,25872,122205,covid19india,,
Dadra and Nagar Haveli and Daman and Diu,2021-05-18,96768,25877,122645,covid19india,,
Dadra and Nagar Haveli and Daman and Diu,2021-05-19,99699,25880,125579,covid19india,,
Dadra and Nagar Haveli and Daman and Diu,2021-05-20,107689,25901,133590,covid19india,,
Dadra and Nagar Haveli and Daman and Diu,2021-05-21,114093,25901,139994,covid19india,,
Dadra and Nagar Haveli and Daman and Diu,2021-05-22,120336,25903,146239,covid19india,,
Dadra and Nagar Haveli and Daman and Diu,2021-05-23,124988,25904,150892,covid19india,,
Dadra and Nagar Haveli and Daman and Diu,2021-05-24,130906,25908,156814,covid19india,,
Dadra and Nagar Haveli and Daman and Diu,2021-05-25,136876,25913,162789,covid19india,,
Dadra and Nagar Haveli and Daman and Diu,2021-05-26,142759,25919,168678,covid19india,,
Dadra and Nagar Haveli and Daman and Diu,2021-05-27,148522,25937,174459,covid19india,,
Dadra and Nagar Haveli and Daman and Diu,2021-05-28,154694,25951,180645,covid19india,,
Dadra and Nagar Haveli and Daman and Diu,2021-05-29,160637,25958,186595,covid19india,,
Dadra and Nagar Haveli and Daman and Diu,2021-05-30,163805,25959,189764,covid19india,,
Dadra and Nagar Haveli and Daman and Diu,2021-05-31,170055,25974,196029,covid19india,,
Dadra and Nagar Haveli and Daman and Diu,2021-06-01,175957,25990,201947,covid19india,,
Dadra and Nagar Haveli and Daman and Diu,2021-06-02,181604,26005,207609,covid19india,,
Dadra and Nagar Haveli and Daman and Diu,2021-06-03,185733,26014,211747,covid19india,,
Dadra and Nagar Haveli and Daman and Diu,2021-06-04,189705,26035,215740,covid19india,,
Dadra and Nagar Haveli and Daman and Diu,2021-06-05,196910,26060,222970,covid19india,,
Dadra and Nagar Haveli and Daman and Diu,2021-06-06,197387,26065,223452,covid19india,,
Dadra and Nagar Haveli and Daman and Diu,2021-06-07,203098,26083,229181,covid19india,,
Dadra and Nagar Haveli and Daman and Diu,2021-06-08,209044,26144,235188,covid19india,,
Dadra and Nagar Haveli and Daman and Diu,2021-06-09,213961,26163,240124,covid19india,,
Dadra and Nagar Haveli and Daman and Diu,2021-06-10,218847,26194,245041,covid19india,,
Dadra and Nagar Haveli and Daman and Diu,2021-06-11,228400,26289,254689,covid19india,,
Dadra and Nagar Haveli and Daman and Diu,2021-06-12,240221,26343,266564,covid19india,,
Dadra and Nagar Haveli and Daman and Diu,2021-06-13,240534,26347,266881,covid19india,,
Dadra and Nagar Haveli and Daman and Diu,2021-06-14,245718,26413,272131,covid19india,,
Dadra and Nagar Haveli and Daman and Diu,2021-06-15,252377,26496,278873,covid19india,,
Dadra and Nagar Haveli and Daman and Diu,2021-06-16,258147,26605,284752,covid19india,,
Dadra and Nagar Haveli and Daman and Diu,2021-06-17,264072,26675,290747,covid19india,,
Dadra and Nagar Haveli and Daman and Diu,2021-06-18,270738,26748,297486,covid19india,,
Dadra and Nagar Haveli and Daman and Diu,2021-06-19,281381,26912,308293,covid19india,,
Dadra and Nagar Haveli and Daman and Diu,2021-06-20,281705,26931,308636,covid19india,,
Dadra and Nagar Haveli and Daman and Diu,2021-06-21,290155,27026,317181,covid19india,,
Dadra and Nagar Haveli and Daman and Diu,2021-06-22,297597,27240,324837,covid19india,,
Dadra and Nagar Haveli and Daman and Diu,2021-06-23,304463,27471,331934,covid19india,,
Dadra and Nagar Haveli and Daman and Diu,2021-06-24,312548,28134,340682,covid19india,,
Dadra and Nagar Haveli and Daman and Diu,2021-06-25,328396,29664,358060,covid19india,,
Dadra and Nagar Haveli and Daman and Diu,2021-06-26,341452,31909,373361,covid19india,,
Dadra and Nagar Haveli and Daman and Diu,2021-06-27,346710,32965,379675,covid19india,,
Dadra and Nagar Haveli and Daman and Diu,2021-06-28,359949,35525,395474,covid19india,,
Dadra and Nagar Haveli and Daman and Diu,2021-06-29,372895,37884,410779,covid19india,,
Dadra and Nagar Haveli and Daman and Diu,2021-06-30,387082,40234,427316,covid19india,,
Dadra and Nagar Haveli and Daman and Diu,2021-07-01,397945,42423,440368,covid19india,,
Dadra and Nagar Haveli and Daman and Diu,2021-07-02,407849,44695,452544,covid19india,,
Dadra and Nagar Haveli and Daman and Diu,2021-07-03,418710,47632,466342,covid19india,,
Dadra and Nagar Haveli and Daman and Diu,2021-07-04,422020,48412,470432,covid19india,,
Dadra and Nagar Haveli and Daman and Diu,2021-07-05,430106,50866,480972,covid19india,,
Dadra and Nagar Haveli and Daman and Diu,2021-07-06,437342,52908,490250,covid19india,,
Dadra and Nagar Haveli and Daman and Diu,2021-07-07,444209,54606,498815,covid19india,,
Dadra and Nagar Haveli and Daman and Diu,2021-07-08,450924,56128,507052,covid19india,,
Dadra and Nagar Haveli and Daman and Diu,2021-07-09,458219,57873,516092,covid19india,,
Dadra and Nagar Haveli and Daman and Diu,2021-07-10,466318,59768,526086,covid19india,,
Dadra and Nagar Haveli and Daman and Diu,2021-07-11,468934,60334,529268,covid19india,,
Dadra and Nagar Haveli and Daman and Diu,2021-07-12,476043,61578,537621,covid19india,,
Dadra and Nagar Haveli and Daman and Diu,2021-07-13,486920,62607,549527,covid19india,,
Dadra and Nagar Haveli and Daman and Diu,2021-07-14,493212,63690,556902,covid19india,,
Dadra and Nagar Haveli and Daman and Diu,2021-07-15,499137,64514,563651,covid19india,,
Dadra and Nagar Haveli and Daman and Diu,2021-07-16,505781,65426,571207,covid19india,,
Dadra and Nagar Haveli and Daman and Diu,2021-07-17,510842,66554,577396,covid19india,,
Dadra and Nagar Haveli and Daman and Diu,2021-07-18,511630,66824,578454,covid19india,,
Dadra and Nagar Haveli and Daman and Diu,2021-07-19,514774,67549,582323,covid19india,,
Dadra and Nagar Haveli and Daman and Diu,2021-07-20,518047,68353,586400,covid19india,,
Dadra and Nagar Haveli and Daman and Diu,2021-07-21,520173,68953,589126,covid19india,,
Dadra and Nagar Haveli and Daman and Diu,2021-07-22,523385,69726,593111,covid19india,,
Dadra and Nagar Haveli and Daman and Diu,2021-07-23,526625,70567,597192,covid19india,,
Dadra and Nagar Haveli and Daman and Diu,2021-07-24,530221,71351,601572,covid19india,,
Dadra and Nagar Haveli and Daman and Diu,2021-07-25,531085,71518,602603,covid19india,,
Dadra and Nagar Haveli and Daman and Diu,2021-07-26,534497,72112,606609,covid19india,,
Dadra and Nagar Haveli and Daman and Diu,2021-07-27,538592,72646,611238,covid19india,,
Dadra and Nagar Haveli and Daman and Diu,2021-07-28,542315,73151,615466,covid19india,,
Dadra and Nagar Haveli and Daman and Diu,2021-07-29,546223,73618,619841,covid19india,,
Dadra and Nagar Haveli and Daman and Diu,2021-07-30,550146,74152,624298,covid19india,,
Dadra and Nagar Haveli and Daman and Diu,2021-07-31,556625,74817,631442,covid19india,,
Dadra and Nagar Haveli and Daman and Diu,2021-08-01,557768,74936,632704,covid19india,,
Dadra and Nagar Haveli and Daman and Diu,2021-08-02,561632,75344,636976,covid19india,,
Dadra and Nagar Haveli and Daman and Diu,2021-08-03,565527,75705,641232,covid19india,,
Dadra and Nagar Haveli and Daman and Diu,2021-08-04,568719,76092,644811,covid19india,,
Dadra and Nagar Haveli and Daman and Diu,2021-08-05,572246,76700,648946,covid19india,,
Dadra and Nagar Haveli and Daman and Diu,2021-08-06,576133,77418,653551,covid19india,,
Dadra and Nagar Haveli and Daman and Diu,2021-08-07,580321,78889,659210,covid19india,,
Dadra and Nagar Haveli and Daman and Diu,2021-08-08,581393,79477,660870,covid19india,,
Dadra and Nagar Haveli and Daman and Diu,2021-08-09,584400,80828,665228,covid19india,,
Dadra and Nagar Haveli and Daman and Diu,2021-08-10,587610,81895,669505,covid19india,,
Dadra and Nagar Haveli and Daman and Diu,2021-08-11,590526,83057,673583,covid19india,,
Dadra and Nagar Haveli and Daman and Diu,2021-08-12,593183,84741,677924,covid19india,,
Dadra and Nagar Haveli and Daman and Diu,2021-08-13,595648,86756,682404,covid19india,,
Dadra and Nagar Haveli and Daman and Diu,2021-08-14,598356,90398,688754,covid19india,,
Dadra and Nagar Haveli and Daman and Diu,2021-08-15,598472,90990,689462,covid19india,,
Dadra and Nagar Haveli and Daman and Diu,2021-08-16,600165,93608,693773,covid19india,,
Dadra and Nagar Haveli and Daman and Diu,2021-08-17,602301,96508,698809,covid19india,,
Dadra and Nagar Haveli and Daman and Diu,2021-08-18,603824,99226,703050,covid19india,,
Dadra and Nagar Haveli and Daman and Diu,2021-08-19,604984,101785,706769,covid19india,,
Dadra and Nagar Haveli and Daman and Diu,2021-08-20,606155,105036,711191,covid19india,,
Dadra and Nagar Haveli and Daman and Diu,2021-08-21,607359,109613,716972,covid19india,,
Dadra and Nagar Haveli and Daman and Diu,2021-08-22,607380,109653,717033,covid19india,,
Dadra and Nagar Haveli and Daman and Diu,2021-08-23,608777,113668,722445,covid19india,,
Dadra and Nagar Haveli and Daman and Diu,2021-08-24,609992,117810,727802,covid19india,,
Dadra and Nagar Haveli and Daman and Diu,2021-08-25,611227,121517,732744,covid19india,,
Dadra and Nagar Haveli and Daman and Diu,2021-08-26,612113,124820,736933,covid19india,,
Dadra and Nagar Haveli and Daman and Diu,2021-08-27,613532,128838,742370,covid19india,,
Dadra and Nagar Haveli and Daman and Diu,2021-08-29,615190,135647,750837,covid19india,,
Dadra and Nagar Haveli and Daman and Diu,2021-08-30,616320,138360,754680,covid19india,,
Dadra and Nagar Haveli and Daman and Diu,2021-08-31,617181,141149,758330,covid19india,,
Dadra and Nagar Haveli and Daman and Diu,2021-09-01,618207,144435,762642,covid19india,,
Dadra and Nagar Haveli and Daman and Diu,2021-09-02,619337,148100,767437,covid19india,,
Dadra and Nagar Haveli and Daman and Diu,2021-09-03,620459,152298,772757,covid19india,,
Dadra and Nagar Haveli and Daman and Diu,2021-09-04,621571,158661,780232,covid19india,,
Dadra and Nagar Haveli and Daman and Diu,2021-09-05,621727,159109,780836,covid19india,,
Dadra and Nagar Haveli and Daman and Diu,2021-09-06,622934,163666,786600,covid19india,,
Dadra and Nagar Haveli and Daman and Diu,2021-09-07,624022,167475,791497,covid19india,,
Dadra and Nagar Haveli and Daman and Diu,2021-09-08,624788,170260,795048,covid19india,,
Dadra and Nagar Haveli and Daman and Diu,2021-09-09,625825,174558,800383,covid19india,,
Dadra and Nagar Haveli and Daman and Diu,2021-09-10,626221,175745,801966,covid19india,,
Dadra and Nagar Haveli and Daman and Diu,2021-09-11,627251,181157,808408,covid19india,,
Dadra and Nagar Haveli and Daman and Diu,2021-09-12,627358,181598,808956,covid19india,,
Dadra and Nagar Haveli and Daman and Diu,2021-09-13,628058,185272,813330,covid19india,,
Dadra and Nagar Haveli and Daman and Diu,2021-09-14,628888,189191,818079,covid19india,,
Dadra and Nagar Haveli and Daman and Diu,2021-09-15,629843,193566,823409,covid19india,,
Dadra and Nagar Haveli and Daman and Diu,2021-09-16,631041,198880,829921,covid19india,,
Dadra and Nagar Haveli and Daman and Diu,2021-09-17,633935,208027,841962,covid19india,,
Dadra and Nagar Haveli and Daman and Diu,2021-09-18,635059,216298,851357,covid19india,,
Dadra and Nagar Haveli and Daman and Diu,2021-09-19,635180,216846,852026,covid19india,,
Dadra and Nagar Haveli and Daman and Diu,2021-09-20,636358,222963,859321,covid19india,,
Dadra and Nagar Haveli and Daman and Diu,2021-09-21,637598,229417,867015,covid19india,,
Dadra and Nagar Haveli and Daman and Diu,2021-09-22,638610,234786,873396,covid19india,,
Dadra and Nagar Haveli and Daman and Diu,2021-09-23,639888,240933,880821,covid19india,,
Dadra and Nagar Haveli and Daman and Diu,2021-09-24,640953,247438,888391,covid19india,,
Dadra and Nagar Haveli and Daman and Diu,2021-09-25,642216,255477,897693,covid19india,,
Dadra and Nagar Haveli and Daman and Diu,2021-09-26,642337,256092,898429,covid19india,,
Dadra and Nagar Haveli and Daman and Diu,2021-09-27,643397,262123,905520,covid19india,,
Dadra and Nagar Haveli and Daman and Diu,2021-09-28,644388,267739,912127,covid19india,,
Dadra and Nagar Haveli and Daman and Diu,2021-09-29,645092,271374,916466,covid19india,,
Dadra and Nagar Haveli and Daman and Diu,2021-09-30,645819,276491,922310,covid19india,,
Dadra and Nagar Haveli and Daman and Diu,2021-10-01,646842,284835,931677,covid19india,,
Dadra and Nagar Haveli and Daman and Diu,2021-10-02,646876,285133,932009,covid19india,,
Dadra and Nagar Haveli and Daman and Diu,2021-10-03,647029,285955,932984,covid19india,,
Dadra and Nagar Haveli and Daman and Diu,2021-10-04,648159,293414,941573,covid19india,,
Dadra and Nagar Haveli and Daman and Diu,2021-10-05,649205,299745,948950,covid19india,,
Dadra and Nagar Haveli and Daman and Diu,2021-10-06,650036,303688,953724,covid19india,,
Dadra and Nagar Haveli and Daman and Diu,2021-10-07,650638,307507,958145,covid19india,,
Dadra and Nagar Haveli and Daman and Diu,2021-10-08,651335,312217,963552,covid19india,,
Dadra and Nagar Haveli and Daman and Diu,2021-10-09,651983,317080,969063,covid19india,,
Dadra and Nagar Haveli and Daman and Diu,2021-10-10,652044,317510,969554,covid19india,,
Dadra and Nagar Haveli and Daman and Diu,2021-10-11,652728,321662,974390,covid19india,,
Delhi,2021-01-16,4319,0,4319,covid19india,,
Delhi,2021-01-18,7968,0,7968,covid19india,,
Delhi,2021-01-19,12441,0,12441,covid19india,,
Delhi,2021-01-20,12902,0,12902,covid19india,,
Delhi,2021-01-21,18844,0,18844,covid19india,,
Delhi,2021-01-22,18844,0,18844,covid19india,,
Delhi,2021-01-23,25811,0,25811,covid19india,,
Delhi,2021-01-24,25811,0,25811,covid19india,,
Delhi,2021-01-25,33219,0,33219,covid19india,,
Delhi,2021-01-26,33219,0,33219,covid19india,,
Delhi,2021-01-27,39764,0,39764,covid19india,,
Delhi,2021-01-28,48008,0,48008,covid19india,,
Delhi,2021-01-29,48008,0,48008,covid19india,,
Delhi,2021-01-30,56818,0,56818,covid19india,,
Delhi,2021-01-31,56818,0,56818,covid19india,,
Delhi,2021-02-01,64711,0,64711,covid19india,,
Delhi,2021-02-02,74068,0,74068,covid19india,,
Delhi,2021-02-03,81433,0,81433,covid19india,,
Delhi,2021-02-04,90927,0,90927,covid19india,,
Delhi,2021-02-05,100079,0,100079,covid19india,,
Delhi,2021-02-06,109589,0,109589,covid19india,,
Delhi,2021-02-07,109589,0,109589,covid19india,,
Delhi,2021-02-08,119329,0,119329,covid19india,,
Delhi,2021-02-09,132046,0,132046,covid19india,,
Delhi,2021-02-10,146789,0,146789,covid19india,,
Delhi,2021-02-11,162596,0,162596,covid19india,,
Delhi,2021-02-12,177439,0,177439,covid19india,,
Delhi,2021-02-13,189351,1856,191207,covid19india,,
Delhi,2021-02-14,189351,1856,191207,covid19india,,
Delhi,2021-02-15,202125,4047,206172,covid19india,,
Delhi,2021-02-16,214646,6579,221225,covid19india,,
Delhi,2021-02-17,228911,7651,236562,covid19india,,
Delhi,2021-02-18,249791,11188,260979,covid19india,,
Delhi,2021-02-19,272322,12978,285300,covid19india,,
Delhi,2021-02-20,294081,17329,311410,covid19india,,
Delhi,2021-02-21,294081,17329,311410,covid19india,,
Delhi,2021-02-22,315841,22788,338629,covid19india,,
Delhi,2021-02-23,334333,24762,359095,covid19india,,
Delhi,2021-02-24,348669,29025,377694,covid19india,,
Delhi,2021-02-25,362072,34567,396639,covid19india,,
Delhi,2021-02-26,372906,37053,409959,covid19india,,
Delhi,2021-02-27,372906,37053,409959,covid19india,,
Delhi,2021-02-28,372906,37053,409959,covid19india,,
Delhi,2021-03-01,385341,40139,425480,covid19india,,
Delhi,2021-03-02,402942,43815,446757,covid19india,,
Delhi,2021-03-03,423800,48011,471811,covid19india,,
Delhi,2021-03-04,446950,52820,499770,covid19india,,
Delhi,2021-03-05,468847,57980,526827,covid19india,,
Delhi,2021-03-06,494939,65135,560074,covid19india,,
Delhi,2021-03-07,494939,65135,560074,covid19india,,
Delhi,2021-03-08,523361,72451,595812,covid19india,,
Delhi,2021-03-09,549097,80954,630051,covid19india,,
Delhi,2021-03-10,571616,89375,660991,covid19india,,
Delhi,2021-03-11,593382,97050,690432,covid19india,,
Delhi,2021-03-12,614404,106603,721007,covid19india,,
Delhi,2021-03-13,643787,117073,760860,covid19india,,
Delhi,2021-03-14,643787,117073,760860,covid19india,,
Delhi,2021-03-15,673477,127125,800602,covid19india,,
Delhi,2021-03-16,700600,138439,839039,covid19india,,
Delhi,2021-03-17,719872,147561,867433,covid19india,,
Delhi,2021-03-18,746426,161571,907997,covid19india,,
Delhi,2021-03-19,764919,172577,937496,covid19india,,
Delhi,2021-03-20,797588,186677,984265,covid19india,,
Delhi,2021-03-21,797941,186714,984655,covid19india,,
Delhi,2021-03-22,829091,201626,1030717,covid19india,,
Delhi,2021-03-23,857007,212720,1069727,covid19india,,
Delhi,2021-03-24,874509,219920,1094429,covid19india,,
Delhi,2021-03-25,906665,227967,1134632,covid19india,,
Delhi,2021-03-26,923905,232641,1156546,covid19india,,
Delhi,2021-03-27,959715,237160,1196875,covid19india,,
Delhi,2021-03-28,959715,237160,1196875,covid19india,,
Delhi,2021-03-29,960057,237170,1197227,covid19india,,
Delhi,2021-03-30,993695,244260,1237955,covid19india,,
Delhi,2021-03-31,1014199,251453,1265652,covid19india,,
Delhi,2021-04-01,1076552,260201,1336753,covid19india,,
Delhi,2021-04-02,1156290,273623,1429913,covid19india,,
Delhi,2021-04-03,1217323,281444,1498767,covid19india,,
Delhi,2021-04-04,1296408,286639,1583047,covid19india,,
Delhi,2021-04-05,1373454,299084,1672538,covid19india,,
Delhi,2021-04-06,1445636,310353,1755989,covid19india,,
Delhi,2021-04-07,1481156,318250,1799406,covid19india,,
Delhi,2021-04-08,1565598,331955,1897553,covid19india,,
Delhi,2021-04-09,1613241,343552,1956793,covid19india,,
Delhi,2021-04-10,1705369,357342,2062711,covid19india,,
Delhi,2021-04-11,1780624,365116,2145740,covid19india,,
Delhi,2021-04-12,1855516,380411,2235927,covid19india,,
Delhi,2021-04-13,1912085,392901,2304986,covid19india,,
Delhi,2021-04-14,1971296,405718,2377014,covid19india,,
Delhi,2021-04-15,2032057,422908,2454965,covid19india,,
Delhi,2021-04-16,2065707,438387,2504094,covid19india,,
Delhi,2021-04-17,2121119,451598,2572717,covid19india,,
Delhi,2021-04-18,2162311,458984,2621295,covid19india,,
Delhi,2021-04-19,2202789,479376,2682165,covid19india,,
Delhi,2021-04-20,2238274,494248,2732522,covid19india,,
Delhi,2021-04-21,2277806,509326,2787132,covid19india,,
Delhi,2021-04-22,2326052,529698,2855750,covid19india,,
Delhi,2021-04-23,2347478,544522,2892000,covid19india,,
Delhi,2021-04-24,2395943,566310,2962253,covid19india,,
Delhi,2021-04-25,2425355,578140,3003495,covid19india,,
Delhi,2021-04-26,2461953,599601,3061554,covid19india,,
Delhi,2021-04-27,2495694,619171,3114865,covid19india,,
Delhi,2021-04-28,2512517,635401,3147918,covid19india,,
Delhi,2021-04-29,2558207,666732,3224939,covid19india,,
Delhi,2021-04-30,2581796,690332,3272128,covid19india,,
Delhi,2021-05-01,2615985,712661,3328646,covid19india,,
Delhi,2021-05-02,2613232,711690,3324922,covid19india,,
Delhi,2021-05-03,2674884,739324,3414208,covid19india,,
Delhi,2021-05-04,2740053,764655,3504708,covid19india,,
Delhi,2021-05-05,2796271,776040,3572311,covid19india,,
Delhi,2021-05-06,2877331,810452,3687783,covid19india,,
Delhi,2021-05-07,2945498,822549,3768047,covid19india,,
Delhi,2021-05-08,3035798,861391,3897189,covid19india,,
Delhi,2021-05-09,3036965,862006,3898971,covid19india,,
Delhi,2021-05-10,3130604,909119,4039723,covid19india,,
Delhi,2021-05-11,3214877,954260,4169137,covid19india,,
Delhi,2021-05-12,3277102,966756,4243858,covid19india,,
Delhi,2021-05-13,3360072,1007326,4367398,covid19india,,
Delhi,2021-05-14,3364123,1008618,4372741,covid19india,,
Delhi,2021-05-15,3444325,1046467,4490792,covid19india,,
Delhi,2021-05-16,3523829,1057950,4581779,covid19india,,
Delhi,2021-05-17,3617488,1077528,4695016,covid19india,,
Delhi,2021-05-18,3706105,1094619,4800724,covid19india,,
Delhi,2021-05-19,3767910,1101743,4869653,covid19india,,
Delhi,2021-05-20,3847988,1123011,4970999,covid19india,,
Delhi,2021-05-21,3889621,1131811,5021432,covid19india,,
Delhi,2021-05-22,3934347,1151356,5085703,covid19india,,
Delhi,2021-05-23,3940310,1151602,5091912,covid19india,,
Delhi,2021-05-24,3980899,1165939,5146838,covid19india,,
Delhi,2021-05-25,4014576,1176447,5191023,covid19india,,
Delhi,2021-05-26,4045357,1179883,5225240,covid19india,,
Delhi,2021-05-27,4078916,1185319,5264235,covid19india,,
Delhi,2021-05-28,4099366,1188733,5288099,covid19india,,
Delhi,2021-05-29,4138523,1203863,5342386,covid19india,,
Delhi,2021-05-30,4147862,1204281,5352143,covid19india,,
Delhi,2021-05-31,4185072,1224334,5409406,covid19india,,
Delhi,2021-06-01,4219039,1241241,5460280,covid19india,,
Delhi,2021-06-02,4249118,1249311,5498429,covid19india,,
Delhi,2021-06-03,4287731,1264584,5552315,covid19india,,
Delhi,2021-06-04,4323413,1269663,5593076,covid19india,,
Delhi,2021-06-05,4366392,1284915,5651307,covid19india,,
Delhi,2021-06-06,4381431,1285767,5667198,covid19india,,
Delhi,2021-06-07,4415335,1318154,5733489,covid19india,,
Delhi,2021-06-08,4441272,1340732,5782004,covid19india,,
Delhi,2021-06-09,4467395,1363193,5830588,covid19india,,
Delhi,2021-06-10,4517655,1394163,5911818,covid19india,,
Delhi,2021-06-11,4578721,1412047,5990768,covid19india,,
Delhi,2021-06-12,4633790,1440397,6074187,covid19india,,
Delhi,2021-06-13,4645751,1442900,6088651,covid19india,,
Delhi,2021-06-14,4687323,1463616,6150939,covid19india,,
Delhi,2021-06-15,4715919,1488293,6204212,covid19india,,
Delhi,2021-06-16,4752339,1506598,6258937,covid19india,,
Delhi,2021-06-17,4812748,1536175,6348923,covid19india,,
Delhi,2021-06-18,4875003,1551300,6426303,covid19india,,
Delhi,2021-06-19,4938050,1576775,6514825,covid19india,,
Delhi,2021-06-20,4948386,1578381,6526767,covid19india,,
Delhi,2021-06-21,5006896,1595966,6602862,covid19india,,
Delhi,2021-06-22,5072902,1614554,6687456,covid19india,,
Delhi,2021-06-23,5172626,1625636,6798262,covid19india,,
Delhi,2021-06-24,5309691,1645403,6955094,covid19india,,
Delhi,2021-06-25,5456734,1664891,7121625,covid19india,,
Delhi,2021-06-26,5629464,1700206,7329670,covid19india,,
Delhi,2021-06-27,5636415,1702823,7339238,covid19india,,
Delhi,2021-06-28,5801127,1742820,7543947,covid19india,,
Delhi,2021-06-29,5967041,1780228,7747269,covid19india,,
Delhi,2021-06-30,6088881,1804655,7893536,covid19india,,
Delhi,2021-07-01,6214716,1836645,8051361,covid19india,,
Delhi,2021-07-02,6345193,1866900,8212093,covid19india,,
Delhi,2021-07-03,6466497,1906836,8373333,covid19india,,
Delhi,2021-07-04,6472151,1910688,8382839,covid19india,,
Delhi,2021-07-05,6523882,1939807,8463689,covid19india,,
Delhi,2021-07-06,6543046,1955333,8498379,covid19india,,
Delhi,2021-07-07,6554851,1965905,8520756,covid19india,,
Delhi,2021-07-08,6666304,2013480,8679784,covid19india,,
Delhi,2021-07-09,6761670,2049346,8811016,covid19india,,
Delhi,2021-07-10,6814195,2076571,8890766,covid19india,,
Delhi,2021-07-11,6821204,2080422,8901626,covid19india,,
Delhi,2021-07-12,6843441,2094499,8937940,covid19india,,
Delhi,2021-07-13,6957233,2131485,9088718,covid19india,,
Delhi,2021-07-14,7002464,2151254,9153718,covid19india,,
Delhi,2021-07-15,7023654,2163251,9186905,covid19india,,
Delhi,2021-07-16,7086074,2188248,9274322,covid19india,,
Delhi,2021-07-17,7134416,2211701,9346117,covid19india,,
Delhi,2021-07-18,7141469,2216009,9357478,covid19india,,
Delhi,2021-07-19,7158176,2225291,9383467,covid19india,,
Delhi,2021-07-20,7200320,2255149,9455469,covid19india,,
Delhi,2021-07-21,7230289,2288595,9518884,covid19india,,
Delhi,2021-07-22,7252529,2314978,9567507,covid19india,,
Delhi,2021-07-23,7268264,2335433,9603697,covid19india,,
Delhi,2021-07-24,7289525,2384076,9673601,covid19india,,
Delhi,2021-07-25,7296521,2387695,9684216,covid19india,,
Delhi,2021-07-26,7311091,2430507,9741598,covid19india,,
Delhi,2021-07-27,7324923,2454517,9779440,covid19india,,
Delhi,2021-07-28,7336542,2500705,9837247,covid19india,,
Delhi,2021-07-29,7350096,2559680,9909776,covid19india,,
Delhi,2021-07-30,7363608,2601930,9965538,covid19india,,
Delhi,2021-07-31,7426572,2667257,10093829,covid19india,,
Delhi,2021-08-01,7435141,2671573,10106714,covid19india,,
Delhi,2021-08-02,7482004,2716719,10198723,covid19india,,
Delhi,2021-08-03,7533336,2762066,10295402,covid19india,,
Delhi,2021-08-04,7579306,2802327,10381633,covid19india,,
Delhi,2021-08-05,7630307,2841491,10471798,covid19india,,
Delhi,2021-08-06,7684071,2875606,10559677,covid19india,,
Delhi,2021-08-07,7744261,2935475,10679736,covid19india,,
Delhi,2021-08-08,7750023,2940832,10690855,covid19india,,
Delhi,2021-08-09,7835664,3000596,10836260,covid19india,,
Delhi,2021-08-10,7930829,3057218,10988047,covid19india,,
Delhi,2021-08-11,8002412,3101586,11103998,covid19india,,
Delhi,2021-08-12,8086022,3151675,11237697,covid19india,,
Delhi,2021-08-13,8160786,3197487,11358273,covid19india,,
Delhi,2021-08-14,8251002,3265001,11516003,covid19india,,
Delhi,2021-08-15,8253109,3266946,11520055,covid19india,,
Delhi,2021-08-16,8363219,3313053,11676272,covid19india,,
Delhi,2021-08-17,8478252,3355373,11833625,covid19india,,
Delhi,2021-08-18,8579961,3391632,11971593,covid19india,,
Delhi,2021-08-19,8686703,3429839,12116542,covid19india,,
Delhi,2021-08-20,8778224,3460511,12238735,covid19india,,
Delhi,2021-08-21,8839662,3486620,12326282,covid19india,,
Delhi,2021-08-22,8843040,3488587,12331627,covid19india,,
Delhi,2021-08-23,8943199,3531692,12474891,covid19india,,
Delhi,2021-08-24,9045549,3574598,12620147,covid19india,,
Delhi,2021-08-25,9112787,3606507,12719294,covid19india,,
Delhi,2021-08-26,9223738,3654648,12878386,covid19india,,
Delhi,2021-08-27,9328246,3703892,13032138,covid19india,,
Delhi,2021-08-29,9452898,3775941,13228839,covid19india,,
Delhi,2021-08-30,9559709,3822954,13382663,covid19india,,
Delhi,2021-08-31,9657438,3861137,13518575,covid19india,,
Delhi,2021-09-01,9737352,3894298,13631650,covid19india,,
Delhi,2021-09-02,9844043,3941423,13785466,covid19india,,
Delhi,2021-09-03,9938147,3989233,13927380,covid19india,,
Delhi,2021-09-04,10040997,4054808,14095805,covid19india,,
Delhi,2021-09-05,10043337,4060977,14104314,covid19india,,
Delhi,2021-09-06,10150005,4117239,14267244,covid19india,,
Delhi,2021-09-07,10264809,4175368,14440177,covid19india,,
Delhi,2021-09-08,10361911,4223666,14585577,covid19india,,
Delhi,2021-09-09,10463136,4275970,14739106,covid19india,,
Delhi,2021-09-10,10554086,4326718,14880804,covid19india,,
Delhi,2021-09-11,10632504,4378313,15010817,covid19india,,
Delhi,2021-09-12,10637850,4384839,15022689,covid19india,,
Delhi,2021-09-13,10741515,4446113,15187628,covid19india,,
Delhi,2021-09-14,10843365,4509502,15352867,covid19india,,
Delhi,2021-09-15,10926463,4564261,15490724,covid19india,,
Delhi,2021-09-16,11004212,4622676,15626888,covid19india,,
Delhi,2021-09-17,11088466,4691375,15779841,covid19india,,
Delhi,2021-09-18,11192923,4790446,15983369,covid19india,,
Delhi,2021-09-19,11203425,4801807,16005232,covid19india,,
Delhi,2021-09-20,11314869,4901345,16216214,covid19india,,
Delhi,2021-09-21,11413942,4998448,16412390,covid19india,,
Delhi,2021-09-22,11500638,5088168,16588806,covid19india,,
Delhi,2021-09-23,11586343,5190550,16776893,covid19india,,
Delhi,2021-09-24,11657446,5281839,16939285,covid19india,,
Delhi,2021-09-25,11739928,5409223,17149151,covid19india,,
Delhi,2021-09-26,11749447,5421597,17171044,covid19india,,
Delhi,2021-09-27,11840383,5536668,17377051,covid19india,,
Delhi,2021-09-28,11921965,5635787,17557752,covid19india,,
Delhi,2021-09-29,11993231,5716816,17710047,covid19india,,
Delhi,2021-09-30,12068732,5810576,17879308,covid19india,,
Delhi,2021-10-01,12144237,5921236,18065473,covid19india,,
Delhi,2021-10-02,12198840,6004092,18202932,covid19india,,
Delhi,2021-10-03,12206308,6015062,18221370,covid19india,,
Delhi,2021-10-04,12277728,6116365,18394093,covid19india,,
Delhi,2021-10-05,12337877,6209956,18547833,covid19india,,
Delhi,2021-10-06,12381420,6277772,18659192,covid19india,,
Delhi,2021-10-07,12417667,6332321,18749988,covid19india,,
Delhi,2021-10-08,12457407,6400078,18857485,covid19india,,
Delhi,2021-10-09,12511988,6499860,19011848,covid19india,,
Delhi,2021-10-10,12536222,6523550,19059772,covid19india,,
Delhi,2021-10-11,12588827,6600202,19189029,covid19india,,
Goa,2021-01-16,426,0,426,covid19india,,
Goa,2021-01-18,426,0,426,covid19india,,
Goa,2021-01-19,426,0,426,covid19india,,
Goa,2021-01-20,426,0,426,covid19india,,
Goa,2021-01-21,426,0,426,covid19india,,
Goa,2021-01-22,946,0,946,covid19india,,
Goa,2021-01-23,1561,0,1561,covid19india,,
Goa,2021-01-24,1561,0,1561,covid19india,,
Goa,2021-01-25,1796,0,1796,covid19india,,
Goa,2021-01-26,1796,0,1796,covid19india,,
Goa,2021-01-27,2311,0,2311,covid19india,,
Goa,2021-01-28,2882,0,2882,covid19india,,
Goa,2021-01-29,3391,0,3391,covid19india,,
Goa,2021-01-30,4117,0,4117,covid19india,,
Goa,2021-01-31,4117,0,4117,covid19india,,
Goa,2021-02-01,4509,0,4509,covid19india,,
Goa,2021-02-02,5422,0,5422,covid19india,,
Goa,2021-02-03,6326,0,6326,covid19india,,
Goa,2021-02-04,7193,0,7193,covid19india,,
Goa,2021-02-05,7939,0,7939,covid19india,,
Goa,2021-02-06,8257,0,8257,covid19india,,
Goa,2021-02-07,8257,0,8257,covid19india,,
Goa,2021-02-08,8352,0,8352,covid19india,,
Goa,2021-02-09,8929,0,8929,covid19india,,
Goa,2021-02-10,9961,0,9961,covid19india,,
Goa,2021-02-11,11391,0,11391,covid19india,,
Goa,2021-02-12,12949,0,12949,covid19india,,
Goa,2021-02-13,13166,517,13683,covid19india,,
Goa,2021-02-14,13166,517,13683,covid19india,,
Goa,2021-02-15,13166,517,13683,covid19india,,
Goa,2021-02-16,13147,354,13501,covid19india,,
Goa,2021-02-17,13692,354,14046,covid19india,,
Goa,2021-02-18,13862,356,14218,covid19india,,
Goa,2021-02-19,14386,634,15020,covid19india,,
Goa,2021-02-20,15070,1113,16183,covid19india,,
Goa,2021-02-21,15070,1113,16183,covid19india,,
Goa,2021-02-22,15542,1269,16811,covid19india,,
Goa,2021-02-23,15804,1280,17084,covid19india,,
Goa,2021-02-24,16741,1559,18300,covid19india,,
Goa,2021-02-25,17875,1918,19793,covid19india,,
Goa,2021-02-26,18722,2072,20794,covid19india,,
Goa,2021-02-27,18722,2072,20794,covid19india,,
Goa,2021-02-28,18722,2072,20794,covid19india,,
Goa,2021-03-01,20622,2321,22943,covid19india,,
Goa,2021-03-02,23200,3208,26408,covid19india,,
Goa,2021-03-03,26530,3971,30501,covid19india,,
Goa,2021-03-04,30473,5009,35482,covid19india,,
Goa,2021-03-05,33856,5910,39766,covid19india,,
Goa,2021-03-06,36733,6318,43051,covid19india,,
Goa,2021-03-07,36740,6318,43058,covid19india,,
Goa,2021-03-08,40162,6639,46801,covid19india,,
Goa,2021-03-09,43354,7055,50409,covid19india,,
Goa,2021-03-10,46796,7819,54615,covid19india,,
Goa,2021-03-11,48076,8767,56843,covid19india,,
Goa,2021-03-12,52051,10122,62173,covid19india,,
Goa,2021-03-13,55691,10452,66143,covid19india,,
Goa,2021-03-14,55691,10452,66143,covid19india,,
Goa,2021-03-15,60779,11015,71794,covid19india,,
Goa,2021-03-16,65941,11395,77336,covid19india,,
Goa,2021-03-17,68755,11821,80576,covid19india,,
Goa,2021-03-18,71086,12010,83096,covid19india,,
Goa,2021-03-19,73840,12544,86384,covid19india,,
Goa,2021-03-20,76489,13019,89508,covid19india,,
Goa,2021-03-21,76489,13019,89508,covid19india,,
Goa,2021-03-22,79363,13598,92961,covid19india,,
Goa,2021-03-23,81950,13884,95834,covid19india,,
Goa,2021-03-24,84491,14521,99012,covid19india,,
Goa,2021-03-25,86915,15032,101947,covid19india,,
Goa,2021-03-26,89353,15719,105072,covid19india,,
Goa,2021-03-27,91828,15892,107720,covid19india,,
Goa,2021-03-28,91828,15892,107720,covid19india,,
Goa,2021-03-29,92572,16030,108602,covid19india,,
Goa,2021-03-30,95243,17411,112654,covid19india,,
Goa,2021-03-31,97320,18430,115750,covid19india,,
Goa,2021-04-01,100899,19506,120405,covid19india,,
Goa,2021-04-02,109280,20895,130175,covid19india,,
Goa,2021-04-03,112067,21751,133818,covid19india,,
Goa,2021-04-04,114143,22023,136166,covid19india,,
Goa,2021-04-05,117638,23387,141025,covid19india,,
Goa,2021-04-06,121132,24656,145788,covid19india,,
Goa,2021-04-07,124443,25734,150177,covid19india,,
Goa,2021-04-08,128428,26948,155376,covid19india,,
Goa,2021-04-09,133271,28793,162064,covid19india,,
Goa,2021-04-10,140447,30685,171132,covid19india,,
Goa,2021-04-11,147239,31151,178390,covid19india,,
Goa,2021-04-12,154531,33557,188088,covid19india,,
Goa,2021-04-13,158199,34357,192556,covid19india,,
Goa,2021-04-14,167525,35698,203223,covid19india,,
Goa,2021-04-15,173929,39213,213142,covid19india,,
Goa,2021-04-16,182592,42392,224984,covid19india,,
Goa,2021-04-17,191878,45278,237156,covid19india,,
Goa,2021-04-18,198368,46209,244577,covid19india,,
Goa,2021-04-19,204861,48923,253784,covid19india,,
Goa,2021-04-20,212256,52107,264363,covid19india,,
Goa,2021-04-21,218280,54563,272843,covid19india,,
Goa,2021-04-22,224566,56863,281429,covid19india,,
Goa,2021-04-23,230436,59251,289687,covid19india,,
Goa,2021-04-24,237654,61584,299238,covid19india,,
Goa,2021-04-25,241453,62556,304009,covid19india,,
Goa,2021-04-26,248297,64730,313027,covid19india,,
Goa,2021-04-27,256198,67029,323227,covid19india,,
Goa,2021-04-28,262813,68918,331731,covid19india,,
Goa,2021-04-29,269799,70944,340743,covid19india,,
Goa,2021-04-30,277125,72593,349718,covid19india,,
Goa,2021-05-01,282295,73435,355730,covid19india,,
Goa,2021-05-02,284559,73720,358279,covid19india,,
Goa,2021-05-03,288525,74784,363309,covid19india,,
Goa,2021-05-04,292306,75941,368247,covid19india,,
Goa,2021-05-05,295620,77408,373028,covid19india,,
Goa,2021-05-06,300071,79251,379322,covid19india,,
Goa,2021-05-07,304465,81236,385701,covid19india,,
Goa,2021-05-08,308443,83002,391445,covid19india,,
Goa,2021-05-09,309994,83450,393444,covid19india,,
Goa,2021-05-10,313476,85124,398600,covid19india,,
Goa,2021-05-11,317060,87136,404196,covid19india,,
Goa,2021-05-12,320771,88926,409697,covid19india,,
Goa,2021-05-13,325994,90824,416818,covid19india,,
Goa,2021-05-14,331220,92524,423744,covid19india,,
Goa,2021-05-15,340203,94196,434399,covid19india,,
Goa,2021-05-16,342573,94247,436820,covid19india,,
Goa,2021-05-17,348457,94347,442804,covid19india,,
Goa,2021-05-18,355380,94422,449802,covid19india,,
Goa,2021-05-19,362946,94502,457448,covid19india,,
Goa,2021-05-20,371936,94552,466488,covid19india,,
Goa,2021-05-21,380691,94635,475326,covid19india,,
Goa,2021-05-22,389208,94659,483867,covid19india,,
Goa,2021-05-23,390864,94683,485547,covid19india,,
Goa,2021-05-24,396582,94709,491291,covid19india,,
Goa,2021-05-25,402383,94743,497126,covid19india,,
Goa,2021-05-26,408278,94783,503061,covid19india,,
Goa,2021-05-27,414064,94820,508884,covid19india,,
Goa,2021-05-28,420094,94885,514979,covid19india,,
Goa,2021-05-29,426504,94961,521465,covid19india,,
Goa,2021-05-30,429365,94979,524344,covid19india,,
Goa,2021-05-31,433834,95100,528934,covid19india,,
Goa,2021-06-01,438255,95218,533473,covid19india,,
Goa,2021-06-02,442339,95401,537740,covid19india,,
Goa,2021-06-03,448098,95603,543701,covid19india,,
Goa,2021-06-04,455963,95934,551897,covid19india,,
Goa,2021-06-05,467373,96246,563619,covid19india,,
Goa,2021-06-06,473993,96283,570276,covid19india,,
Goa,2021-06-07,484965,96496,581461,covid19india,,
Goa,2021-06-08,495213,96721,591934,covid19india,,
Goa,2021-06-09,503758,96936,600694,covid19india,,
Goa,2021-06-10,511201,97178,608379,covid19india,,
Goa,2021-06-11,516651,97513,614164,covid19india,,
Goa,2021-06-12,523488,97839,621327,covid19india,,
Goa,2021-06-13,540700,97879,638579,covid19india,,
Goa,2021-06-14,559749,98506,658255,covid19india,,
Goa,2021-06-15,577748,98827,676575,covid19india,,
Goa,2021-06-16,592498,99196,691694,covid19india,,
Goa,2021-06-17,608814,99642,708456,covid19india,,
Goa,2021-06-18,626029,100182,726211,covid19india,,
Goa,2021-06-19,646295,100779,747074,covid19india,,
Goa,2021-06-20,659065,100873,759938,covid19india,,
Goa,2021-06-21,674353,101345,775698,covid19india,,
Goa,2021-06-22,688489,102213,790702,covid19india,,
Goa,2021-06-23,701414,102993,804407,covid19india,,
Goa,2021-06-24,713332,104121,817453,covid19india,,
Goa,2021-06-25,728178,105658,833836,covid19india,,
Goa,2021-06-26,748352,107791,856143,covid19india,,
Goa,2021-06-27,762730,108743,871473,covid19india,,
Goa,2021-06-28,781063,111157,892220,covid19india,,
Goa,2021-06-29,800268,113745,914013,covid19india,,
Goa,2021-06-30,817614,116566,934180,covid19india,,
Goa,2021-07-01,827800,119193,946993,covid19india,,
Goa,2021-07-02,837780,122950,960730,covid19india,,
Goa,2021-07-03,852875,127808,980683,covid19india,,
Goa,2021-07-04,859902,130578,990480,covid19india,,
Goa,2021-07-05,870453,136535,1006988,covid19india,,
Goa,2021-07-06,880174,141261,1021435,covid19india,,
Goa,2021-07-07,889028,147076,1036104,covid19india,,
Goa,2021-07-08,896123,151365,1047488,covid19india,,
Goa,2021-07-09,904933,158124,1063057,covid19india,,
Goa,2021-07-10,917320,166208,1083528,covid19india,,
Goa,2021-07-11,925118,170968,1096086,covid19india,,
Goa,2021-07-12,935700,178081,1113781,covid19india,,
Goa,2021-07-13,948191,184671,1132862,covid19india,,
Goa,2021-07-14,954703,190273,1144976,covid19india,,
Goa,2021-07-15,960479,195403,1155882,covid19india,,
Goa,2021-07-16,965882,200827,1166709,covid19india,,
Goa,2021-07-17,975773,208661,1184434,covid19india,,
Goa,2021-07-18,978988,211650,1190638,covid19india,,
Goa,2021-07-19,985642,216947,1202589,covid19india,,
Goa,2021-07-20,990913,222451,1213364,covid19india,,
Goa,2021-07-21,994834,227163,1221997,covid19india,,
Goa,2021-07-22,999900,232618,1232518,covid19india,,
Goa,2021-07-23,1005102,238765,1243867,covid19india,,
Goa,2021-07-24,1013222,245518,1258740,covid19india,,
Goa,2021-07-25,1016952,248432,1265384,covid19india,,
Goa,2021-07-26,1023685,253371,1277056,covid19india,,
Goa,2021-07-27,1029078,257039,1286117,covid19india,,
Goa,2021-07-28,1034482,261047,1295529,covid19india,,
Goa,2021-07-29,1040080,264503,1304583,covid19india,,
Goa,2021-07-30,1046130,268339,1314469,covid19india,,
Goa,2021-07-31,1058023,272602,1330625,covid19india,,
Goa,2021-08-01,1061081,274247,1335328,covid19india,,
Goa,2021-08-02,1066012,277150,1343162,covid19india,,
Goa,2021-08-03,1070429,279892,1350321,covid19india,,
Goa,2021-08-04,1073972,282473,1356445,covid19india,,
Goa,2021-08-05,1076956,285241,1362197,covid19india,,
Goa,2021-08-06,1081299,288891,1370190,covid19india,,
Goa,2021-08-07,1087386,295061,1382447,covid19india,,
Goa,2021-08-08,1089647,298023,1387670,covid19india,,
Goa,2021-08-09,1094394,302521,1396915,covid19india,,
Goa,2021-08-10,1098302,307364,1405666,covid19india,,
Goa,2021-08-11,1101631,311955,1413586,covid19india,,
Goa,2021-08-12,1104283,315907,1420190,covid19india,,
Goa,2021-08-13,1107380,321103,1428483,covid19india,,
Goa,2021-08-14,1112815,329909,1442724,covid19india,,
Goa,2021-08-15,1114583,332742,1447325,covid19india,,
Goa,2021-08-16,1118736,337909,1456645,covid19india,,
Goa,2021-08-17,1122216,342609,1464825,covid19india,,
Goa,2021-08-18,1125584,347163,1472747,covid19india,,
Goa,2021-08-19,1128598,351403,1480001,covid19india,,
Goa,2021-08-20,1131666,355705,1487371,covid19india,,
Goa,2021-08-21,1136525,363864,1500389,covid19india,,
Goa,2021-08-22,1138119,366538,1504657,covid19india,,
Goa,2021-08-23,1142024,371291,1513315,covid19india,,
Goa,2021-08-24,1145426,376407,1521833,covid19india,,
Goa,2021-08-25,1148528,380937,1529465,covid19india,,
Goa,2021-08-26,1151573,385896,1537469,covid19india,,
Goa,2021-08-27,1154536,391811,1546347,covid19india,,
Goa,2021-08-29,1160765,406565,1567330,covid19india,,
Goa,2021-08-30,1163632,413219,1576851,covid19india,,
Goa,2021-08-31,1166207,420359,1586566,covid19india,,
Goa,2021-09-01,1168554,426585,1595139,covid19india,,
Goa,2021-09-02,1170547,432032,1602579,covid19india,,
Goa,2021-09-03,1172466,437223,1609689,covid19india,,
Goa,2021-09-04,1175334,443994,1619328,covid19india,,
Goa,2021-09-05,1176591,449889,1626480,covid19india,,
Goa,2021-09-06,1178673,457466,1636139,covid19india,,
Goa,2021-09-07,1180115,465169,1645284,covid19india,,
Goa,2021-09-08,1181518,471957,1653475,covid19india,,
Goa,2021-09-09,1183247,478432,1661679,covid19india,,
Goa,2021-09-10,1183247,478432,1661679,covid19india,,
Goa,2021-09-11,1183270,478525,1661795,covid19india,,
Goa,2021-09-12,1184536,484288,1668824,covid19india,,
Goa,2021-09-13,1186557,492385,1678942,covid19india,,
Goa,2021-09-14,1188394,500111,1688505,covid19india,,
Goa,2021-09-15,1190188,508574,1698762,covid19india,,
Goa,2021-09-16,1192294,518673,1710967,covid19india,,
Goa,2021-09-17,1195071,532380,1727451,covid19india,,
Goa,2021-09-18,1198071,549674,1747745,covid19india,,
Goa,2021-09-19,1199656,559777,1759433,covid19india,,
Goa,2021-09-20,1202543,574456,1776999,covid19india,,
Goa,2021-09-21,1205186,588347,1793533,covid19india,,
Goa,2021-09-22,1207684,603513,1811197,covid19india,,
Goa,2021-09-23,1209915,615835,1825750,covid19india,,
Goa,2021-09-24,1212471,628250,1840721,covid19india,,
Goa,2021-09-25,1215672,644827,1860499,covid19india,,
Goa,2021-09-26,1217302,654581,1871883,covid19india,,
Goa,2021-09-27,1220106,668230,1888336,covid19india,,
Goa,2021-09-28,1222366,680322,1902688,covid19india,,
Goa,2021-09-29,1224184,690461,1914645,covid19india,,
Goa,2021-09-30,1225782,698900,1924682,covid19india,,
Goa,2021-10-01,1227878,709369,1937247,covid19india,,
Goa,2021-10-02,1229753,718995,1948748,covid19india,,
Goa,2021-10-03,1230959,726577,1957536,covid19india,,
Goa,2021-10-04,1232873,736096,1968969,covid19india,,
Goa,2021-10-05,1234383,745304,1979687,covid19india,,
Goa,2021-10-06,1235627,752474,1988101,covid19india,,
Goa,2021-10-07,1236761,758796,1995557,covid19india,,
Goa,2021-10-08,1238037,766181,2004218,covid19india,,
Goa,2021-10-09,1239742,775432,2015174,covid19india,,
Goa,2021-10-10,1240661,781473,2022134,covid19india,,
Goa,2021-10-11,1242054,789010,2031064,covid19india,,
Gujarat,2021-01-16,10787,0,10787,covid19india,,
Gujarat,2021-01-18,10787,0,10787,covid19india,,
Gujarat,2021-01-19,17581,0,17581,covid19india,,
Gujarat,2021-01-20,21832,0,21832,covid19india,,
Gujarat,2021-01-21,34865,0,34865,covid19india,,
Gujarat,2021-01-22,46150,0,46150,covid19india,,
Gujarat,2021-01-23,78466,0,78466,covid19india,,
Gujarat,2021-01-24,78466,0,78466,covid19india,,
Gujarat,2021-01-25,91927,0,91927,covid19india,,
Gujarat,2021-01-26,91927,0,91927,covid19india,,
Gujarat,2021-01-27,94524,0,94524,covid19india,,
Gujarat,2021-01-28,162616,0,162616,covid19india,,
Gujarat,2021-01-29,221675,0,221675,covid19india,,
Gujarat,2021-01-30,246054,0,246054,covid19india,,
Gujarat,2021-01-31,247891,0,247891,covid19india,,
Gujarat,2021-02-01,256097,0,256097,covid19india,,
Gujarat,2021-02-02,287852,0,287852,covid19india,,
Gujarat,2021-02-03,311251,0,311251,covid19india,,
Gujarat,2021-02-04,348183,0,348183,covid19india,,
Gujarat,2021-02-05,394416,0,394416,covid19india,,
Gujarat,2021-02-06,438573,0,438573,covid19india,,
Gujarat,2021-02-07,451002,0,451002,covid19india,,
Gujarat,2021-02-08,505960,0,505960,covid19india,,
Gujarat,2021-02-09,572412,0,572412,covid19india,,
Gujarat,2021-02-10,614530,0,614530,covid19india,,
Gujarat,2021-02-11,645439,0,645439,covid19india,,
Gujarat,2021-02-12,667073,0,667073,covid19india,,
Gujarat,2021-02-13,680326,0,680326,covid19india,,
Gujarat,2021-02-14,683903,0,683903,covid19india,,
Gujarat,2021-02-15,690074,9278,699352,covid19india,,
Gujarat,2021-02-16,695628,15809,711437,covid19india,,
Gujarat,2021-02-17,699443,17801,717244,covid19india,,
Gujarat,2021-02-18,811152,28047,839199,covid19india,,
Gujarat,2021-02-19,819060,37597,856657,covid19india,,
Gujarat,2021-02-20,821940,60130,882070,covid19india,,
Gujarat,2021-02-21,822193,60925,883118,covid19india,,
Gujarat,2021-02-22,824119,73547,897666,covid19india,,
Gujarat,2021-02-23,826583,78471,905054,covid19india,,
Gujarat,2021-02-24,830565,80118,910683,covid19india,,
Gujarat,2021-02-25,832737,125357,958094,covid19india,,
Gujarat,2021-02-26,833722,167448,1001170,covid19india,,
Gujarat,2021-02-27,833722,167448,1001170,covid19india,,
Gujarat,2021-02-28,833722,167448,1001170,covid19india,,
Gujarat,2021-03-01,889167,180941,1070108,covid19india,,
Gujarat,2021-03-02,979651,191852,1171503,covid19india,,
Gujarat,2021-03-03,1028606,200859,1229465,covid19india,,
Gujarat,2021-03-04,1156897,264864,1421761,covid19india,,
Gujarat,2021-03-05,1295464,309655,1605119,covid19india,,
Gujarat,2021-03-06,1420465,344516,1764981,covid19india,,
Gujarat,2021-03-07,1421113,344594,1765707,covid19india,,
Gujarat,2021-03-08,1589197,363951,1953148,covid19india,,
Gujarat,2021-03-09,1709970,407287,2117257,covid19india,,
Gujarat,2021-03-10,1734671,428253,2162924,covid19india,,
Gujarat,2021-03-11,1744972,428773,2173745,covid19india,,
Gujarat,2021-03-12,1871835,476040,2347875,covid19india,,
Gujarat,2021-03-13,1981447,503706,2485153,covid19india,,
Gujarat,2021-03-14,1992286,504411,2496697,covid19india,,
Gujarat,2021-03-15,2129019,527684,2656703,covid19india,,
Gujarat,2021-03-16,2259206,552817,2812023,covid19india,,
Gujarat,2021-03-17,2293447,560511,2853958,covid19india,,
Gujarat,2021-03-18,2475269,575732,3051001,covid19india,,
Gujarat,2021-03-19,2682122,589846,3271968,covid19india,,
Gujarat,2021-03-20,2916065,598596,3514661,covid19india,,
Gujarat,2021-03-21,3120338,601245,3721583,covid19india,,
Gujarat,2021-03-22,3341744,609048,3950792,covid19india,,
Gujarat,2021-03-23,3572189,614639,4186828,covid19india,,
Gujarat,2021-03-24,3759854,621960,4381814,covid19india,,
Gujarat,2021-03-25,4012278,626484,4638762,covid19india,,
Gujarat,2021-03-26,4277895,630820,4908715,covid19india,,
Gujarat,2021-03-27,4524687,633743,5158430,covid19india,,
Gujarat,2021-03-28,4616750,634130,5250880,covid19india,,
Gujarat,2021-03-29,4628511,634395,5262906,covid19india,,
Gujarat,2021-03-30,4828685,653365,5482050,covid19india,,
Gujarat,2021-03-31,5024412,675762,5700174,covid19india,,
Gujarat,2021-04-01,5459159,706017,6165176,covid19india,,
Gujarat,2021-04-02,5812421,765853,6578274,covid19india,,
Gujarat,2021-04-03,6127830,795178,6923008,covid19india,,
Gujarat,2021-04-04,6552816,837619,7390435,covid19india,,
Gujarat,2021-04-05,6817703,871804,7689507,covid19india,,
Gujarat,2021-04-06,7110160,907581,8017741,covid19india,,
Gujarat,2021-04-07,7224754,922935,8147689,covid19india,,
Gujarat,2021-04-08,7501404,973901,8475305,covid19india,,
Gujarat,2021-04-09,7749340,1024900,8774240,covid19india,,
Gujarat,2021-04-10,7983507,1073335,9056842,covid19india,,
Gujarat,2021-04-11,8156563,1103721,9260284,covid19india,,
Gujarat,2021-04-12,8343790,1155076,9498866,covid19india,,
Gujarat,2021-04-13,8502799,1202500,9705299,covid19india,,
Gujarat,2021-04-14,8623246,1244295,9867541,covid19india,,
Gujarat,2021-04-15,8730225,1298617,10028842,covid19india,,
Gujarat,2021-04-16,8814503,1351100,10165603,covid19india,,
Gujarat,2021-04-17,8921816,1415632,10337448,covid19india,,
Gujarat,2021-04-18,8992115,1459131,10451246,covid19india,,
Gujarat,2021-04-19,9083441,1537391,10620832,covid19india,,
Gujarat,2021-04-20,9181707,1625731,10807438,covid19india,,
Gujarat,2021-04-21,9251289,1687135,10938424,covid19india,,
Gujarat,2021-04-22,9329491,1770095,11099586,covid19india,,
Gujarat,2021-04-23,9412482,1854012,11266494,covid19india,,
Gujarat,2021-04-24,9496008,1940771,11436779,covid19india,,
Gujarat,2021-04-25,9550111,1988252,11538363,covid19india,,
Gujarat,2021-04-26,9634479,2086790,11721269,covid19india,,
Gujarat,2021-04-27,9719163,2182679,11901842,covid19india,,
Gujarat,2021-04-28,9787790,2267073,12054863,covid19india,,
Gujarat,2021-04-29,9874554,2378124,12252678,covid19india,,
Gujarat,2021-04-30,9965898,2492610,12458508,covid19india,,
Gujarat,2021-05-01,10159249,2589781,12749030,covid19india,,
Gujarat,2021-05-02,10160860,2641791,12802651,covid19india,,
Gujarat,2021-05-03,10228418,2722190,12950608,covid19india,,
Gujarat,2021-05-04,10308883,2761603,13070486,covid19india,,
Gujarat,2021-05-05,10383723,2847755,13231478,covid19india,,
Gujarat,2021-05-06,10454001,2966246,13420247,covid19india,,
Gujarat,2021-05-07,10522995,3083689,13606684,covid19india,,
Gujarat,2021-05-08,10586908,3199277,13786185,covid19india,,
Gujarat,2021-05-09,10636530,3289086,13925616,covid19india,,
Gujarat,2021-05-10,10708126,3452009,14160135,covid19india,,
Gujarat,2021-05-11,10787729,3647949,14435678,covid19india,,
Gujarat,2021-05-12,10860213,3715416,14575629,covid19india,,
Gujarat,2021-05-13,10945378,3815327,14760705,covid19india,,
Gujarat,2021-05-14,10978124,3821613,14799737,covid19india,,
Gujarat,2021-05-15,11009944,3822778,14832722,covid19india,,
Gujarat,2021-05-16,11040205,3823346,14863551,covid19india,,
Gujarat,2021-05-17,11040435,3823422,14863857,covid19india,,
Gujarat,2021-05-18,11040715,3823467,14864182,covid19india,,
Gujarat,2021-05-19,11042079,3823515,14865594,covid19india,,
Gujarat,2021-05-20,11321155,3855643,15176798,covid19india,,
Gujarat,2021-05-21,11406798,3871340,15278138,covid19india,,
Gujarat,2021-05-22,11503498,3897285,15400783,covid19india,,
Gujarat,2021-05-23,11596019,3919162,15515181,covid19india,,
Gujarat,2021-05-24,11760578,3941698,15702276,covid19india,,
Gujarat,2021-05-25,11930254,3967609,15897863,covid19india,,
Gujarat,2021-05-26,12095693,3991433,16087126,covid19india,,
Gujarat,2021-05-27,12265993,4019309,16285302,covid19india,,
Gujarat,2021-05-28,12446432,4056693,16503125,covid19india,,
Gujarat,2021-05-29,12629180,4090179,16719359,covid19india,,
Gujarat,2021-05-30,12785874,4114789,16900663,covid19india,,
Gujarat,2021-05-31,12958838,4144949,17103787,covid19india,,
Gujarat,2021-06-01,13121339,4178187,17299526,covid19india,,
Gujarat,2021-06-02,13269427,4202315,17471742,covid19india,,
Gujarat,2021-06-03,13427146,4232552,17659698,covid19india,,
Gujarat,2021-06-04,13663544,4261375,17924919,covid19india,,
Gujarat,2021-06-05,13900202,4285840,18186042,covid19india,,
Gujarat,2021-06-06,14110492,4299370,18409862,covid19india,,
Gujarat,2021-06-07,14337549,4326696,18664245,covid19india,,
Gujarat,2021-06-08,14560225,4362132,18922357,covid19india,,
Gujarat,2021-06-09,14787186,4401328,19188514,covid19india,,
Gujarat,2021-06-10,15003482,4455800,19459282,covid19india,,
Gujarat,2021-06-11,15238444,4506234,19744678,covid19india,,
Gujarat,2021-06-12,15492980,4545438,20038418,covid19india,,
Gujarat,2021-06-13,15697737,4572559,20270296,covid19india,,
Gujarat,2021-06-14,15960073,4607094,20567167,covid19india,,
Gujarat,2021-06-15,16189423,4640786,20830209,covid19india,,
Gujarat,2021-06-16,16411386,4669903,21081289,covid19india,,
Gujarat,2021-06-17,16598184,4700422,21298606,covid19india,,
Gujarat,2021-06-18,16814426,4739896,21554322,covid19india,,
Gujarat,2021-06-19,17096195,4785035,21881230,covid19india,,
Gujarat,2021-06-20,17261819,4818294,22080113,covid19india,,
Gujarat,2021-06-21,17705548,4885905,22591453,covid19india,,
Gujarat,2021-06-22,18070655,4957546,23028201,covid19india,,
Gujarat,2021-06-23,18445685,5032349,23478034,covid19india,,
Gujarat,2021-06-24,18785079,5133723,23918802,covid19india,,
Gujarat,2021-06-25,19053658,5217941,24271599,covid19india,,
Gujarat,2021-06-26,19331125,5326330,24657455,covid19india,,
Gujarat,2021-06-27,19500497,5387325,24887822,covid19india,,
Gujarat,2021-06-28,19683579,5458033,25141612,covid19india,,
Gujarat,2021-06-29,19873086,5535746,25408832,covid19india,,
Gujarat,2021-06-30,20070986,5621236,25692222,covid19india,,
Gujarat,2021-07-01,20266503,5707513,25974016,covid19india,,
Gujarat,2021-07-02,20427347,5792629,26219976,covid19india,,
Gujarat,2021-07-03,20653202,5899773,26552975,covid19india,,
Gujarat,2021-07-04,20835697,5980271,26815968,covid19india,,
Gujarat,2021-07-05,21037552,6081045,27118597,covid19india,,
Gujarat,2021-07-06,21181276,6150594,27331870,covid19india,,
Gujarat,2021-07-07,21186487,6153541,27340028,covid19india,,
Gujarat,2021-07-08,21190130,6157088,27347218,covid19india,,
Gujarat,2021-07-09,21193413,6159886,27353299,covid19india,,
Gujarat,2021-07-10,21373145,6264178,27637323,covid19india,,
Gujarat,2021-07-11,21524646,6341638,27866284,covid19india,,
Gujarat,2021-07-12,21694626,6428436,28123062,covid19india,,
Gujarat,2021-07-13,21977912,6516391,28494303,covid19india,,
Gujarat,2021-07-14,21984689,6519179,28503868,covid19india,,
Gujarat,2021-07-15,22155924,6606578,28762502,covid19india,,
Gujarat,2021-07-16,22342350,6695070,29037420,covid19india,,
Gujarat,2021-07-17,22562614,6788579,29351193,covid19india,,
Gujarat,2021-07-18,22564829,6789931,29354760,covid19india,,
Gujarat,2021-07-19,22850251,6902088,29752339,covid19india,,
Gujarat,2021-07-20,23145616,7019612,30165228,covid19india,,
Gujarat,2021-07-21,23152231,7022578,30174809,covid19india,,
Gujarat,2021-07-22,23509720,7173380,30683100,covid19india,,
Gujarat,2021-07-23,23752266,7272636,31024902,covid19india,,
Gujarat,2021-07-24,23953542,7363548,31317090,covid19india,,
Gujarat,2021-07-25,24208110,7431320,31639430,covid19india,,
Gujarat,2021-07-26,24295325,7517929,31813254,covid19india,,
Gujarat,2021-07-27,24554708,7634783,32189491,covid19india,,
Gujarat,2021-07-28,24563691,7639321,32203012,covid19india,,
Gujarat,2021-07-29,24873866,7762506,32636372,covid19india,,
Gujarat,2021-07-30,25140294,7849472,32989766,covid19india,,
Gujarat,2021-07-31,25450906,7942122,33393028,covid19india,,
Gujarat,2021-08-01,25456493,8284150,33740643,covid19india,,
Gujarat,2021-08-02,25739258,8357628,34096886,covid19india,,
Gujarat,2021-08-03,26001754,8432012,34433766,covid19india,,
Gujarat,2021-08-04,26008632,8437176,34445808,covid19india,,
Gujarat,2021-08-05,26472457,8549816,35022273,covid19india,,
Gujarat,2021-08-06,26979294,8652182,35631476,covid19india,,
Gujarat,2021-08-07,27466682,8751706,36218388,covid19india,,
Gujarat,2021-08-08,27638343,8961874,36600217,covid19india,,
Gujarat,2021-08-09,28113725,9054592,37168317,covid19india,,
Gujarat,2021-08-10,28535938,9139961,37675899,covid19india,,
Gujarat,2021-08-11,28640061,9342352,37982413,covid19india,,
Gujarat,2021-08-12,29202560,9435671,38638231,covid19india,,
Gujarat,2021-08-13,29708805,9524932,39233737,covid19india,,
Gujarat,2021-08-14,30221465,9623624,39845089,covid19india,,
Gujarat,2021-08-15,30411557,9794402,40205959,covid19india,,
Gujarat,2021-08-16,30865860,9900626,40766486,covid19india,,
Gujarat,2021-08-17,31266982,9995955,41262937,covid19india,,
Gujarat,2021-08-18,31490761,10157470,41648231,covid19india,,
Gujarat,2021-08-19,31773036,10244687,42017723,covid19india,,
Gujarat,2021-08-20,31991025,10333086,42324111,covid19india,,
Gujarat,2021-08-21,32261888,10442928,42704816,covid19india,,
Gujarat,2021-08-22,32266693,10445262,42711955,covid19india,,
Gujarat,2021-08-23,32619025,10592128,43211153,covid19india,,
Gujarat,2021-08-24,32935352,10732644,43667996,covid19india,,
Gujarat,2021-08-25,33117306,10890762,44008068,covid19india,,
Gujarat,2021-08-26,33510367,11070444,44580811,covid19india,,
Gujarat,2021-08-27,33860052,11231359,45091411,covid19india,,
Gujarat,2021-08-29,34146871,11361112,45507983,covid19india,,
Gujarat,2021-08-30,34148396,11363015,45511411,covid19india,,
Gujarat,2021-08-31,34696836,11687614,46384450,covid19india,,
Gujarat,2021-09-01,35140085,11976796,47116881,covid19india,,
Gujarat,2021-09-02,35586873,12242882,47829755,covid19india,,
Gujarat,2021-09-03,35910625,12407911,48318536,covid19india,,
Gujarat,2021-09-04,36131059,12524914,48655973,covid19india,,
Gujarat,2021-09-05,36390999,12757581,49148580,covid19india,,
Gujarat,2021-09-06,36755715,13020258,49775973,covid19india,,
Gujarat,2021-09-07,37080162,13245724,50325886,covid19india,,
Gujarat,2021-09-08,37390654,13482531,50873185,covid19india,,
Gujarat,2021-09-09,37704430,13735338,51439768,covid19india,,
Gujarat,2021-09-10,37977778,13953074,51930852,covid19india,,
Gujarat,2021-09-11,38161496,14125250,52286746,covid19india,,
Gujarat,2021-09-12,38249006,14194969,52443975,covid19india,,
Gujarat,2021-09-13,38326690,14263508,52590198,covid19india,,
Gujarat,2021-09-14,38503660,14482963,52986623,covid19india,,
Gujarat,2021-09-15,38658856,14688469,53347325,covid19india,,
Gujarat,2021-09-16,38762096,14843184,53605280,covid19india,,
Gujarat,2021-09-17,39707202,16359818,56067020,covid19india,,
Gujarat,2021-09-18,39867489,16611405,56478894,covid19india,,
Gujarat,2021-09-19,39956774,16748118,56704892,covid19india,,
Gujarat,2021-09-20,40133242,16967583,57100825,covid19india,,
Gujarat,2021-09-21,40263741,17117927,57381668,covid19india,,
Gujarat,2021-09-22,40568740,17465224,58033964,covid19india,,
Gujarat,2021-09-23,40742081,17628651,58370732,covid19india,,
Gujarat,2021-09-24,41003530,17908922,58912452,covid19india,,
Gujarat,2021-09-25,41251330,18160764,59412094,covid19india,,
Gujarat,2021-09-26,41318268,18214246,59532514,covid19india,,
Gujarat,2021-09-27,41570847,18487944,60058791,covid19india,,
Gujarat,2021-09-28,41715024,18639015,60354039,covid19india,,
Gujarat,2021-09-29,41825958,18758685,60584643,covid19india,,
Gujarat,2021-09-30,42022310,19003089,61025399,covid19india,,
Gujarat,2021-10-01,42120069,19112604,61232673,covid19india,,
Gujarat,2021-10-02,42188806,19205901,61394707,covid19india,,
Gujarat,2021-10-03,42217531,19230911,61448442,covid19india,,
Gujarat,2021-10-04,42432403,19619686,62052089,covid19india,,
Gujarat,2021-10-05,42612382,19943416,62555798,covid19india,,
Gujarat,2021-10-06,42731522,20153351,62884873,covid19india,,
Gujarat,2021-10-07,42891704,20472732,63364436,covid19india,,
Gujarat,2021-10-08,43025529,20764371,63789900,covid19india,,
Gujarat,2021-10-09,43150617,21040577,64191194,covid19india,,
Gujarat,2021-10-10,43505420,21644195,65149615,covid19india,,
Gujarat,2021-10-11,43591077,21826031,65417108,covid19india,,
Haryana,2021-01-16,5589,0,5589,covid19india,,
Haryana,2021-01-18,17642,0,17642,covid19india,,
Haryana,2021-01-19,24944,0,24944,covid19india,,
Haryana,2021-01-20,30402,0,30402,covid19india,,
Haryana,2021-01-21,45893,0,45893,covid19india,,
Haryana,2021-01-22,62142,0,62142,covid19india,,
Haryana,2021-01-23,71297,0,71297,covid19india,,
Haryana,2021-01-24,72204,0,72204,covid19india,,
Haryana,2021-01-25,105419,0,105419,covid19india,,
Haryana,2021-01-26,105419,0,105419,covid19india,,
Haryana,2021-01-27,109782,0,109782,covid19india,,
Haryana,2021-01-28,115968,0,115968,covid19india,,
Haryana,2021-01-29,123935,0,123935,covid19india,,
Haryana,2021-01-30,125898,0,125898,covid19india,,
Haryana,2021-01-31,125977,0,125977,covid19india,,
Haryana,2021-02-01,126759,0,126759,covid19india,,
Haryana,2021-02-02,127893,0,127893,covid19india,,
Haryana,2021-02-03,129866,0,129866,covid19india,,
Haryana,2021-02-04,133637,0,133637,covid19india,,
Haryana,2021-02-05,137706,0,137706,covid19india,,
Haryana,2021-02-06,139068,0,139068,covid19india,,
Haryana,2021-02-07,139129,0,139129,covid19india,,
Haryana,2021-02-08,169055,0,169055,covid19india,,
Haryana,2021-02-09,180663,0,180663,covid19india,,
Haryana,2021-02-10,183529,0,183529,covid19india,,
Haryana,2021-02-11,190390,0,190390,covid19india,,
Haryana,2021-02-12,194124,0,194124,covid19india,,
Haryana,2021-02-13,195745,588,196333,covid19india,,
Haryana,2021-02-14,195764,588,196352,covid19india,,
Haryana,2021-02-15,201007,3977,204984,covid19india,,
Haryana,2021-02-16,201098,4773,205871,covid19india,,
Haryana,2021-02-17,201675,8009,209684,covid19india,,
Haryana,2021-02-18,203766,16500,220266,covid19india,,
Haryana,2021-02-19,205616,21093,226709,covid19india,,
Haryana,2021-02-20,208308,23987,232295,covid19india,,
Haryana,2021-02-21,208308,23987,232295,covid19india,,
Haryana,2021-02-22,213802,41811,255613,covid19india,,
Haryana,2021-02-23,215743,53110,268853,covid19india,,
Haryana,2021-02-24,216422,55075,271497,covid19india,,
Haryana,2021-02-25,220672,68361,289033,covid19india,,
Haryana,2021-02-26,221841,71983,293824,covid19india,,
Haryana,2021-02-27,221841,71983,293824,covid19india,,
Haryana,2021-02-28,221841,71983,293824,covid19india,,
Haryana,2021-03-01,225281,74391,299672,covid19india,,
Haryana,2021-03-02,231579,76796,308375,covid19india,,
Haryana,2021-03-03,236507,78055,314562,covid19india,,
Haryana,2021-03-04,251481,81934,333415,covid19india,,
Haryana,2021-03-05,268976,84784,353760,covid19india,,
Haryana,2021-03-06,278910,86086,364996,covid19india,,
Haryana,2021-03-07,279531,86121,365652,covid19india,,
Haryana,2021-03-08,306498,91809,398307,covid19india,,
Haryana,2021-03-09,332536,100219,432755,covid19india,,
Haryana,2021-03-10,348452,103317,451769,covid19india,,
Haryana,2021-03-11,357300,104396,461696,covid19india,,
Haryana,2021-03-12,391275,110641,501916,covid19india,,
Haryana,2021-03-13,408138,112287,520425,covid19india,,
Haryana,2021-03-14,409956,112407,522363,covid19india,,
Haryana,2021-03-15,559746,121681,681427,covid19india,,
Haryana,2021-03-16,623504,125392,748896,covid19india,,
Haryana,2021-03-17,636594,126501,763095,covid19india,,
Haryana,2021-03-18,702840,129113,831953,covid19india,,
Haryana,2021-03-19,760350,132547,892897,covid19india,,
Haryana,2021-03-20,773842,133636,907478,covid19india,,
Haryana,2021-03-21,774304,133697,908001,covid19india,,
Haryana,2021-03-22,1016959,140404,1157363,covid19india,,
Haryana,2021-03-23,1058744,141735,1200479,covid19india,,
Haryana,2021-03-24,1070888,142762,1213650,covid19india,,
Haryana,2021-03-25,1116857,144942,1261799,covid19india,,
Haryana,2021-03-26,1156125,146552,1302677,covid19india,,
Haryana,2021-03-27,1171027,147158,1318185,covid19india,,
Haryana,2021-03-28,1172236,147164,1319400,covid19india,,
Haryana,2021-03-29,1172236,147164,1319400,covid19india,,
Haryana,2021-03-30,1331532,151167,1482699,covid19india,,
Haryana,2021-03-31,1437776,153823,1591599,covid19india,,
Haryana,2021-04-01,1544298,157502,1701800,covid19india,,
Haryana,2021-04-02,1558348,156222,1714570,covid19india,,
Haryana,2021-04-03,1600351,158241,1758592,covid19india,,
Haryana,2021-04-04,1644625,159605,1804230,covid19india,,
Haryana,2021-04-05,1748000,165936,1913936,covid19india,,
Haryana,2021-04-06,1832652,170337,2002989,covid19india,,
Haryana,2021-04-07,1863517,172875,2036392,covid19india,,
Haryana,2021-04-08,1941143,178710,2119853,covid19india,,
Haryana,2021-04-09,2025153,187429,2212582,covid19india,,
Haryana,2021-04-10,2089324,194630,2283954,covid19india,,
Haryana,2021-04-11,2182047,200626,2382673,covid19india,,
Haryana,2021-04-12,2308382,218312,2526694,covid19india,,
Haryana,2021-04-13,2422551,236228,2658779,covid19india,,
Haryana,2021-04-14,2544910,260930,2805840,covid19india,,
Haryana,2021-04-15,2597444,277821,2875265,covid19india,,
Haryana,2021-04-16,2658282,299528,2957810,covid19india,,
Haryana,2021-04-17,2706400,316552,3022952,covid19india,,
Haryana,2021-04-18,2740753,325563,3066316,covid19india,,
Haryana,2021-04-19,2805495,357518,3163013,covid19india,,
Haryana,2021-04-20,2859343,383115,3242458,covid19india,,
Haryana,2021-04-21,2890506,397355,3287861,covid19india,,
Haryana,2021-04-22,2929178,416237,3345415,covid19india,,
Haryana,2021-04-23,2984321,446236,3430557,covid19india,,
Haryana,2021-04-24,3032843,470613,3503456,covid19india,,
Haryana,2021-04-25,3059744,480182,3539926,covid19india,,
Haryana,2021-04-26,3096121,498967,3595088,covid19india,,
Haryana,2021-04-27,3122892,512419,3635311,covid19india,,
Haryana,2021-04-28,3148162,528007,3676169,covid19india,,
Haryana,2021-04-29,3177616,545954,3723570,covid19india,,
Haryana,2021-04-30,3199113,559402,3758515,covid19india,,
Haryana,2021-05-01,3213944,565780,3779724,covid19india,,
Haryana,2021-05-02,3230227,566615,3796842,covid19india,,
Haryana,2021-05-03,3279173,575269,3854442,covid19india,,
Haryana,2021-05-04,3333546,591014,3924560,covid19india,,
Haryana,2021-05-05,3372017,612047,3984064,covid19india,,
Haryana,2021-05-06,3440581,646093,4086674,covid19india,,
Haryana,2021-05-07,3504875,684732,4189607,covid19india,,
Haryana,2021-05-08,3554704,712044,4266748,covid19india,,
Haryana,2021-05-09,3589324,728713,4318037,covid19india,,
Haryana,2021-05-10,3657685,778346,4436031,covid19india,,
Haryana,2021-05-11,3721860,820235,4542095,covid19india,,
Haryana,2021-05-12,3769135,839944,4609079,covid19india,,
Haryana,2021-05-13,3827652,872509,4700161,covid19india,,
Haryana,2021-05-14,3865314,895230,4760544,covid19india,,
Haryana,2021-05-15,3904860,907999,4812859,covid19india,,
Haryana,2021-05-16,3946312,910016,4856328,covid19india,,
Haryana,2021-05-17,4005701,913102,4918803,covid19india,,
Haryana,2021-05-18,4066917,915973,4982890,covid19india,,
Haryana,2021-05-19,4117596,918335,5035931,covid19india,,
Haryana,2021-05-20,4266919,931272,5198191,covid19india,,
Haryana,2021-05-21,4344885,938276,5283161,covid19india,,
Haryana,2021-05-22,4405946,945293,5351239,covid19india,,
Haryana,2021-05-23,4439693,950206,5389899,covid19india,,
Haryana,2021-05-24,4531426,954787,5486213,covid19india,,
Haryana,2021-05-25,4596092,960276,5556368,covid19india,,
Haryana,2021-05-26,4645105,964257,5609362,covid19india,,
Haryana,2021-05-27,4710972,972444,5683416,covid19india,,
Haryana,2021-05-28,4769161,980559,5749720,covid19india,,
Haryana,2021-05-29,4815133,988326,5803459,covid19india,,
Haryana,2021-05-30,4839906,990430,5830336,covid19india,,
Haryana,2021-05-31,4891726,995845,5887571,covid19india,,
Haryana,2021-06-01,4952721,1001332,5954053,covid19india,,
Haryana,2021-06-02,5021542,1004697,6026239,covid19india,,
Haryana,2021-06-03,5092260,1009333,6101593,covid19india,,
Haryana,2021-06-04,5147720,1013804,6161524,covid19india,,
Haryana,2021-06-05,5199851,1017889,6217740,covid19india,,
Haryana,2021-06-06,5219312,1019745,6239057,covid19india,,
Haryana,2021-06-07,5267430,1025177,6292607,covid19india,,
Haryana,2021-06-08,5308737,1030504,6339241,covid19india,,
Haryana,2021-06-09,5392205,1034755,6426960,covid19india,,
Haryana,2021-06-10,5505857,1043738,6549595,covid19india,,
Haryana,2021-06-11,5597402,1054411,6651813,covid19india,,
Haryana,2021-06-12,5673819,1061823,6735642,covid19india,,
Haryana,2021-06-13,5704961,1064765,6769726,covid19india,,
Haryana,2021-06-14,5787413,1076127,6863540,covid19india,,
Haryana,2021-06-15,5848993,1088141,6937134,covid19india,,
Haryana,2021-06-16,5903976,1098832,7002808,covid19india,,
Haryana,2021-06-17,6013041,1116401,7129442,covid19india,,
Haryana,2021-06-18,6091570,1131018,7222588,covid19india,,
Haryana,2021-06-19,6169988,1142847,7312835,covid19india,,
Haryana,2021-06-20,6206268,1148374,7354642,covid19india,,
Haryana,2021-06-21,6671112,1184543,7855655,covid19india,,
Haryana,2021-06-22,6774271,1204866,7979137,covid19india,,
Haryana,2021-06-23,6844825,1218543,8063368,covid19india,,
Haryana,2021-06-24,6907330,1233166,8140496,covid19india,,
Haryana,2021-06-25,7043821,1271698,8315519,covid19india,,
Haryana,2021-06-26,7132868,1298060,8430928,covid19india,,
Haryana,2021-06-27,7166208,1307304,8473512,covid19india,,
Haryana,2021-06-28,7268912,1347754,8616666,covid19india,,
Haryana,2021-06-29,7366120,1388784,8754904,covid19india,,
Haryana,2021-06-30,7433759,1423139,8856898,covid19india,,
Haryana,2021-07-01,7585087,1467974,9053061,covid19india,,
Haryana,2021-07-02,7705836,1514764,9220600,covid19india,,
Haryana,2021-07-03,7805898,1554725,9360623,covid19india,,
Haryana,2021-07-04,7840075,1569705,9409780,covid19india,,
Haryana,2021-07-05,7907797,1608298,9516095,covid19india,,
Haryana,2021-07-06,7948524,1633480,9582004,covid19india,,
Haryana,2021-07-07,7967969,1649543,9617512,covid19india,,
Haryana,2021-07-08,7991029,1667304,9658333,covid19india,,
Haryana,2021-07-09,8055206,1713107,9768313,covid19india,,
Haryana,2021-07-10,8104874,1743422,9848296,covid19india,,
Haryana,2021-07-11,8123747,1754981,9878728,covid19india,,
Haryana,2021-07-12,8153323,1776998,9930321,covid19india,,
Haryana,2021-07-13,8281500,1835038,10116538,covid19india,,
Haryana,2021-07-14,8323981,1863321,10187302,covid19india,,
Haryana,2021-07-15,8367206,1891587,10258793,covid19india,,
Haryana,2021-07-16,8457136,1955894,10413030,covid19india,,
Haryana,2021-07-17,8514229,1995319,10509548,covid19india,,
Haryana,2021-07-18,8558973,2019623,10578596,covid19india,,
Haryana,2021-07-19,8633560,2062920,10696480,covid19india,,
Haryana,2021-07-20,8692616,2100748,10793364,covid19india,,
Haryana,2021-07-21,8709635,2118554,10828189,covid19india,,
Haryana,2021-07-22,8744450,2153673,10898123,covid19india,,
Haryana,2021-07-23,8769778,2171924,10941702,covid19india,,
Haryana,2021-07-24,8795398,2187290,10982688,covid19india,,
Haryana,2021-07-25,8818944,2202603,11021547,covid19india,,
Haryana,2021-07-26,8880879,2245037,11125916,covid19india,,
Haryana,2021-07-27,8927718,2282737,11210455,covid19india,,
Haryana,2021-07-28,9022451,2333448,11355899,covid19india,,
Haryana,2021-07-29,9129894,2398465,11528359,covid19india,,
Haryana,2021-07-30,9225127,2455477,11680604,covid19india,,
Haryana,2021-07-31,9360154,2509706,11869860,covid19india,,
Haryana,2021-08-01,9408116,2537782,11945898,covid19india,,
Haryana,2021-08-02,9544153,2603329,12147482,covid19india,,
Haryana,2021-08-03,9654335,2668016,12322351,covid19india,,
Haryana,2021-08-04,9721455,2712313,12433768,covid19india,,
Haryana,2021-08-05,9794090,2755751,12549841,covid19india,,
Haryana,2021-08-06,9866525,2787979,12654504,covid19india,,
Haryana,2021-08-07,9954064,2843185,12797249,covid19india,,
Haryana,2021-08-08,10000745,2870952,12871697,covid19india,,
Haryana,2021-08-09,10090001,2924714,13014715,covid19india,,
Haryana,2021-08-10,10152822,2974775,13127597,covid19india,,
Haryana,2021-08-11,10191514,3003411,13194925,covid19india,,
Haryana,2021-08-12,10277501,3060679,13338180,covid19india,,
Haryana,2021-08-13,10390872,3129831,13520703,covid19india,,
Haryana,2021-08-14,10492583,3191571,13684154,covid19india,,
Haryana,2021-08-15,10542267,3215782,13758049,covid19india,,
Haryana,2021-08-16,10651624,3270628,13922252,covid19india,,
Haryana,2021-08-17,10765575,3329359,14094934,covid19india,,
Haryana,2021-08-18,10849600,3372839,14222439,covid19india,,
Haryana,2021-08-19,10994524,3438366,14432890,covid19india,,
Haryana,2021-08-20,11079649,3482429,14562078,covid19india,,
Haryana,2021-08-21,11151583,3524011,14675594,covid19india,,
Haryana,2021-08-22,11157873,3527585,14685458,covid19india,,
Haryana,2021-08-23,11255071,3583438,14838509,covid19india,,
Haryana,2021-08-24,11410922,3651033,15061955,covid19india,,
Haryana,2021-08-25,11473920,3687734,15161654,covid19india,,
Haryana,2021-08-26,11535203,3730663,15265866,covid19india,,
Haryana,2021-08-27,11962765,3960191,15922956,covid19india,,
Haryana,2021-08-29,12127047,4064907,16191954,covid19india,,
Haryana,2021-08-30,12140539,4077091,16217630,covid19india,,
Haryana,2021-08-31,12254363,4124552,16378915,covid19india,,
Haryana,2021-09-01,12330520,4164361,16494881,covid19india,,
Haryana,2021-09-02,12476937,4229018,16705955,covid19india,,
Haryana,2021-09-03,12602757,4305975,16908732,covid19india,,
Haryana,2021-09-04,12686505,4368748,17055253,covid19india,,
Haryana,2021-09-05,12727755,4391377,17119132,covid19india,,
Haryana,2021-09-06,12810564,4435777,17246341,covid19india,,
Haryana,2021-09-07,12930275,4493269,17423544,covid19india,,
Haryana,2021-09-08,13055959,4551683,17607642,covid19india,,
Haryana,2021-09-09,13245533,4624983,17870516,covid19india,,
Haryana,2021-09-10,13398963,4688704,18087667,covid19india,,
Haryana,2021-09-11,13484621,4735347,18219968,covid19india,,
Haryana,2021-09-12,13546989,4757232,18304221,covid19india,,
Haryana,2021-09-13,13922478,4925147,18847625,covid19india,,
Haryana,2021-09-14,14184793,5034242,19219035,covid19india,,
Haryana,2021-09-15,14625843,5205548,19831391,covid19india,,
Haryana,2021-09-16,14854285,5285932,20140217,covid19india,,
Haryana,2021-09-17,15165345,5400515,20565860,covid19india,,
Haryana,2021-09-18,15319792,5471171,20790963,covid19india,,
Haryana,2021-09-19,15433941,5513373,20947314,covid19india,,
Haryana,2021-09-20,15617841,5594722,21212563,covid19india,,
Haryana,2021-09-21,15811554,5687094,21498648,covid19india,,
Haryana,2021-09-22,15903906,5743225,21647131,covid19india,,
Haryana,2021-09-23,15992934,5796379,21789313,covid19india,,
Haryana,2021-09-24,16110488,5883958,21994446,covid19india,,
Haryana,2021-09-25,16219439,5982955,22202394,covid19india,,
Haryana,2021-09-26,16273989,6026036,22300025,covid19india,,
Haryana,2021-09-27,16339480,6083764,22423244,covid19india,,
Haryana,2021-09-28,16410426,6145233,22555659,covid19india,,
Haryana,2021-09-29,16486940,6208157,22695097,covid19india,,
Haryana,2021-09-30,16607328,6324180,22931508,covid19india,,
Haryana,2021-10-01,16723898,6442407,23166305,covid19india,,
Haryana,2021-10-02,16818438,6538046,23356484,covid19india,,
Haryana,2021-10-03,16840564,6559654,23400218,covid19india,,
Haryana,2021-10-04,16894773,6614832,23509605,covid19india,,
Haryana,2021-10-05,16948796,6672101,23620897,covid19india,,
Haryana,2021-10-06,16986312,6713833,23700145,covid19india,,
Haryana,2021-10-07,17014119,6741742,23755861,covid19india,,
Haryana,2021-10-08,17071835,6810528,23882363,covid19india,,
Haryana,2021-10-09,17120649,6870292,23990941,covid19india,,
Haryana,2021-10-10,17139426,6893251,24032677,covid19india,,
Haryana,2021-10-11,17182614,6947776,24130390,covid19india,,
Himachal Pradesh,2021-01-16,1517,0,1517,covid19india,,
Himachal Pradesh,2021-01-18,4817,0,4817,covid19india,,
Himachal Pradesh,2021-01-19,5049,0,5049,covid19india,,
Himachal Pradesh,2021-01-20,5094,0,5094,covid19india,,
Himachal Pradesh,2021-01-21,5790,0,5790,covid19india,,
Himachal Pradesh,2021-01-22,9609,0,9609,covid19india,,
Himachal Pradesh,2021-01-23,13544,0,13544,covid19india,,
Himachal Pradesh,2021-01-24,13544,0,13544,covid19india,,
Himachal Pradesh,2021-01-25,13544,0,13544,covid19india,,
Himachal Pradesh,2021-01-26,13544,0,13544,covid19india,,
Himachal Pradesh,2021-01-27,14054,0,14054,covid19india,,
Himachal Pradesh,2021-01-28,18848,0,18848,covid19india,,
Himachal Pradesh,2021-01-29,22918,0,22918,covid19india,,
Himachal Pradesh,2021-01-30,27734,0,27734,covid19india,,
Himachal Pradesh,2021-01-31,27734,0,27734,covid19india,,
Himachal Pradesh,2021-02-01,33434,0,33434,covid19india,,
Himachal Pradesh,2021-02-02,39570,0,39570,covid19india,,
Himachal Pradesh,2021-02-03,43926,0,43926,covid19india,,
Himachal Pradesh,2021-02-04,48360,0,48360,covid19india,,
Himachal Pradesh,2021-02-05,51555,0,51555,covid19india,,
Himachal Pradesh,2021-02-06,54573,0,54573,covid19india,,
Himachal Pradesh,2021-02-07,54573,0,54573,covid19india,,
Himachal Pradesh,2021-02-08,58031,0,58031,covid19india,,
Himachal Pradesh,2021-02-09,61271,0,61271,covid19india,,
Himachal Pradesh,2021-02-10,66101,0,66101,covid19india,,
Himachal Pradesh,2021-02-11,72191,0,72191,covid19india,,
Himachal Pradesh,2021-02-12,79166,0,79166,covid19india,,
Himachal Pradesh,2021-02-13,81482,475,81957,covid19india,,
Himachal Pradesh,2021-02-14,81482,475,81957,covid19india,,
Himachal Pradesh,2021-02-15,82400,1894,84294,covid19india,,
Himachal Pradesh,2021-02-16,84225,2907,87132,covid19india,,
Himachal Pradesh,2021-02-17,87499,4306,91805,covid19india,,
Himachal Pradesh,2021-02-18,90908,68031,158939,covid19india,,
Himachal Pradesh,2021-02-19,92702,71322,164024,covid19india,,
Himachal Pradesh,2021-02-20,94897,12076,106973,covid19india,,
Himachal Pradesh,2021-02-21,95105,12092,107197,covid19india,,
Himachal Pradesh,2021-02-22,96278,12412,108690,covid19india,,
Himachal Pradesh,2021-02-23,97607,12672,110279,covid19india,,
Himachal Pradesh,2021-02-24,98881,12818,111699,covid19india,,
Himachal Pradesh,2021-02-25,100723,17041,117764,covid19india,,
Himachal Pradesh,2021-02-26,101504,20924,122428,covid19india,,
Himachal Pradesh,2021-02-27,101504,20924,122428,covid19india,,
Himachal Pradesh,2021-02-28,101504,20924,122428,covid19india,,
Himachal Pradesh,2021-03-01,102373,25720,128093,covid19india,,
Himachal Pradesh,2021-03-02,104268,29736,134004,covid19india,,
Himachal Pradesh,2021-03-03,106114,33984,140098,covid19india,,
Himachal Pradesh,2021-03-04,110698,39206,149904,covid19india,,
Himachal Pradesh,2021-03-05,117053,42818,159871,covid19india,,
Himachal Pradesh,2021-03-06,122400,45581,167981,covid19india,,
Himachal Pradesh,2021-03-07,124695,45758,170453,covid19india,,
Himachal Pradesh,2021-03-08,130571,48673,179244,covid19india,,
Himachal Pradesh,2021-03-09,147343,56024,203367,covid19india,,
Himachal Pradesh,2021-03-10,154500,59081,213581,covid19india,,
Himachal Pradesh,2021-03-11,154957,59331,214288,covid19india,,
Himachal Pradesh,2021-03-12,170902,65691,236593,covid19india,,
Himachal Pradesh,2021-03-13,176346,67113,243459,covid19india,,
Himachal Pradesh,2021-03-14,177837,67255,245092,covid19india,,
Himachal Pradesh,2021-03-15,188093,70197,258290,covid19india,,
Himachal Pradesh,2021-03-16,221670,74008,295678,covid19india,,
Himachal Pradesh,2021-03-17,229726,76099,305825,covid19india,,
Himachal Pradesh,2021-03-18,256373,78464,334837,covid19india,,
Himachal Pradesh,2021-03-19,274892,81189,356081,covid19india,,
Himachal Pradesh,2021-03-20,283251,83251,366502,covid19india,,
Himachal Pradesh,2021-03-21,284645,83353,367998,covid19india,,
Himachal Pradesh,2021-03-22,292939,84827,377766,covid19india,,
Himachal Pradesh,2021-03-23,314214,86528,400742,covid19india,,
Himachal Pradesh,2021-03-24,325647,87548,413195,covid19india,,
Himachal Pradesh,2021-03-25,363414,88676,452090,covid19india,,
Himachal Pradesh,2021-03-26,383719,89939,473658,covid19india,,
Himachal Pradesh,2021-03-27,403332,90405,493737,covid19india,,
Himachal Pradesh,2021-03-28,403332,90405,493737,covid19india,,
Himachal Pradesh,2021-03-29,404269,90426,494695,covid19india,,
Himachal Pradesh,2021-03-30,431342,91476,522818,covid19india,,
Himachal Pradesh,2021-03-31,439777,92276,532053,covid19india,,
Himachal Pradesh,2021-04-01,484104,93477,577581,covid19india,,
Himachal Pradesh,2021-04-02,505998,89694,595692,covid19india,,
Himachal Pradesh,2021-04-03,524093,90771,614864,covid19india,,
Himachal Pradesh,2021-04-04,541886,91646,633532,covid19india,,
Himachal Pradesh,2021-04-05,577594,93382,670976,covid19india,,
Himachal Pradesh,2021-04-06,640752,96325,737077,covid19india,,
Himachal Pradesh,2021-04-07,680428,97974,778402,covid19india,,
Himachal Pradesh,2021-04-08,741610,100199,841809,covid19india,,
Himachal Pradesh,2021-04-09,788371,102907,891278,covid19india,,
Himachal Pradesh,2021-04-10,837397,105435,942832,covid19india,,
Himachal Pradesh,2021-04-11,876536,107374,983910,covid19india,,
Himachal Pradesh,2021-04-12,940183,111049,1051232,covid19india,,
Himachal Pradesh,2021-04-13,996917,114950,1111867,covid19india,,
Himachal Pradesh,2021-04-14,1039728,118201,1157929,covid19india,,
Himachal Pradesh,2021-04-15,1070591,121952,1192543,covid19india,,
Himachal Pradesh,2021-04-16,1112734,128855,1241589,covid19india,,
Himachal Pradesh,2021-04-17,1143734,134355,1278089,covid19india,,
Himachal Pradesh,2021-04-18,1153057,136443,1289500,covid19india,,
Himachal Pradesh,2021-04-19,1184947,143716,1328663,covid19india,,
Himachal Pradesh,2021-04-20,1225881,152805,1378686,covid19india,,
Himachal Pradesh,2021-04-21,1244661,156186,1400847,covid19india,,
Himachal Pradesh,2021-04-22,1286023,165347,1451370,covid19india,,
Himachal Pradesh,2021-04-23,1322733,175221,1497954,covid19india,,
Himachal Pradesh,2021-04-24,1354901,182623,1537524,covid19india,,
Himachal Pradesh,2021-04-25,1363254,185235,1548489,covid19india,,
Himachal Pradesh,2021-04-26,1396592,196724,1593316,covid19india,,
Himachal Pradesh,2021-04-27,1434423,210080,1644503,covid19india,,
Himachal Pradesh,2021-04-28,1468118,221742,1689860,covid19india,,
Himachal Pradesh,2021-04-29,1505390,237777,1743167,covid19india,,
Himachal Pradesh,2021-04-30,1541271,252131,1793402,covid19india,,
Himachal Pradesh,2021-05-01,1562625,261351,1823976,covid19india,,
Himachal Pradesh,2021-05-02,1566261,262692,1828953,covid19india,,
Himachal Pradesh,2021-05-03,1591608,278694,1870302,covid19india,,
Himachal Pradesh,2021-05-04,1616831,296503,1913334,covid19india,,
Himachal Pradesh,2021-05-05,1635184,310746,1945930,covid19india,,
Himachal Pradesh,2021-05-06,1656155,333536,1989691,covid19india,,
Himachal Pradesh,2021-05-07,1669330,349372,2018702,covid19india,,
Himachal Pradesh,2021-05-08,1678113,359630,2037743,covid19india,,
Himachal Pradesh,2021-05-09,1680758,362947,2043705,covid19india,,
Himachal Pradesh,2021-05-10,1692397,379898,2072295,covid19india,,
Himachal Pradesh,2021-05-11,1701198,394726,2095924,covid19india,,
Himachal Pradesh,2021-05-12,1708753,401731,2110484,covid19india,,
Himachal Pradesh,2021-05-13,1722220,417413,2139633,covid19india,,
Himachal Pradesh,2021-05-14,1729593,424042,2153635,covid19india,,
Himachal Pradesh,2021-05-15,1744944,432563,2177507,covid19india,,
Himachal Pradesh,2021-05-16,1748284,432715,2180999,covid19india,,
Himachal Pradesh,2021-05-17,1771369,432780,2204149,covid19india,,
Himachal Pradesh,2021-05-18,1792687,432884,2225571,covid19india,,
Himachal Pradesh,2021-05-19,1808316,432947,2241263,covid19india,,
Himachal Pradesh,2021-05-20,1870868,432961,2303829,covid19india,,
Himachal Pradesh,2021-05-21,1889598,433056,2322654,covid19india,,
Himachal Pradesh,2021-05-22,1901107,433106,2334213,covid19india,,
Himachal Pradesh,2021-05-23,1903308,433118,2336426,covid19india,,
Himachal Pradesh,2021-05-24,1924861,433145,2358006,covid19india,,
Himachal Pradesh,2021-05-25,1943115,433243,2376358,covid19india,,
Himachal Pradesh,2021-05-26,1950294,433284,2383578,covid19india,,
Himachal Pradesh,2021-05-27,1971768,433299,2405067,covid19india,,
Himachal Pradesh,2021-05-28,1985472,433542,2419014,covid19india,,
Himachal Pradesh,2021-05-29,1996121,433608,2429729,covid19india,,
Himachal Pradesh,2021-05-30,1997445,433612,2431057,covid19india,,
Himachal Pradesh,2021-05-31,2022506,433621,2456127,covid19india,,
Himachal Pradesh,2021-06-01,2037219,433763,2470982,covid19india,,
Himachal Pradesh,2021-06-02,2048775,433830,2482605,covid19india,,
Himachal Pradesh,2021-06-03,2060033,433909,2493942,covid19india,,
Himachal Pradesh,2021-06-04,2075437,434078,2509515,covid19india,,
Himachal Pradesh,2021-06-05,2088829,434189,2523018,covid19india,,
Himachal Pradesh,2021-06-06,2090059,434203,2524262,covid19india,,
Himachal Pradesh,2021-06-07,2101788,434456,2536244,covid19india,,
Himachal Pradesh,2021-06-08,2114235,434776,2549011,covid19india,,
Himachal Pradesh,2021-06-09,2122847,434946,2557793,covid19india,,
Himachal Pradesh,2021-06-10,2130836,435278,2566114,covid19india,,
Himachal Pradesh,2021-06-11,2140648,435642,2576290,covid19india,,
Himachal Pradesh,2021-06-12,2151461,435972,2587433,covid19india,,
Himachal Pradesh,2021-06-13,2151620,435973,2587593,covid19india,,
Himachal Pradesh,2021-06-14,2178527,435974,2614501,covid19india,,
Himachal Pradesh,2021-06-15,2222368,436282,2658650,covid19india,,
Himachal Pradesh,2021-06-16,2262289,436606,2698895,covid19india,,
Himachal Pradesh,2021-06-17,2303730,437077,2740807,covid19india,,
Himachal Pradesh,2021-06-18,2353332,438298,2791630,covid19india,,
Himachal Pradesh,2021-06-19,2378023,440189,2818212,covid19india,,
Himachal Pradesh,2021-06-20,2379132,440202,2819334,covid19india,,
Himachal Pradesh,2021-06-21,2478161,440202,2918363,covid19india,,
Himachal Pradesh,2021-06-22,2599553,440210,3039763,covid19india,,
Himachal Pradesh,2021-06-23,2743734,440232,3183966,covid19india,,
Himachal Pradesh,2021-06-24,2769119,449893,3219012,covid19india,,
Himachal Pradesh,2021-06-25,2866630,461951,3328581,covid19india,,
Himachal Pradesh,2021-06-26,3010202,471864,3482066,covid19india,,
Himachal Pradesh,2021-06-27,3025895,471889,3497784,covid19india,,
Himachal Pradesh,2021-06-28,3187720,479217,3666937,covid19india,,
Himachal Pradesh,2021-06-29,3338599,488568,3827167,covid19india,,
Himachal Pradesh,2021-06-30,3351501,514786,3866287,covid19india,,
Himachal Pradesh,2021-07-01,3362066,546919,3908985,covid19india,,
Himachal Pradesh,2021-07-02,3370592,576798,3947390,covid19india,,
Himachal Pradesh,2021-07-03,3378239,607655,3985894,covid19india,,
Himachal Pradesh,2021-07-04,3378319,607686,3986005,covid19india,,
Himachal Pradesh,2021-07-05,3387800,659342,4047142,covid19india,,
Himachal Pradesh,2021-07-06,3398021,717807,4115828,covid19india,,
Himachal Pradesh,2021-07-07,3406867,766163,4173030,covid19india,,
Himachal Pradesh,2021-07-08,3414094,806114,4220208,covid19india,,
Himachal Pradesh,2021-07-09,3419934,838929,4258863,covid19india,,
Himachal Pradesh,2021-07-10,3423175,857856,4281031,covid19india,,
Himachal Pradesh,2021-07-11,3423246,858062,4281308,covid19india,,
Himachal Pradesh,2021-07-12,3427554,891773,4319327,covid19india,,
Himachal Pradesh,2021-07-13,3487424,928925,4416349,covid19india,,
Himachal Pradesh,2021-07-14,3491953,955322,4447275,covid19india,,
Himachal Pradesh,2021-07-15,3495564,978157,4473721,covid19india,,
Himachal Pradesh,2021-07-16,3498848,1001930,4500778,covid19india,,
Himachal Pradesh,2021-07-17,3505004,1039787,4544791,covid19india,,
Himachal Pradesh,2021-07-18,3505080,1039803,4544883,covid19india,,
Himachal Pradesh,2021-07-19,3542306,1065433,4607739,covid19india,,
Himachal Pradesh,2021-07-20,3593645,1089926,4683571,covid19india,,
Himachal Pradesh,2021-07-21,3594024,1090034,4684058,covid19india,,
Himachal Pradesh,2021-07-22,3645464,1116894,4762358,covid19india,,
Himachal Pradesh,2021-07-23,3697712,1143545,4841257,covid19india,,
Himachal Pradesh,2021-07-24,3740883,1166790,4907673,covid19india,,
Himachal Pradesh,2021-07-25,3740953,1166811,4907764,covid19india,,
Himachal Pradesh,2021-07-26,3779130,1186148,4965278,covid19india,,
Himachal Pradesh,2021-07-27,3813969,1206368,5020337,covid19india,,
Himachal Pradesh,2021-07-28,3844633,1222392,5067025,covid19india,,
Himachal Pradesh,2021-07-29,3863935,1232645,5096580,covid19india,,
Himachal Pradesh,2021-07-30,3898168,1251022,5149190,covid19india,,
Himachal Pradesh,2021-07-31,3968620,1273524,5242144,covid19india,,
Himachal Pradesh,2021-08-01,3968676,1273577,5242253,covid19india,,
Himachal Pradesh,2021-08-02,4010124,1291559,5301683,covid19india,,
Himachal Pradesh,2021-08-03,4048894,1307623,5356517,covid19india,,
Himachal Pradesh,2021-08-04,4083812,1321716,5405528,covid19india,,
Himachal Pradesh,2021-08-05,4115581,1334173,5449754,covid19india,,
Himachal Pradesh,2021-08-06,4155025,1347806,5502831,covid19india,,
Himachal Pradesh,2021-08-07,4190275,1360958,5551233,covid19india,,
Himachal Pradesh,2021-08-08,4190561,1360987,5551548,covid19india,,
Himachal Pradesh,2021-08-09,4249932,1382642,5632574,covid19india,,
Himachal Pradesh,2021-08-10,4335980,1406772,5742752,covid19india,,
Himachal Pradesh,2021-08-11,4447699,1429129,5876828,covid19india,,
Himachal Pradesh,2021-08-12,4598328,1458249,6056577,covid19india,,
Himachal Pradesh,2021-08-13,4765529,1487018,6252547,covid19india,,
Himachal Pradesh,2021-08-14,4950815,1513710,6464525,covid19india,,
Himachal Pradesh,2021-08-15,4956151,1514320,6470471,covid19india,,
Himachal Pradesh,2021-08-16,5021614,1531182,6552796,covid19india,,
Himachal Pradesh,2021-08-17,5089044,1553369,6642413,covid19india,,
Himachal Pradesh,2021-08-18,5136089,1570679,6706768,covid19india,,
Himachal Pradesh,2021-08-19,5184454,1589495,6773949,covid19india,,
Himachal Pradesh,2021-08-20,5215365,1600633,6815998,covid19india,,
Himachal Pradesh,2021-08-21,5249632,1614889,6864521,covid19india,,
Himachal Pradesh,2021-08-22,5250505,1615250,6865755,covid19india,,
Himachal Pradesh,2021-08-23,5283827,1634501,6918328,covid19india,,
Himachal Pradesh,2021-08-24,5317700,1655069,6972769,covid19india,,
Himachal Pradesh,2021-08-25,5356000,1673863,7029863,covid19india,,
Himachal Pradesh,2021-08-26,5395597,1693435,7089032,covid19india,,
Himachal Pradesh,2021-08-27,5432250,1711428,7143678,covid19india,,
Himachal Pradesh,2021-08-29,5466716,1730543,7197259,covid19india,,
Himachal Pradesh,2021-08-30,5472735,1733724,7206459,covid19india,,
Himachal Pradesh,2021-08-31,5492938,1749118,7242056,covid19india,,
Himachal Pradesh,2021-09-01,5506058,1762455,7268513,covid19india,,
Himachal Pradesh,2021-09-02,5517168,1775858,7293026,covid19india,,
Himachal Pradesh,2021-09-03,5528720,1792813,7321533,covid19india,,
Himachal Pradesh,2021-09-04,5540141,1812443,7352584,covid19india,,
Himachal Pradesh,2021-09-05,5543504,1816180,7359684,covid19india,,
Himachal Pradesh,2021-09-06,5550531,1827309,7377840,covid19india,,
Himachal Pradesh,2021-09-07,5556903,1843909,7400812,covid19india,,
Himachal Pradesh,2021-09-08,5562998,1862001,7424999,covid19india,,
Himachal Pradesh,2021-09-09,5568613,1882314,7450927,covid19india,,
Himachal Pradesh,2021-09-10,5574225,1905926,7480151,covid19india,,
Himachal Pradesh,2021-09-11,5578363,1928452,7506815,covid19india,,
Himachal Pradesh,2021-09-12,5578530,1929028,7507558,covid19india,,
Himachal Pradesh,2021-09-13,5585654,1967281,7552935,covid19india,,
Himachal Pradesh,2021-09-14,5592174,2012238,7604412,covid19india,,
Himachal Pradesh,2021-09-15,5597639,2057882,7655521,covid19india,,
Himachal Pradesh,2021-09-16,5601460,2088406,7689866,covid19india,,
Himachal Pradesh,2021-09-17,5608109,2144877,7752986,covid19india,,
Himachal Pradesh,2021-09-18,5614346,2207545,7821891,covid19india,,
Himachal Pradesh,2021-09-19,5614837,2215899,7830736,covid19india,,
Himachal Pradesh,2021-09-20,5622191,2290761,7912952,covid19india,,
Himachal Pradesh,2021-09-21,5627468,2364779,7992247,covid19india,,
Himachal Pradesh,2021-09-22,5632996,2428302,8061298,covid19india,,
Himachal Pradesh,2021-09-23,5636538,2475473,8112011,covid19india,,
Himachal Pradesh,2021-09-24,5641906,2528224,8170130,covid19india,,
Himachal Pradesh,2021-09-25,5646349,2576464,8222813,covid19india,,
Himachal Pradesh,2021-09-26,5646719,2580536,8227255,covid19india,,
Himachal Pradesh,2021-09-27,5651396,2627833,8279229,covid19india,,
Himachal Pradesh,2021-09-28,5655422,2668787,8324209,covid19india,,
Himachal Pradesh,2021-09-29,5658695,2702531,8361226,covid19india,,
Himachal Pradesh,2021-09-30,5661779,2731107,8392886,covid19india,,
Himachal Pradesh,2021-10-01,5664849,2766701,8431550,covid19india,,
Himachal Pradesh,2021-10-02,5666027,2778365,8444392,covid19india,,
Himachal Pradesh,2021-10-03,5666290,2782031,8448321,covid19india,,
Himachal Pradesh,2021-10-04,5669175,2817384,8486559,covid19india,,
Himachal Pradesh,2021-10-05,5671739,2844679,8516418,covid19india,,
Himachal Pradesh,2021-10-06,5673924,2866253,8540177,covid19india,,
Himachal Pradesh,2021-10-07,5675971,2886619,8562590,covid19india,,
Himachal Pradesh,2021-10-08,5677721,2904503,8582224,covid19india,,
Himachal Pradesh,2021-10-09,5679157,2920370,8599527,covid19india,,
Himachal Pradesh,2021-10-10,5679341,2922020,8601361,covid19india,,
Himachal Pradesh,2021-10-11,5681176,2941378,8622554,covid19india,,
India,2021-01-16,191181,0,191181,covid19india,,
India,2021-01-18,454049,0,454049,covid19india,,
India,2021-01-19,630417,0,630417,covid19india,,
India,2021-01-20,806484,0,806484,covid19india,,
India,2021-01-21,1043534,0,1043534,covid19india,,
India,2021-01-22,1390592,0,1390592,covid19india,,
India,2021-01-23,1582201,0,1582201,covid19india,,
India,2021-01-24,1615504,0,1615504,covid19india,,
India,2021-01-25,2023809,0,2023809,covid19india,,
India,2021-01-26,2029480,0,2029480,covid19india,,
India,2021-01-27,2355979,0,2355979,covid19india,,
India,2021-01-28,2928053,0,2928053,covid19india,,
India,2021-01-29,3500027,0,3500027,covid19india,,
India,2021-01-30,3744334,0,3744334,covid19india,,
India,2021-01-31,3758843,0,3758843,covid19india,,
India,2021-02-01,3950156,0,3950156,covid19india,,
India,2021-02-02,4138918,0,4138918,covid19india,,
India,2021-02-03,4449552,0,4449552,covid19india,,
India,2021-02-04,4959445,0,4959445,covid19india,,
India,2021-02-05,5416849,0,5416849,covid19india,,
India,2021-02-06,5775322,0,5775322,covid19india,,
India,2021-02-07,5812362,0,5812362,covid19india,,
India,2021-02-08,6259008,0,6259008,covid19india,,
India,2021-02-09,6611561,0,6611561,covid19india,,
India,2021-02-10,7017114,0,7017114,covid19india,,
India,2021-02-11,7505010,0,7505010,covid19india,,
India,2021-02-12,7967647,0,7967647,covid19india,,
India,2021-02-13,8240230,23628,8263858,covid19india,,
India,2021-02-14,8260734,24561,8285295,covid19india,,
India,2021-02-15,8560531,160291,8720822,covid19india,,
India,2021-02-16,8722853,276377,8999230,covid19india,,
India,2021-02-17,9053061,369167,9422228,covid19india,,
India,2021-02-18,9577108,610899,10188007,covid19india,,
India,2021-02-19,9868043,847161,10715204,covid19india,,
India,2021-02-20,10124531,960642,11085173,covid19india,,
India,2021-02-21,10149002,967852,11116854,covid19india,,
India,2021-02-22,10487375,1258177,11745552,covid19india,,
India,2021-02-23,10767198,1398400,12165598,covid19india,,
India,2021-02-24,11054815,1616348,12671163,covid19india,,
India,2021-02-25,11439649,2032994,13472643,covid19india,,
India,2021-02-26,11788669,2453878,14242547,covid19india,,
India,2021-02-27,11845075,2456191,14301266,covid19india,,
India,2021-02-28,11845075,2456191,14301266,covid19india,,
India,2021-03-01,12256337,2597799,14854136,covid19india,,
India,2021-03-02,12906771,2713978,15620749,covid19india,,
India,2021-03-03,13739121,2876927,16616048,covid19india,,
India,2021-03-04,14796835,3208668,18005503,covid19india,,
India,2021-03-05,15996683,3501021,19497704,covid19india,,
India,2021-03-06,17168303,3754041,20922344,covid19india,,
India,2021-03-07,17227903,3761107,20989010,covid19india,,
India,2021-03-08,18943283,4065450,23008733,covid19india,,
India,2021-03-09,20004227,4363679,24367906,covid19india,,
India,2021-03-10,21034481,4650530,25685011,covid19india,,
India,2021-03-11,21435841,4729079,26164920,covid19india,,
India,2021-03-12,23075504,5142953,28218457,covid19india,,
India,2021-03-13,24307635,5430774,29738409,covid19india,,
India,2021-03-14,24452385,5455653,29908038,covid19india,,
India,2021-03-15,27079484,5867948,32947432,covid19india,,
India,2021-03-16,28862037,6202499,35064536,covid19india,,
India,2021-03-17,30600787,6542468,37143255,covid19india,,
India,2021-03-18,32426230,6913587,39339817,covid19india,,
India,2021-03-19,34842030,7221362,42063392,covid19india,,
India,2021-03-20,37125187,7478654,44603841,covid19india,,
India,2021-03-21,37574302,7491696,45065998,covid19india,,
India,2021-03-22,40631153,7863441,48494594,covid19india,,
India,2021-03-23,42731952,8109334,50841286,covid19india,,
India,2021-03-24,44846538,8299171,53145709,covid19india,,
India,2021-03-25,47001472,8502968,55504440,covid19india,,
India,2021-03-26,49426618,8683155,58109773,covid19india,,
India,2021-03-27,51441436,8828346,60269782,covid19india,,
India,2021-03-28,51660234,8870201,60530435,covid19india,,
India,2021-03-29,52211398,8901956,61113354,covid19india,,
India,2021-03-30,53989035,9065318,63054353,covid19india,,
India,2021-03-31,55783201,9334695,65117896,covid19india,,
India,2021-04-01,59148798,9640340,68789138,covid19india,,
India,2021-04-02,63081589,9972706,73054295,covid19india,,
India,2021-04-03,65739470,10240181,75979651,covid19india,,
India,2021-04-04,68678838,10426325,79105163,covid19india,,
India,2021-04-05,72277309,10833617,83110926,covid19india,,
India,2021-04-06,75937015,11140459,87077474,covid19india,,
India,2021-04-07,78763027,11435646,90198673,covid19india,,
India,2021-04-08,82456522,11877740,94334262,covid19india,,
India,2021-04-09,85763852,12311308,98075160,covid19india,,
India,2021-04-10,88885961,12709186,101595147,covid19india,,
India,2021-04-11,91587400,12941165,104528565,covid19india,,
India,2021-04-12,95043039,13490046,108533085,covid19india,,
India,2021-04-13,97301914,13877664,111179578,covid19india,,
India,2021-04-14,100179199,14314039,114493238,covid19india,,
India,2021-04-15,102349255,14874254,117223509,covid19india,,
India,2021-04-16,104408484,15529157,119937641,covid19india,,
India,2021-04-17,106431076,16191514,122622590,covid19india,,
India,2021-04-18,107371770,16480796,123852566,covid19india,,
India,2021-04-19,109659181,17469932,127129113,covid19india,,
India,2021-04-20,111645892,18473418,130119310,covid19india,,
India,2021-04-21,113147596,19183048,132330644,covid19india,,
India,2021-04-22,115073463,20404957,135478420,covid19india,,
India,2021-04-23,116936487,21443345,138379832,covid19india,,
India,2021-04-24,118580324,22336093,140916417,covid19india,,
India,2021-04-25,119265786,22645437,141911223,covid19india,,
India,2021-04-26,121361009,23910177,145271186,covid19india,,
India,2021-04-27,122930008,24897359,147827367,covid19india,,
India,2021-04-28,124212143,25808505,150020648,covid19india,,
India,2021-04-29,125486929,26758250,152245179,covid19india,,
India,2021-04-30,127056746,27932889,154989635,covid19india,,
India,2021-05-01,128171153,28644878,156816031,covid19india,,
India,2021-05-02,128374277,28823930,157198207,covid19india,,
India,2021-05-03,129227412,29705509,158932921,covid19india,,
India,2021-05-04,130044455,30449733,160494188,covid19india,,
India,2021-05-05,130974851,31538488,162513339,covid19india,,
India,2021-05-06,132087824,32885234,164973058,covid19india,,
India,2021-05-07,133112446,34234098,167346544,covid19india,,
India,2021-05-08,133980544,35459119,169439663,covid19india,,
India,2021-05-09,134404867,35771736,170176603,covid19india,,
India,2021-05-10,135494474,37215592,172710066,covid19india,,
India,2021-05-11,136619734,38616257,175235991,covid19india,,
India,2021-05-12,137658380,39555876,177214256,covid19india,,
India,2021-05-13,138719426,40579158,179298584,covid19india,,
India,2021-05-14,139375695,41081884,180457579,covid19india,,
India,2021-05-15,119960676,35857301,182220164,covid19india,,
India,2021-05-16,141147770,41778690,182926460,covid19india,,
India,2021-05-17,142428227,42024922,184453149,covid19india,,
India,2021-05-18,143583902,42225400,185809302,covid19india,,
India,2021-05-19,144623670,42386122,187009792,covid19india,,
India,2021-05-20,149201320,42678183,191879503,covid19india,,
India,2021-05-21,150501478,42871341,193372819,covid19india,,
India,2021-05-22,151945271,43058913,195004184,covid19india,,
India,2021-05-23,152930249,43121713,196051962,covid19india,,
India,2021-05-24,155235374,43303625,198538999,covid19india,,
India,2021-05-25,157149593,43512863,200662456,covid19india,,
India,2021-05-26,159025328,43670546,202695874,covid19india,,
India,2021-05-27,161850092,43870568,205720660,covid19india,,
India,2021-05-28,164779253,44123192,208902445,covid19india,,
India,2021-05-29,167617477,44449137,212066614,covid19india,,
India,2021-05-30,168613371,44540758,213154129,covid19india,,
India,2021-05-31,171200166,44846472,216046638,covid19india,,
India,2021-06-01,173411496,45135171,218546667,covid19india,,
India,2021-06-02,175665160,45378533,221043693,covid19india,,
India,2021-06-03,178486097,45623351,224109448,covid19india,,
India,2021-06-04,181952338,45907979,227860317,covid19india,,
India,2021-06-05,185138502,46183915,231322417,covid19india,,
India,2021-06-06,186514773,46271709,232786482,covid19india,,
India,2021-06-07,189595747,46602979,236198726,covid19india,,
India,2021-06-08,192137133,46921227,239058360,covid19india,,
India,2021-06-09,195482945,47243748,242726693,covid19india,,
India,2021-06-10,198511574,47574075,246085649,covid19india,,
India,2021-06-11,201690149,47910155,249600304,covid19india,,
India,2021-06-12,204893461,48301587,253195048,covid19india,,
India,2021-06-13,206369672,48479629,254849301,covid19india,,
India,2021-06-14,210166746,48877326,259044072,covid19india,,
India,2021-06-15,212681921,49290093,261972014,covid19india,,
India,2021-06-16,215848080,49671171,265519251,covid19india,,
India,2021-06-17,218873616,50086783,268960399,covid19india,,
India,2021-06-18,221901281,50487502,272388783,covid19india,,
India,2021-06-19,225687086,51006486,276693572,covid19india,,
India,2021-06-20,228741774,51295124,280036898,covid19india,,
India,2021-06-21,236681488,52084713,288766201,covid19india,,
India,2021-06-22,241894504,52745007,294639511,covid19india,,
India,2021-06-23,248224925,53401103,301626028,covid19india,,
India,2021-06-24,253737871,54210873,307948744,covid19india,,
India,2021-06-25,259834772,55211154,315045926,covid19india,,
India,2021-06-26,265384559,56375518,321760077,covid19india,,
India,2021-06-27,266933878,56729419,323663297,covid19india,,
India,2021-06-28,271131337,57898173,329029510,covid19india,,
India,2021-06-29,274013600,58840927,332854527,covid19india,,
India,2021-06-30,276099880,59616139,335716019,covid19india,,
India,2021-07-01,279454091,60622141,340076232,covid19india,,
India,2021-07-02,282743449,61867842,344611291,covid19india,,
India,2021-07-03,287137161,64084145,351221306,covid19india,,
India,2021-07-04,288323682,64568364,352892046,covid19india,,
India,2021-07-05,291172390,66381222,357553612,covid19india,,
India,2021-07-06,293706832,67616716,361323548,covid19india,,
India,2021-07-07,295889870,68957679,364847549,covid19india,,
India,2021-07-08,298678913,70312309,368991222,covid19india,,
India,2021-07-09,300742742,71453526,372196268,covid19india,,
India,2021-07-10,303171498,72861088,376032586,covid19india,,
India,2021-07-11,304018852,73333649,377352501,covid19india,,
India,2021-07-12,306612781,74854865,381467646,covid19india,,
India,2021-07-13,311387539,76310396,387697935,covid19india,,
India,2021-07-14,313529502,77810989,391340491,covid19india,,
India,2021-07-15,316116189,79227578,395343767,covid19india,,
India,2021-07-16,318665226,81030653,399695879,covid19india,,
India,2021-07-17,321893762,83037953,404931715,covid19india,,
India,2021-07-18,322944436,83537057,406481493,covid19india,,
India,2021-07-19,326392783,85453618,411846401,covid19india,,
India,2021-07-20,328716212,86756243,415472455,covid19india,,
India,2021-07-21,330259212,87591939,417851151,covid19india,,
India,2021-07-22,333945151,89471879,423417030,covid19india,,
India,2021-07-23,336819816,91062445,427882261,covid19india,,
India,2021-07-24,340387695,92763169,433150864,covid19india,,
India,2021-07-25,341802707,93393294,435196001,covid19india,,
India,2021-07-26,346516149,95396246,441912395,covid19india,,
India,2021-07-27,349324061,96832598,446156659,covid19india,,
India,2021-07-28,352545271,98160986,450706257,covid19india,,
India,2021-07-29,356140739,99893015,456033754,covid19india,,
India,2021-07-30,359820313,101698166,461518479,covid19india,,
India,2021-07-31,366806160,103492436,470298596,covid19india,,
India,2021-08-01,367994586,104229053,472223639,covid19india,,
India,2021-08-02,372626926,105917188,478544114,covid19india,,
India,2021-08-03,378090597,107195973,485286570,covid19india,,
India,2021-08-04,381126275,108216020,489342295,covid19india,,
India,2021-08-05,385631050,109696545,495327595,covid19india,,
India,2021-08-06,390041560,110968049,501009609,covid19india,,
India,2021-08-07,394378151,112432341,506810492,covid19india,,
India,2021-08-08,395667593,112997166,508664759,covid19india,,
India,2021-08-09,400158057,114342211,514500268,covid19india,,
India,2021-08-10,403596088,115484436,519080524,covid19india,,
India,2021-08-11,406980329,116690690,523671019,covid19india,,
India,2021-08-12,411629356,117953600,529582956,covid19india,,
India,2021-08-13,416846115,119343788,536189903,covid19india,,
India,2021-08-14,422575401,121270889,543846290,covid19india,,
India,2021-08-15,424072750,121784358,545857108,covid19india,,
India,2021-08-16,431194809,123535800,554730609,covid19india,,
India,2021-08-17,435720056,124931974,560652030,covid19india,,
India,2021-08-18,440102169,126386264,566488433,covid19india,,
India,2021-08-19,444486031,127795457,572281488,covid19india,,
India,2021-08-20,447303462,128813888,576117350,covid19india,,
India,2021-08-21,450755650,130733727,581489377,covid19india,,
India,2021-08-22,451513534,131036061,582549595,covid19india,,
India,2021-08-23,456151209,132846596,588997805,covid19india,,
India,2021-08-24,460802783,134701810,595504593,covid19india,,
India,2021-08-25,466880859,136965616,603846475,covid19india,,
India,2021-08-26,472838773,139369769,612208542,covid19india,,
India,2021-08-27,480876699,142112435,622989134,covid19india,,
India,2021-08-29,488506288,145875070,634381358,covid19india,,
India,2021-08-30,493020765,147507879,640528644,covid19india,,
India,2021-08-31,503331527,150781981,654113508,covid19india,,
India,2021-09-01,509799626,153237708,663037334,covid19india,,
India,2021-09-02,515531338,155428630,670959968,covid19india,,
India,2021-09-03,519866213,157344992,677211205,covid19india,,
India,2021-09-04,524546930,160122591,684669521,covid19india,,
India,2021-09-05,526381797,161159965,687541762,covid19india,,
India,2021-09-06,534715823,164346953,699062776,covid19india,,
India,2021-09-07,540557826,166985192,707543018,covid19india,,
India,2021-09-08,546897006,169700422,716597428,covid19india,,
India,2021-09-09,551843120,171941466,723784586,covid19india,,
India,2021-09-10,556541427,174048261,730589688,covid19india,,
India,2021-09-11,561101965,177105413,738207378,covid19india,,
India,2021-09-12,564834748,179002895,743837643,covid19india,,
India,2021-09-13,570511241,181727083,752238324,covid19india,,
India,2021-09-14,574657255,184255022,758912277,covid19india,,
India,2021-09-15,578646751,187070386,765717137,covid19india,,
India,2021-09-16,582606905,189818839,772425744,covid19india,,
India,2021-09-17,596091846,199217243,795309089,covid19india,,
India,2021-09-18,601046450,203325881,804372331,covid19india,,
India,2021-09-19,603666773,204901371,808568144,covid19india,,
India,2021-09-20,609568160,208945667,818513827,covid19india,,
India,2021-09-21,614390226,212125528,826515754,covid19india,,
India,2021-09-22,618513000,215477049,833990049,covid19india,,
India,2021-09-23,622902393,218615633,841518026,covid19india,,
India,2021-09-24,627174874,221754286,848929160,covid19india,,
India,2021-09-25,630831085,225250442,856081527,covid19india,,
India,2021-09-26,633216286,226942725,860159011,covid19india,,
India,2021-09-27,639614662,231093974,870708636,covid19india,,
India,2021-09-28,642863561,233799929,876663490,covid19india,,
India,2021-09-29,646473741,236996837,883470578,covid19india,,
India,2021-09-30,650229045,239978962,890208007,covid19india,,
India,2021-10-01,654331744,243149810,897481554,covid19india,,
India,2021-10-02,658277760,246897588,905175348,covid19india,,
India,2021-10-03,659815128,248117733,907932861,covid19india,,
India,2021-10-04,663807388,251658438,915465826,covid19india,,
India,2021-10-05,667246479,254518926,921765405,covid19india,,
India,2021-10-06,669549280,256819328,926368608,covid19india,,
India,2021-10-07,672529456,259187735,931717191,covid19india,,
India,2021-10-08,676837943,263077380,939915323,covid19india,,
India,2021-10-09,680516158,266494017,947010175,covid19india,,
India,2021-10-10,683009792,268974581,951984373,covid19india,,
India,2021-10-11,686580570,272397479,958978049,covid19india,,
Jammu and Kashmir,2021-01-16,2044,0,2044,covid19india,,
Jammu and Kashmir,2021-01-18,3375,0,3375,covid19india,,
Jammu and Kashmir,2021-01-19,4395,0,4395,covid19india,,
Jammu and Kashmir,2021-01-20,4414,0,4414,covid19india,,
Jammu and Kashmir,2021-01-21,6847,0,6847,covid19india,,
Jammu and Kashmir,2021-01-22,9827,0,9827,covid19india,,
Jammu and Kashmir,2021-01-23,11647,0,11647,covid19india,,
Jammu and Kashmir,2021-01-24,11647,0,11647,covid19india,,
Jammu and Kashmir,2021-01-25,16173,0,16173,covid19india,,
Jammu and Kashmir,2021-01-26,16173,0,16173,covid19india,,
Jammu and Kashmir,2021-01-27,16331,0,16331,covid19india,,
Jammu and Kashmir,2021-01-28,22401,0,22401,covid19india,,
Jammu and Kashmir,2021-01-29,26634,0,26634,covid19india,,
Jammu and Kashmir,2021-01-30,26634,0,26634,covid19india,,
Jammu and Kashmir,2021-01-31,26634,0,26634,covid19india,,
Jammu and Kashmir,2021-02-01,26634,0,26634,covid19india,,
Jammu and Kashmir,2021-02-02,26634,0,26634,covid19india,,
Jammu and Kashmir,2021-02-03,26634,0,26634,covid19india,,
Jammu and Kashmir,2021-02-04,34475,0,34475,covid19india,,
Jammu and Kashmir,2021-02-05,41624,0,41624,covid19india,,
Jammu and Kashmir,2021-02-06,49419,0,49419,covid19india,,
Jammu and Kashmir,2021-02-07,49419,0,49419,covid19india,,
Jammu and Kashmir,2021-02-08,61035,0,61035,covid19india,,
Jammu and Kashmir,2021-02-09,74219,0,74219,covid19india,,
Jammu and Kashmir,2021-02-10,74219,0,74219,covid19india,,
Jammu and Kashmir,2021-02-11,93570,0,93570,covid19india,,
Jammu and Kashmir,2021-02-12,111470,0,111470,covid19india,,
Jammu and Kashmir,2021-02-13,128822,807,129629,covid19india,,
Jammu and Kashmir,2021-02-14,128822,807,129629,covid19india,,
Jammu and Kashmir,2021-02-15,145600,1849,147449,covid19india,,
Jammu and Kashmir,2021-02-16,159765,2501,162266,covid19india,,
Jammu and Kashmir,2021-02-17,159765,2501,162266,covid19india,,
Jammu and Kashmir,2021-02-18,177795,3756,181551,covid19india,,
Jammu and Kashmir,2021-02-19,189840,5282,195122,covid19india,,
Jammu and Kashmir,2021-02-20,200695,6731,207426,covid19india,,
Jammu and Kashmir,2021-02-21,200695,6731,207426,covid19india,,
Jammu and Kashmir,2021-02-22,210544,9315,219859,covid19india,,
Jammu and Kashmir,2021-02-23,217910,10285,228195,covid19india,,
Jammu and Kashmir,2021-02-24,217910,10285,228195,covid19india,,
Jammu and Kashmir,2021-02-25,230494,13391,243885,covid19india,,
Jammu and Kashmir,2021-02-26,240817,16255,257072,covid19india,,
Jammu and Kashmir,2021-02-27,240817,16255,257072,covid19india,,
Jammu and Kashmir,2021-02-28,240817,16255,257072,covid19india,,
Jammu and Kashmir,2021-03-01,251276,17280,268556,covid19india,,
Jammu and Kashmir,2021-03-02,262045,18096,280141,covid19india,,
Jammu and Kashmir,2021-03-03,262045,18096,280141,covid19india,,
Jammu and Kashmir,2021-03-04,279250,20168,299418,covid19india,,
Jammu and Kashmir,2021-03-05,295633,23015,318648,covid19india,,
Jammu and Kashmir,2021-03-06,312827,26397,339224,covid19india,,
Jammu and Kashmir,2021-03-07,312827,26397,339224,covid19india,,
Jammu and Kashmir,2021-03-08,333595,31206,364801,covid19india,,
Jammu and Kashmir,2021-03-09,355149,37332,392481,covid19india,,
Jammu and Kashmir,2021-03-10,355348,37021,392369,covid19india,,
Jammu and Kashmir,2021-03-11,356152,37216,393368,covid19india,,
Jammu and Kashmir,2021-03-12,356564,37255,393819,covid19india,,
Jammu and Kashmir,2021-03-13,385625,51026,436651,covid19india,,
Jammu and Kashmir,2021-03-14,385625,51026,436651,covid19india,,
Jammu and Kashmir,2021-03-15,413985,64434,478419,covid19india,,
Jammu and Kashmir,2021-03-16,440949,79347,520296,covid19india,,
Jammu and Kashmir,2021-03-17,441129,79366,520495,covid19india,,
Jammu and Kashmir,2021-03-18,470807,92572,563379,covid19india,,
Jammu and Kashmir,2021-03-19,483488,100033,583521,covid19india,,
Jammu and Kashmir,2021-03-20,494758,105157,599915,covid19india,,
Jammu and Kashmir,2021-03-21,494758,105157,599915,covid19india,,
Jammu and Kashmir,2021-03-22,518666,117592,636258,covid19india,,
Jammu and Kashmir,2021-03-23,537307,124190,661497,covid19india,,
Jammu and Kashmir,2021-03-24,537307,124190,661497,covid19india,,
Jammu and Kashmir,2021-03-25,566021,131274,697295,covid19india,,
Jammu and Kashmir,2021-03-26,590661,135575,726236,covid19india,,
Jammu and Kashmir,2021-03-27,612275,139347,751622,covid19india,,
Jammu and Kashmir,2021-03-28,612275,139347,751622,covid19india,,
Jammu and Kashmir,2021-03-29,634953,142895,777848,covid19india,,
Jammu and Kashmir,2021-03-30,656985,146839,803824,covid19india,,
Jammu and Kashmir,2021-03-31,656985,146839,803824,covid19india,,
Jammu and Kashmir,2021-04-01,693927,151898,845825,covid19india,,
Jammu and Kashmir,2021-04-02,725720,164014,889734,covid19india,,
Jammu and Kashmir,2021-04-03,754726,167836,922562,covid19india,,
Jammu and Kashmir,2021-04-04,781331,170035,951366,covid19india,,
Jammu and Kashmir,2021-04-05,815056,166590,981646,covid19india,,
Jammu and Kashmir,2021-04-06,875779,171870,1047649,covid19india,,
Jammu and Kashmir,2021-04-07,920603,175142,1095745,covid19india,,
Jammu and Kashmir,2021-04-08,995441,182460,1177901,covid19india,,
Jammu and Kashmir,2021-04-09,1053961,186819,1240780,covid19india,,
Jammu and Kashmir,2021-04-10,1095827,190736,1286563,covid19india,,
Jammu and Kashmir,2021-04-11,1129343,193025,1322368,covid19india,,
Jammu and Kashmir,2021-04-12,1191248,199688,1390936,covid19india,,
Jammu and Kashmir,2021-04-13,1217868,202931,1420799,covid19india,,
Jammu and Kashmir,2021-04-14,1245958,206806,1452764,covid19india,,
Jammu and Kashmir,2021-04-15,1285932,214761,1500693,covid19india,,
Jammu and Kashmir,2021-04-16,1322237,222437,1544674,covid19india,,
Jammu and Kashmir,2021-04-17,1358847,230405,1589252,covid19india,,
Jammu and Kashmir,2021-04-18,1386613,235537,1622150,covid19india,,
Jammu and Kashmir,2021-04-19,1439629,248768,1688397,covid19india,,
Jammu and Kashmir,2021-04-20,1492606,260671,1753277,covid19india,,
Jammu and Kashmir,2021-04-21,1533009,268462,1801471,covid19india,,
Jammu and Kashmir,2021-04-22,1577017,279978,1856995,covid19india,,
Jammu and Kashmir,2021-04-23,1632676,292340,1925016,covid19india,,
Jammu and Kashmir,2021-04-24,1692218,305623,1997841,covid19india,,
Jammu and Kashmir,2021-04-25,1731794,311992,2043786,covid19india,,
Jammu and Kashmir,2021-04-26,1799415,327649,2127064,covid19india,,
Jammu and Kashmir,2021-04-27,1848977,338553,2187530,covid19india,,
Jammu and Kashmir,2021-04-28,1905011,351789,2256800,covid19india,,
Jammu and Kashmir,2021-04-29,1947275,364162,2311437,covid19india,,
Jammu and Kashmir,2021-04-30,1975108,373155,2348263,covid19india,,
Jammu and Kashmir,2021-05-01,1997474,381082,2378556,covid19india,,
Jammu and Kashmir,2021-05-02,2027655,387799,2415454,covid19india,,
Jammu and Kashmir,2021-05-03,2062003,402049,2464052,covid19india,,
Jammu and Kashmir,2021-05-04,2086235,411593,2497828,covid19india,,
Jammu and Kashmir,2021-05-05,2123473,426826,2550299,covid19india,,
Jammu and Kashmir,2021-05-06,2152632,443821,2596453,covid19india,,
Jammu and Kashmir,2021-05-07,2188417,464090,2652507,covid19india,,
Jammu and Kashmir,2021-05-08,2212016,480864,2692880,covid19india,,
Jammu and Kashmir,2021-05-09,2218533,485248,2703781,covid19india,,
Jammu and Kashmir,2021-05-10,2231970,500169,2732139,covid19india,,
Jammu and Kashmir,2021-05-11,2244259,514862,2759121,covid19india,,
Jammu and Kashmir,2021-05-12,2251992,518548,2770540,covid19india,,
Jammu and Kashmir,2021-05-13,2255270,520482,2775752,covid19india,,
Jammu and Kashmir,2021-05-14,2264605,526627,2791232,covid19india,,
Jammu and Kashmir,2021-05-15,2275190,531925,2807115,covid19india,,
Jammu and Kashmir,2021-05-16,2283447,532105,2815552,covid19india,,
Jammu and Kashmir,2021-05-17,2297300,532718,2830018,covid19india,,
Jammu and Kashmir,2021-05-18,2309920,533068,2842988,covid19india,,
Jammu and Kashmir,2021-05-19,2317478,533198,2850676,covid19india,,
Jammu and Kashmir,2021-05-20,2370353,534917,2905270,covid19india,,
Jammu and Kashmir,2021-05-21,2383047,535660,2918707,covid19india,,
Jammu and Kashmir,2021-05-22,2417120,537331,2954451,covid19india,,
Jammu and Kashmir,2021-05-23,2435402,537975,2973377,covid19india,,
Jammu and Kashmir,2021-05-24,2470791,539351,3010142,covid19india,,
Jammu and Kashmir,2021-05-25,2506549,540117,3046666,covid19india,,
Jammu and Kashmir,2021-05-26,2554142,540479,3094621,covid19india,,
Jammu and Kashmir,2021-05-27,2613736,541062,3154798,covid19india,,
Jammu and Kashmir,2021-05-28,2662281,541852,3204133,covid19india,,
Jammu and Kashmir,2021-05-29,2699374,542836,3242210,covid19india,,
Jammu and Kashmir,2021-05-30,2721398,543404,3264802,covid19india,,
Jammu and Kashmir,2021-05-31,2754337,546074,3300411,covid19india,,
Jammu and Kashmir,2021-06-01,2783305,549856,3333161,covid19india,,
Jammu and Kashmir,2021-06-02,2812550,553591,3366141,covid19india,,
Jammu and Kashmir,2021-06-03,2841054,557041,3398095,covid19india,,
Jammu and Kashmir,2021-06-04,2867361,561218,3428579,covid19india,,
Jammu and Kashmir,2021-06-05,2894604,564795,3459399,covid19india,,
Jammu and Kashmir,2021-06-06,2908199,565694,3473893,covid19india,,
Jammu and Kashmir,2021-06-07,2929158,569222,3498380,covid19india,,
Jammu and Kashmir,2021-06-08,2951221,572869,3524090,covid19india,,
Jammu and Kashmir,2021-06-09,2973516,574430,3547946,covid19india,,
Jammu and Kashmir,2021-06-10,3002894,577100,3579994,covid19india,,
Jammu and Kashmir,2021-06-11,3033379,579658,3613037,covid19india,,
Jammu and Kashmir,2021-06-12,3064681,582241,3646922,covid19india,,
Jammu and Kashmir,2021-06-13,3093150,582955,3676105,covid19india,,
Jammu and Kashmir,2021-06-14,3145764,585201,3730965,covid19india,,
Jammu and Kashmir,2021-06-15,3192197,587340,3779537,covid19india,,
Jammu and Kashmir,2021-06-16,3226456,588593,3815049,covid19india,,
Jammu and Kashmir,2021-06-17,3264211,591612,3855823,covid19india,,
Jammu and Kashmir,2021-06-18,3307205,596441,3903646,covid19india,,
Jammu and Kashmir,2021-06-19,3349640,601078,3950718,covid19india,,
Jammu and Kashmir,2021-06-20,3366524,602212,3968736,covid19india,,
Jammu and Kashmir,2021-06-21,3399795,606130,4005925,covid19india,,
Jammu and Kashmir,2021-06-22,3435703,610811,4046514,covid19india,,
Jammu and Kashmir,2021-06-23,3499026,615567,4114593,covid19india,,
Jammu and Kashmir,2021-06-24,3541520,621477,4162997,covid19india,,
Jammu and Kashmir,2021-06-25,3603415,629715,4233130,covid19india,,
Jammu and Kashmir,2021-06-26,3644117,639077,4283194,covid19india,,
Jammu and Kashmir,2021-06-27,3700498,645594,4346092,covid19india,,
Jammu and Kashmir,2021-06-28,3759152,658346,4417498,covid19india,,
Jammu and Kashmir,2021-06-29,3802068,666012,4468080,covid19india,,
Jammu and Kashmir,2021-06-30,3845292,680870,4526162,covid19india,,
Jammu and Kashmir,2021-07-01,3877660,693765,4571425,covid19india,,
Jammu and Kashmir,2021-07-02,3949930,722113,4672043,covid19india,,
Jammu and Kashmir,2021-07-03,4014703,746876,4761579,covid19india,,
Jammu and Kashmir,2021-07-04,4052689,754724,4807413,covid19india,,
Jammu and Kashmir,2021-07-05,4103997,770582,4874579,covid19india,,
Jammu and Kashmir,2021-07-06,4149494,780541,4930035,covid19india,,
Jammu and Kashmir,2021-07-07,4210635,794594,5005229,covid19india,,
Jammu and Kashmir,2021-07-08,4254750,810355,5065105,covid19india,,
Jammu and Kashmir,2021-07-09,4272302,816684,5088986,covid19india,,
Jammu and Kashmir,2021-07-10,4293976,821422,5115398,covid19india,,
Jammu and Kashmir,2021-07-11,4314682,835458,5150140,covid19india,,
Jammu and Kashmir,2021-07-12,4339497,857065,5196562,covid19india,,
Jammu and Kashmir,2021-07-13,4400294,869421,5269715,covid19india,,
Jammu and Kashmir,2021-07-14,4412222,875881,5288103,covid19india,,
Jammu and Kashmir,2021-07-15,4453359,911461,5364820,covid19india,,
Jammu and Kashmir,2021-07-16,4489837,948165,5438002,covid19india,,
Jammu and Kashmir,2021-07-17,4513138,969375,5482513,covid19india,,
Jammu and Kashmir,2021-07-18,4544747,991028,5535775,covid19india,,
Jammu and Kashmir,2021-07-19,4586665,1036891,5623556,covid19india,,
Jammu and Kashmir,2021-07-20,4615769,1061657,5677426,covid19india,,
Jammu and Kashmir,2021-07-21,4622184,1065720,5687904,covid19india,,
Jammu and Kashmir,2021-07-22,4628687,1070146,5698833,covid19india,,
Jammu and Kashmir,2021-07-23,4646398,1088967,5735365,covid19india,,
Jammu and Kashmir,2021-07-24,4688632,1133624,5822256,covid19india,,
Jammu and Kashmir,2021-07-25,4711795,1150609,5862404,covid19india,,
Jammu and Kashmir,2021-07-26,4743470,1180480,5923950,covid19india,,
Jammu and Kashmir,2021-07-27,4762465,1196522,5958987,covid19india,,
Jammu and Kashmir,2021-07-28,4805043,1228284,6033327,covid19india,,
Jammu and Kashmir,2021-07-29,4844632,1261012,6105644,covid19india,,
Jammu and Kashmir,2021-07-30,4876324,1287629,6163953,covid19india,,
Jammu and Kashmir,2021-07-31,4953348,1310156,6263504,covid19india,,
Jammu and Kashmir,2021-08-01,4981321,1324274,6305595,covid19india,,
Jammu and Kashmir,2021-08-02,5032466,1356910,6389376,covid19india,,
Jammu and Kashmir,2021-08-03,5073021,1380324,6453345,covid19india,,
Jammu and Kashmir,2021-08-04,5094719,1392453,6487172,covid19india,,
Jammu and Kashmir,2021-08-05,5139183,1414386,6553569,covid19india,,
Jammu and Kashmir,2021-08-06,5175592,1428185,6603777,covid19india,,
Jammu and Kashmir,2021-08-07,5237597,1456341,6693938,covid19india,,
Jammu and Kashmir,2021-08-08,5270362,1469679,6740041,covid19india,,
Jammu and Kashmir,2021-08-09,5325806,1491262,6817068,covid19india,,
Jammu and Kashmir,2021-08-10,5376054,1508641,6884695,covid19india,,
Jammu and Kashmir,2021-08-11,5408390,1520454,6928844,covid19india,,
Jammu and Kashmir,2021-08-12,5463241,1541583,7004824,covid19india,,
Jammu and Kashmir,2021-08-13,5512717,1560204,7072921,covid19india,,
Jammu and Kashmir,2021-08-14,5546683,1573539,7120222,covid19india,,
Jammu and Kashmir,2021-08-15,5558861,1577148,7136009,covid19india,,
Jammu and Kashmir,2021-08-16,5603309,1594820,7198129,covid19india,,
Jammu and Kashmir,2021-08-17,5640258,1611149,7251407,covid19india,,
Jammu and Kashmir,2021-08-18,5670977,1623420,7294397,covid19india,,
Jammu and Kashmir,2021-08-19,5705878,1637831,7343709,covid19india,,
Jammu and Kashmir,2021-08-20,5735458,1649882,7385340,covid19india,,
Jammu and Kashmir,2021-08-21,5765135,1660893,7426028,covid19india,,
Jammu and Kashmir,2021-08-22,5789969,1669502,7459471,covid19india,,
Jammu and Kashmir,2021-08-23,5846542,1694854,7541396,covid19india,,
Jammu and Kashmir,2021-08-24,5895229,1717652,7612881,covid19india,,
Jammu and Kashmir,2021-08-25,5930710,1732691,7663401,covid19india,,
Jammu and Kashmir,2021-08-26,5963932,1746706,7710638,covid19india,,
Jammu and Kashmir,2021-08-27,5997062,1757260,7754322,covid19india,,
Jammu and Kashmir,2021-08-29,6096360,1793209,7889569,covid19india,,
Jammu and Kashmir,2021-08-30,6159275,1812630,7971905,covid19india,,
Jammu and Kashmir,2021-08-31,6252120,1848071,8100191,covid19india,,
Jammu and Kashmir,2021-09-01,6326487,1874259,8200746,covid19india,,
Jammu and Kashmir,2021-09-02,6363704,1897809,8261513,covid19india,,
Jammu and Kashmir,2021-09-03,6397430,1916913,8314343,covid19india,,
Jammu and Kashmir,2021-09-04,6434920,1936979,8371899,covid19india,,
Jammu and Kashmir,2021-09-05,6451281,1944438,8395719,covid19india,,
Jammu and Kashmir,2021-09-06,6497878,1977605,8475483,covid19india,,
Jammu and Kashmir,2021-09-07,6576403,2052406,8628809,covid19india,,
Jammu and Kashmir,2021-09-08,6630328,2143338,8773666,covid19india,,
Jammu and Kashmir,2021-09-09,6689231,2254308,8943539,covid19india,,
Jammu and Kashmir,2021-09-10,6738608,2363725,9102333,covid19india,,
Jammu and Kashmir,2021-09-11,6801788,2442893,9244681,covid19india,,
Jammu and Kashmir,2021-09-12,6842033,2492088,9334121,covid19india,,
Jammu and Kashmir,2021-09-13,6905328,2550897,9456225,covid19india,,
Jammu and Kashmir,2021-09-14,6954599,2599694,9554293,covid19india,,
Jammu and Kashmir,2021-09-15,6999607,2652498,9652105,covid19india,,
Jammu and Kashmir,2021-09-16,7060178,2713646,9773824,covid19india,,
Jammu and Kashmir,2021-09-17,7122875,2786826,9909701,covid19india,,
Jammu and Kashmir,2021-09-18,7169817,2852500,10022317,covid19india,,
Jammu and Kashmir,2021-09-19,7204844,2895227,10100071,covid19india,,
Jammu and Kashmir,2021-09-20,7250151,2945579,10195730,covid19india,,
Jammu and Kashmir,2021-09-21,7301238,2997646,10298884,covid19india,,
Jammu and Kashmir,2021-09-22,7364395,3053977,10418372,covid19india,,
Jammu and Kashmir,2021-09-23,7441156,3116463,10557619,covid19india,,
Jammu and Kashmir,2021-09-24,7518522,3186371,10704893,covid19india,,
Jammu and Kashmir,2021-09-25,7592040,3252355,10844395,covid19india,,
Jammu and Kashmir,2021-09-26,7648256,3295466,10943722,covid19india,,
Jammu and Kashmir,2021-09-27,7720991,3358364,11079355,covid19india,,
Jammu and Kashmir,2021-09-28,7791854,3425292,11217146,covid19india,,
Jammu and Kashmir,2021-09-29,7853933,3482680,11336613,covid19india,,
Jammu and Kashmir,2021-09-30,7939446,3540782,11480228,covid19india,,
Jammu and Kashmir,2021-10-01,8024352,3597367,11621719,covid19india,,
Jammu and Kashmir,2021-10-02,8131549,3645704,11777253,covid19india,,
Jammu and Kashmir,2021-10-03,8228957,3683377,11912334,covid19india,,
Jammu and Kashmir,2021-10-04,8345748,3742296,12088044,covid19india,,
Jammu and Kashmir,2021-10-05,8463351,3796583,12259934,covid19india,,
Jammu and Kashmir,2021-10-06,8591826,3840787,12432613,covid19india,,
Jammu and Kashmir,2021-10-07,8728569,3884520,12613089,covid19india,,
Jammu and Kashmir,2021-10-08,8863715,3925665,12789380,covid19india,,
Jammu and Kashmir,2021-10-09,8960608,3972577,12933185,covid19india,,
Jammu and Kashmir,2021-10-10,9071357,3999987,13071344,covid19india,,
Jammu and Kashmir,2021-10-11,9162264,4046393,13208657,covid19india,,
Jharkhand,2021-01-16,3096,0,3096,covid19india,,
Jharkhand,2021-01-18,6059,0,6059,covid19india,,
Jharkhand,2021-01-19,8824,0,8824,covid19india,,
Jharkhand,2021-01-20,11641,0,11641,covid19india,,
Jharkhand,2021-01-21,11641,0,11641,covid19india,,
Jharkhand,2021-01-22,14806,0,14806,covid19india,,
Jharkhand,2021-01-23,14806,0,14806,covid19india,,
Jharkhand,2021-01-24,14806,0,14806,covid19india,,
Jharkhand,2021-01-25,18413,0,18413,covid19india,,
Jharkhand,2021-01-26,18413,0,18413,covid19india,,
Jharkhand,2021-01-27,24020,0,24020,covid19india,,
Jharkhand,2021-01-28,24315,0,24315,covid19india,,
Jharkhand,2021-01-29,33119,0,33119,covid19india,,
Jharkhand,2021-01-30,40726,0,40726,covid19india,,
Jharkhand,2021-01-31,40860,0,40860,covid19india,,
Jharkhand,2021-02-01,48057,0,48057,covid19india,,
Jharkhand,2021-02-02,55671,0,55671,covid19india,,
Jharkhand,2021-02-03,67970,0,67970,covid19india,,
Jharkhand,2021-02-04,75205,0,75205,covid19india,,
Jharkhand,2021-02-05,85580,0,85580,covid19india,,
Jharkhand,2021-02-06,95934,0,95934,covid19india,,
Jharkhand,2021-02-07,106577,0,106577,covid19india,,
Jharkhand,2021-02-08,124505,0,124505,covid19india,,
Jharkhand,2021-02-09,143401,0,143401,covid19india,,
Jharkhand,2021-02-10,160492,0,160492,covid19india,,
Jharkhand,2021-02-11,174080,0,174080,covid19india,,
Jharkhand,2021-02-12,188095,0,188095,covid19india,,
Jharkhand,2021-02-13,199008,1873,200881,covid19india,,
Jharkhand,2021-02-14,206182,2209,208391,covid19india,,
Jharkhand,2021-02-15,217610,4137,221747,covid19india,,
Jharkhand,2021-02-16,224005,5408,229413,covid19india,,
Jharkhand,2021-02-17,232671,7541,240212,covid19india,,
Jharkhand,2021-02-18,238852,8595,247447,covid19india,,
Jharkhand,2021-02-19,246213,10522,256735,covid19india,,
Jharkhand,2021-02-20,252634,11325,263959,covid19india,,
Jharkhand,2021-02-21,254531,11484,266015,covid19india,,
Jharkhand,2021-02-22,261339,13394,274733,covid19india,,
Jharkhand,2021-02-23,267556,14578,282134,covid19india,,
Jharkhand,2021-02-24,272164,17708,289872,covid19india,,
Jharkhand,2021-02-25,280339,19440,299779,covid19india,,
Jharkhand,2021-02-26,284371,23837,308208,covid19india,,
Jharkhand,2021-02-27,284371,23837,308208,covid19india,,
Jharkhand,2021-02-28,284371,23837,308208,covid19india,,
Jharkhand,2021-03-01,288240,28056,316296,covid19india,,
Jharkhand,2021-03-02,295125,32454,327579,covid19india,,
Jharkhand,2021-03-03,305650,39270,344920,covid19india,,
Jharkhand,2021-03-04,315807,45675,361482,covid19india,,
Jharkhand,2021-03-05,327826,54239,382065,covid19india,,
Jharkhand,2021-03-06,338631,61491,400122,covid19india,,
Jharkhand,2021-03-07,342209,64047,406256,covid19india,,
Jharkhand,2021-03-08,354915,74678,429593,covid19india,,
Jharkhand,2021-03-09,366244,88551,454795,covid19india,,
Jharkhand,2021-03-10,377431,95656,473087,covid19india,,
Jharkhand,2021-03-11,386915,102099,489014,covid19india,,
Jharkhand,2021-03-12,404078,115956,520034,covid19india,,
Jharkhand,2021-03-13,418414,128045,546459,covid19india,,
Jharkhand,2021-03-14,430407,134234,564641,covid19india,,
Jharkhand,2021-03-15,451667,146253,597920,covid19india,,
Jharkhand,2021-03-16,480914,161402,642316,covid19india,,
Jharkhand,2021-03-17,508663,172019,680682,covid19india,,
Jharkhand,2021-03-18,531027,181874,712901,covid19india,,
Jharkhand,2021-03-19,547088,185844,732932,covid19india,,
Jharkhand,2021-03-20,680446,192742,873188,covid19india,,
Jharkhand,2021-03-21,829199,196743,1025942,covid19india,,
Jharkhand,2021-03-22,862482,202955,1065437,covid19india,,
Jharkhand,2021-03-23,1017921,208782,1226703,covid19india,,
Jharkhand,2021-03-24,1130183,213445,1343628,covid19india,,
Jharkhand,2021-03-25,1166316,217759,1384075,covid19india,,
Jharkhand,2021-03-26,1228469,218819,1447288,covid19india,,
Jharkhand,2021-03-27,1334882,221450,1556332,covid19india,,
Jharkhand,2021-03-28,1341869,221552,1563421,covid19india,,
Jharkhand,2021-03-29,1342204,221648,1563852,covid19india,,
Jharkhand,2021-03-30,1350812,223556,1574368,covid19india,,
Jharkhand,2021-03-31,1369270,227163,1596433,covid19india,,
Jharkhand,2021-04-01,1392034,230961,1622995,covid19india,,
Jharkhand,2021-04-02,1489422,257300,1746722,covid19india,,
Jharkhand,2021-04-03,1511113,260903,1772016,covid19india,,
Jharkhand,2021-04-04,1603481,264921,1868402,covid19india,,
Jharkhand,2021-04-05,1685153,266344,1951497,covid19india,,
Jharkhand,2021-04-06,1735053,271216,2006269,covid19india,,
Jharkhand,2021-04-07,1804732,275586,2080318,covid19india,,
Jharkhand,2021-04-08,1855334,279814,2135148,covid19india,,
Jharkhand,2021-04-09,1879304,283325,2162629,covid19india,,
Jharkhand,2021-04-10,1971885,289726,2261611,covid19india,,
Jharkhand,2021-04-11,2065590,294576,2360166,covid19india,,
Jharkhand,2021-04-12,2127740,302145,2429885,covid19india,,
Jharkhand,2021-04-13,2197836,308842,2506678,covid19india,,
Jharkhand,2021-04-14,2280764,315881,2596645,covid19india,,
Jharkhand,2021-04-15,2318659,322587,2641246,covid19india,,
Jharkhand,2021-04-16,2351741,330299,2682040,covid19india,,
Jharkhand,2021-04-17,2394315,339902,2734217,covid19india,,
Jharkhand,2021-04-18,2427168,348265,2775433,covid19india,,
Jharkhand,2021-04-19,2449355,358538,2807893,covid19india,,
Jharkhand,2021-04-20,2477789,371236,2849025,covid19india,,
Jharkhand,2021-04-21,2496799,380775,2877574,covid19india,,
Jharkhand,2021-04-22,2512175,389844,2902019,covid19india,,
Jharkhand,2021-04-23,2533003,402509,2935512,covid19india,,
Jharkhand,2021-04-24,2550919,414256,2965175,covid19india,,
Jharkhand,2021-04-25,2558664,419195,2977859,covid19india,,
Jharkhand,2021-04-26,2574795,430672,3005467,covid19india,,
Jharkhand,2021-04-27,2589163,439999,3029162,covid19india,,
Jharkhand,2021-04-28,2603204,449965,3053169,covid19india,,
Jharkhand,2021-04-29,2619359,463774,3083133,covid19india,,
Jharkhand,2021-04-30,2635990,478134,3114124,covid19india,,
Jharkhand,2021-05-01,2650132,489441,3139573,covid19india,,
Jharkhand,2021-05-02,2653045,493777,3146822,covid19india,,
Jharkhand,2021-05-03,2660224,504088,3164312,covid19india,,
Jharkhand,2021-05-04,2667531,515071,3182602,covid19india,,
Jharkhand,2021-05-05,2675223,529807,3205030,covid19india,,
Jharkhand,2021-05-06,2683024,541344,3224368,covid19india,,
Jharkhand,2021-05-07,2691177,554458,3245635,covid19india,,
Jharkhand,2021-05-08,2700008,569702,3269710,covid19india,,
Jharkhand,2021-05-09,2706426,578882,3285308,covid19india,,
Jharkhand,2021-05-10,2717923,596007,3313930,covid19india,,
Jharkhand,2021-05-11,2729248,616335,3345583,covid19india,,
Jharkhand,2021-05-12,2741173,630878,3372051,covid19india,,
Jharkhand,2021-05-13,2750542,643953,3394495,covid19india,,
Jharkhand,2021-05-14,2790722,652498,3443220,covid19india,,
Jharkhand,2021-05-15,2839955,661850,3501805,covid19india,,
Jharkhand,2021-05-16,2881446,663509,3544955,covid19india,,
Jharkhand,2021-05-17,2934368,665327,3599695,covid19india,,
Jharkhand,2021-05-18,2984496,666485,3650981,covid19india,,
Jharkhand,2021-05-19,3032897,668230,3701127,covid19india,,
Jharkhand,2021-05-20,3117897,672827,3790724,covid19india,,
Jharkhand,2021-05-21,3164290,674849,3839139,covid19india,,
Jharkhand,2021-05-22,3199634,676560,3876194,covid19india,,
Jharkhand,2021-05-23,3243536,678491,3922027,covid19india,,
Jharkhand,2021-05-24,3291555,681065,3972620,covid19india,,
Jharkhand,2021-05-25,3328050,684219,4012269,covid19india,,
Jharkhand,2021-05-26,3350298,686359,4036657,covid19india,,
Jharkhand,2021-05-27,3364585,688304,4052889,covid19india,,
Jharkhand,2021-05-28,3391076,693382,4084458,covid19india,,
Jharkhand,2021-05-29,3423927,700325,4124252,covid19india,,
Jharkhand,2021-05-30,3450499,704510,4155009,covid19india,,
Jharkhand,2021-05-31,3483409,710024,4193433,covid19india,,
Jharkhand,2021-06-01,3511232,715016,4226248,covid19india,,
Jharkhand,2021-06-02,3542691,721147,4263838,covid19india,,
Jharkhand,2021-06-03,3579293,726211,4305504,covid19india,,
Jharkhand,2021-06-04,3644852,732219,4377071,covid19india,,
Jharkhand,2021-06-05,3728811,738605,4467416,covid19india,,
Jharkhand,2021-06-06,3802739,742801,4545540,covid19india,,
Jharkhand,2021-06-07,3858263,748926,4607189,covid19india,,
Jharkhand,2021-06-08,3911567,754948,4666515,covid19india,,
Jharkhand,2021-06-09,3968097,761387,4729484,covid19india,,
Jharkhand,2021-06-10,4032279,765855,4798134,covid19india,,
Jharkhand,2021-06-11,4118741,772972,4891713,covid19india,,
Jharkhand,2021-06-12,4205847,785402,4991249,covid19india,,
Jharkhand,2021-06-13,4299448,798358,5097806,covid19india,,
Jharkhand,2021-06-14,4380350,815133,5195483,covid19india,,
Jharkhand,2021-06-15,4436818,830603,5267421,covid19india,,
Jharkhand,2021-06-16,4495466,845079,5340545,covid19india,,
Jharkhand,2021-06-17,4567033,858242,5425275,covid19india,,
Jharkhand,2021-06-18,4653432,875889,5529321,covid19india,,
Jharkhand,2021-06-19,4755110,893460,5648570,covid19india,,
Jharkhand,2021-06-20,4864343,908891,5773234,covid19india,,
Jharkhand,2021-06-21,4948106,926014,5874120,covid19india,,
Jharkhand,2021-06-22,5042667,944328,5986995,covid19india,,
Jharkhand,2021-06-23,5157969,963126,6121095,covid19india,,
Jharkhand,2021-06-24,5261627,978539,6240166,covid19india,,
Jharkhand,2021-06-25,5409527,994750,6404277,covid19india,,
Jharkhand,2021-06-26,5537691,1011406,6549097,covid19india,,
Jharkhand,2021-06-27,5640980,1028742,6669722,covid19india,,
Jharkhand,2021-06-28,5725171,1045915,6771086,covid19india,,
Jharkhand,2021-06-29,5772132,1058567,6830699,covid19india,,
Jharkhand,2021-06-30,5790247,1064300,6854547,covid19india,,
Jharkhand,2021-07-01,5821461,1072062,6893523,covid19india,,
Jharkhand,2021-07-02,5846521,1077690,6924211,covid19india,,
Jharkhand,2021-07-03,5949645,1111158,7060803,covid19india,,
Jharkhand,2021-07-04,6054011,1147181,7201192,covid19india,,
Jharkhand,2021-07-05,6127715,1174660,7302375,covid19india,,
Jharkhand,2021-07-06,6228930,1216827,7445757,covid19india,,
Jharkhand,2021-07-07,6277078,1238711,7515789,covid19india,,
Jharkhand,2021-07-08,6301724,1248099,7549823,covid19india,,
Jharkhand,2021-07-09,6318626,1254799,7573425,covid19india,,
Jharkhand,2021-07-10,6368394,1281530,7649924,covid19india,,
Jharkhand,2021-07-11,6386040,1288741,7674781,covid19india,,
Jharkhand,2021-07-12,6400885,1293796,7694681,covid19india,,
Jharkhand,2021-07-13,6525383,1348348,7873731,covid19india,,
Jharkhand,2021-07-14,6585589,1384907,7970496,covid19india,,
Jharkhand,2021-07-15,6620402,1398718,8019120,covid19india,,
Jharkhand,2021-07-16,6727894,1460240,8188134,covid19india,,
Jharkhand,2021-07-17,6795195,1484056,8279251,covid19india,,
Jharkhand,2021-07-18,6824187,1492782,8316969,covid19india,,
Jharkhand,2021-07-19,6849074,1500637,8349711,covid19india,,
Jharkhand,2021-07-20,6864456,1506797,8371253,covid19india,,
Jharkhand,2021-07-21,6933055,1536839,8469894,covid19india,,
Jharkhand,2021-07-22,6981004,1559806,8540810,covid19india,,
Jharkhand,2021-07-23,7008369,1568872,8577241,covid19india,,
Jharkhand,2021-07-24,7120610,1608615,8729225,covid19india,,
Jharkhand,2021-07-25,7242101,1643256,8885357,covid19india,,
Jharkhand,2021-07-26,7352345,1676024,9028369,covid19india,,
Jharkhand,2021-07-27,7437165,1698766,9135931,covid19india,,
Jharkhand,2021-07-28,7496161,1713717,9209878,covid19india,,
Jharkhand,2021-07-29,7614875,1754306,9369181,covid19india,,
Jharkhand,2021-07-30,7690077,1782023,9472100,covid19india,,
Jharkhand,2021-07-31,7829987,1814073,9644060,covid19india,,
Jharkhand,2021-08-01,7884163,1834865,9719028,covid19india,,
Jharkhand,2021-08-02,7937169,1857795,9794964,covid19india,,
Jharkhand,2021-08-03,7994584,1882306,9876890,covid19india,,
Jharkhand,2021-08-04,8040727,1898453,9939180,covid19india,,
Jharkhand,2021-08-05,8091432,1915991,10007423,covid19india,,
Jharkhand,2021-08-06,8159801,1934303,10094104,covid19india,,
Jharkhand,2021-08-07,8259824,1960995,10220819,covid19india,,
Jharkhand,2021-08-08,8317319,1977828,10295147,covid19india,,
Jharkhand,2021-08-09,8388534,1997186,10385720,covid19india,,
Jharkhand,2021-08-10,8450135,2018319,10468454,covid19india,,
Jharkhand,2021-08-11,8562590,2050130,10612720,covid19india,,
Jharkhand,2021-08-12,8639325,2079244,10718569,covid19india,,
Jharkhand,2021-08-13,8695183,2100982,10796165,covid19india,,
Jharkhand,2021-08-14,8798962,2135071,10934033,covid19india,,
Jharkhand,2021-08-15,8825975,2144279,10970254,covid19india,,
Jharkhand,2021-08-16,8927266,2175198,11102464,covid19india,,
Jharkhand,2021-08-17,9001854,2201788,11203642,covid19india,,
Jharkhand,2021-08-18,9119092,2235810,11354902,covid19india,,
Jharkhand,2021-08-19,9188319,2260257,11448576,covid19india,,
Jharkhand,2021-08-20,9242886,2287166,11530052,covid19india,,
Jharkhand,2021-08-21,9282236,2304638,11586874,covid19india,,
Jharkhand,2021-08-22,9321625,2316912,11638537,covid19india,,
Jharkhand,2021-08-23,9446948,2356283,11803231,covid19india,,
Jharkhand,2021-08-24,9587108,2392889,11979997,covid19india,,
Jharkhand,2021-08-25,9713149,2425027,12138176,covid19india,,
Jharkhand,2021-08-26,9805160,2452620,12257780,covid19india,,
Jharkhand,2021-08-27,9884023,2476908,12360931,covid19india,,
Jharkhand,2021-08-29,10067659,2537251,12604910,covid19india,,
Jharkhand,2021-08-30,10185016,2571939,12756955,covid19india,,
Jharkhand,2021-08-31,10335935,2614284,12950219,covid19india,,
Jharkhand,2021-09-01,10500111,2663196,13163307,covid19india,,
Jharkhand,2021-09-02,10617403,2701044,13318447,covid19india,,
Jharkhand,2021-09-03,10749584,2744628,13494212,covid19india,,
Jharkhand,2021-09-04,10879127,2791999,13671126,covid19india,,
Jharkhand,2021-09-05,11028928,2842558,13871486,covid19india,,
Jharkhand,2021-09-06,11196519,2894458,14090977,covid19india,,
Jharkhand,2021-09-07,11342098,2941422,14283520,covid19india,,
Jharkhand,2021-09-08,11454993,2978895,14433888,covid19india,,
Jharkhand,2021-09-09,11528949,3005470,14534419,covid19india,,
Jharkhand,2021-09-10,11643414,3050949,14694363,covid19india,,
Jharkhand,2021-09-11,11758870,3102021,14860891,covid19india,,
Jharkhand,2021-09-12,11877491,3154239,15031730,covid19india,,
Jharkhand,2021-09-13,12005473,3213388,15218861,covid19india,,
Jharkhand,2021-09-14,12111715,3262010,15373725,covid19india,,
Jharkhand,2021-09-15,12209563,3309414,15518977,covid19india,,
Jharkhand,2021-09-16,12301000,3357647,15658647,covid19india,,
Jharkhand,2021-09-17,12383942,3394968,15778910,covid19india,,
Jharkhand,2021-09-18,12475612,3446449,15922061,covid19india,,
Jharkhand,2021-09-19,12577611,3494878,16072489,covid19india,,
Jharkhand,2021-09-20,12699077,3561537,16260614,covid19india,,
Jharkhand,2021-09-21,12820331,3627565,16447896,covid19india,,
Jharkhand,2021-09-22,12955561,3698915,16654476,covid19india,,
Jharkhand,2021-09-23,13049217,3756187,16805404,covid19india,,
Jharkhand,2021-09-24,13173931,3822026,16995957,covid19india,,
Jharkhand,2021-09-25,13265776,3879256,17145032,covid19india,,
Jharkhand,2021-09-26,13347697,3929764,17277461,covid19india,,
Jharkhand,2021-09-27,13433518,3983426,17416944,covid19india,,
Jharkhand,2021-09-28,13507050,4028528,17535578,covid19india,,
Jharkhand,2021-09-29,13563326,4067529,17630855,covid19india,,
Jharkhand,2021-09-30,13617294,4106235,17723529,covid19india,,
Jharkhand,2021-10-01,13697826,4168779,17866605,covid19india,,
Jharkhand,2021-10-02,13753816,4219355,17973171,covid19india,,
Jharkhand,2021-10-03,13814091,4263988,18078079,covid19india,,
Jharkhand,2021-10-04,13894294,4323810,18218104,covid19india,,
Jharkhand,2021-10-05,13963411,4375270,18338681,covid19india,,
Jharkhand,2021-10-06,14038155,4428746,18466901,covid19india,,
Jharkhand,2021-10-07,14089234,4466950,18556184,covid19india,,
Jharkhand,2021-10-08,14162006,4518475,18680481,covid19india,,
Jharkhand,2021-10-09,14210701,4559398,18770099,covid19india,,
Jharkhand,2021-10-10,14257319,4596471,18853790,covid19india,,
Jharkhand,2021-10-11,14309955,4636197,18946152,covid19india,,
Karnataka,2021-01-16,13594,0,13594,covid19india,,
Karnataka,2021-01-18,66392,0,66392,covid19india,,
Karnataka,2021-01-19,80686,0,80686,covid19india,,
Karnataka,2021-01-20,121466,0,121466,covid19india,,
Karnataka,2021-01-21,138807,0,138807,covid19india,,
Karnataka,2021-01-22,184699,0,184699,covid19india,,
Karnataka,2021-01-23,188971,0,188971,covid19india,,
Karnataka,2021-01-24,191449,0,191449,covid19india,,
Karnataka,2021-01-25,231172,0,231172,covid19india,,
Karnataka,2021-01-26,231607,0,231607,covid19india,,
Karnataka,2021-01-27,267811,0,267811,covid19india,,
Karnataka,2021-01-28,286089,0,286089,covid19india,,
Karnataka,2021-01-29,307891,0,307891,covid19india,,
Karnataka,2021-01-30,315370,0,315370,covid19india,,
Karnataka,2021-01-31,315370,0,315370,covid19india,,
Karnataka,2021-02-01,316228,0,316228,covid19india,,
Karnataka,2021-02-02,316368,0,316368,covid19india,,
Karnataka,2021-02-03,316638,0,316638,covid19india,,
Karnataka,2021-02-04,330112,0,330112,covid19india,,
Karnataka,2021-02-05,360592,0,360592,covid19india,,
Karnataka,2021-02-06,386186,0,386186,covid19india,,
Karnataka,2021-02-07,388769,0,388769,covid19india,,
Karnataka,2021-02-08,415403,0,415403,covid19india,,
Karnataka,2021-02-09,441692,0,441692,covid19india,,
Karnataka,2021-02-10,464485,0,464485,covid19india,,
Karnataka,2021-02-11,477005,0,477005,covid19india,,
Karnataka,2021-02-12,491552,0,491552,covid19india,,
Karnataka,2021-02-13,496159,0,496159,covid19india,,
Karnataka,2021-02-14,496234,0,496234,covid19india,,
Karnataka,2021-02-15,500491,11985,512476,covid19india,,
Karnataka,2021-02-16,505157,28901,534058,covid19india,,
Karnataka,2021-02-17,510696,54397,565093,covid19india,,
Karnataka,2021-02-18,519158,63533,582691,covid19india,,
Karnataka,2021-02-19,529968,99452,629420,covid19india,,
Karnataka,2021-02-20,540868,113430,654298,covid19india,,
Karnataka,2021-02-21,541332,114043,655375,covid19india,,
Karnataka,2021-02-22,553888,140076,693964,covid19india,,
Karnataka,2021-02-23,569416,157944,727360,covid19india,,
Karnataka,2021-02-24,586545,179124,765669,covid19india,,
Karnataka,2021-02-25,596274,192934,789208,covid19india,,
Karnataka,2021-02-26,604954,213768,818722,covid19india,,
Karnataka,2021-02-27,604954,213768,818722,covid19india,,
Karnataka,2021-02-28,604954,213768,818722,covid19india,,
Karnataka,2021-03-01,608840,214820,823660,covid19india,,
Karnataka,2021-03-02,619620,216730,836350,covid19india,,
Karnataka,2021-03-03,637890,219212,857102,covid19india,,
Karnataka,2021-03-04,656627,222409,879036,covid19india,,
Karnataka,2021-03-05,681345,228257,909602,covid19india,,
Karnataka,2021-03-06,703891,235607,939498,covid19india,,
Karnataka,2021-03-07,704249,235677,939926,covid19india,,
Karnataka,2021-03-08,760524,252671,1013195,covid19india,,
Karnataka,2021-03-09,806664,264374,1071038,covid19india,,
Karnataka,2021-03-10,882327,281517,1163844,covid19india,,
Karnataka,2021-03-11,899482,284476,1183958,covid19india,,
Karnataka,2021-03-12,999834,300328,1300162,covid19india,,
Karnataka,2021-03-13,1051003,306059,1357062,covid19india,,
Karnataka,2021-03-14,1066365,306859,1373224,covid19india,,
Karnataka,2021-03-15,1239819,319712,1559531,covid19india,,
Karnataka,2021-03-16,1347078,329222,1676300,covid19india,,
Karnataka,2021-03-17,1585066,342180,1927246,covid19india,,
Karnataka,2021-03-18,1676985,349242,2026227,covid19india,,
Karnataka,2021-03-19,1923165,361034,2284199,covid19india,,
Karnataka,2021-03-20,2109425,371724,2481149,covid19india,,
Karnataka,2021-03-21,2129706,372403,2502109,covid19india,,
Karnataka,2021-03-22,2347603,382853,2730456,covid19india,,
Karnataka,2021-03-23,2456114,390230,2846344,covid19india,,
Karnataka,2021-03-24,2631127,398417,3029544,covid19india,,
Karnataka,2021-03-25,2721173,402779,3123952,covid19india,,
Karnataka,2021-03-26,2875521,410308,3285829,covid19india,,
Karnataka,2021-03-27,2985601,415016,3400617,covid19india,,
Karnataka,2021-03-28,3000838,415341,3416179,covid19india,,
Karnataka,2021-03-29,3130801,421237,3552038,covid19india,,
Karnataka,2021-03-30,3242113,427360,3669473,covid19india,,
Karnataka,2021-03-31,3374768,436239,3811007,covid19india,,
Karnataka,2021-04-01,3505736,441200,3946936,covid19india,,
Karnataka,2021-04-02,3823255,474839,4298094,covid19india,,
Karnataka,2021-04-03,4007374,481282,4488656,covid19india,,
Karnataka,2021-04-04,4123367,484817,4608184,covid19india,,
Karnataka,2021-04-05,4330730,493047,4823777,covid19india,,
Karnataka,2021-04-06,4496243,501678,4997921,covid19india,,
Karnataka,2021-04-07,4717382,513260,5230642,covid19india,,
Karnataka,2021-04-08,4936828,526946,5463774,covid19india,,
Karnataka,2021-04-09,5242211,546969,5789180,covid19india,,
Karnataka,2021-04-10,5502677,564422,6067099,covid19india,,
Karnataka,2021-04-11,5636466,572558,6209024,covid19india,,
Karnataka,2021-04-12,5814171,593154,6407325,covid19india,,
Karnataka,2021-04-13,5848203,598274,6446477,covid19india,,
Karnataka,2021-04-14,5935232,615192,6550424,covid19india,,
Karnataka,2021-04-15,6061565,643466,6705031,covid19india,,
Karnataka,2021-04-16,6226678,683721,6910399,covid19india,,
Karnataka,2021-04-17,6449748,742880,7192628,covid19india,,
Karnataka,2021-04-18,6532579,764192,7296771,covid19india,,
Karnataka,2021-04-19,6711272,832053,7543325,covid19india,,
Karnataka,2021-04-20,6871674,897320,7768994,covid19india,,
Karnataka,2021-04-21,7005121,953124,7958245,covid19india,,
Karnataka,2021-04-22,7159742,1031310,8191052,covid19india,,
Karnataka,2021-04-23,7334507,1112415,8446922,covid19india,,
Karnataka,2021-04-24,7439084,1153774,8592858,covid19india,,
Karnataka,2021-04-25,7495249,1178345,8673594,covid19india,,
Karnataka,2021-04-26,7632148,1260560,8892708,covid19india,,
Karnataka,2021-04-27,7751009,1337464,9088473,covid19india,,
Karnataka,2021-04-28,7864810,1412734,9277544,covid19india,,
Karnataka,2021-04-29,7940789,1459600,9400389,covid19india,,
Karnataka,2021-04-30,8091599,1551873,9643472,covid19india,,
Karnataka,2021-05-01,8182326,1599857,9782183,covid19india,,
Karnataka,2021-05-02,8204633,1612764,9817397,covid19india,,
Karnataka,2021-05-03,8245108,1647241,9892349,covid19india,,
Karnataka,2021-05-04,8274897,1673434,9948331,covid19india,,
Karnataka,2021-05-05,8347732,1763750,10111482,covid19india,,
Karnataka,2021-05-06,8406980,1845420,10252400,covid19india,,
Karnataka,2021-05-07,8443913,1922619,10366532,covid19india,,
Karnataka,2021-05-08,8469643,2018208,10487851,covid19india,,
Karnataka,2021-05-09,8477264,2049657,10526921,covid19india,,
Karnataka,2021-05-10,8500925,2129813,10630738,covid19india,,
Karnataka,2021-05-11,8550656,2241042,10791698,covid19india,,
Karnataka,2021-05-12,8599750,2305369,10905119,covid19india,,
Karnataka,2021-05-13,8644671,2349633,10994304,covid19india,,
Karnataka,2021-05-14,8659073,2406768,11065841,covid19india,,
Karnataka,2021-05-15,8677725,2491720,11169445,covid19india,,
Karnataka,2021-05-16,8691217,2500492,11191709,covid19india,,
Karnataka,2021-05-17,8759169,2521102,11280271,covid19india,,
Karnataka,2021-05-18,8828574,2532660,11361234,covid19india,,
Karnataka,2021-05-19,8896780,2546400,11443180,covid19india,,
Karnataka,2021-05-20,9227485,2571677,11799162,covid19india,,
Karnataka,2021-05-21,9301288,2600983,11902271,covid19india,,
Karnataka,2021-05-22,9398118,2615897,12014015,covid19india,,
Karnataka,2021-05-23,9468279,2620370,12088649,covid19india,,
Karnataka,2021-05-24,9611607,2631866,12243473,covid19india,,
Karnataka,2021-05-25,9748053,2641136,12389189,covid19india,,
Karnataka,2021-05-26,9938507,2651330,12589837,covid19india,,
Karnataka,2021-05-27,10151884,2669729,12821613,covid19india,,
Karnataka,2021-05-28,10390751,2698966,13089717,covid19india,,
Karnataka,2021-05-29,10621578,2720968,13342546,covid19india,,
Karnataka,2021-05-30,10703028,2730250,13433278,covid19india,,
Karnataka,2021-05-31,10924013,2753565,13677578,covid19india,,
Karnataka,2021-06-01,11125563,2772995,13898558,covid19india,,
Karnataka,2021-06-02,11351062,2790867,14141929,covid19india,,
Karnataka,2021-06-03,11592270,2810673,14402943,covid19india,,
Karnataka,2021-06-04,11889838,2835591,14725429,covid19india,,
Karnataka,2021-06-05,12190088,2861821,15051909,covid19india,,
Karnataka,2021-06-06,12314441,2869463,15183904,covid19india,,
Karnataka,2021-06-07,12587116,2891221,15478337,covid19india,,
Karnataka,2021-06-08,12815591,2911240,15726831,covid19india,,
Karnataka,2021-06-09,13045252,2933353,15978605,covid19india,,
Karnataka,2021-06-10,13275211,2953042,16228253,covid19india,,
Karnataka,2021-06-11,13571091,2979262,16550353,covid19india,,
Karnataka,2021-06-12,13846875,3005323,16852198,covid19india,,
Karnataka,2021-06-13,13943769,3011942,16955711,covid19india,,
Karnataka,2021-06-14,14202383,3040727,17243110,covid19india,,
Karnataka,2021-06-15,14382774,3068222,17450996,covid19india,,
Karnataka,2021-06-16,14554319,3098446,17652765,covid19india,,
Karnataka,2021-06-17,14723311,3124342,17847653,covid19india,,
Karnataka,2021-06-18,14912838,3155782,18068620,covid19india,,
Karnataka,2021-06-19,15180562,3211747,18392309,covid19india,,
Karnataka,2021-06-20,15257540,3225145,18482685,covid19india,,
Karnataka,2021-06-21,16299541,3308324,19607865,covid19india,,
Karnataka,2021-06-22,16692301,3345137,20037438,covid19india,,
Karnataka,2021-06-23,17100083,3377106,20477189,covid19india,,
Karnataka,2021-06-24,17456601,3417534,20874135,covid19india,,
Karnataka,2021-06-25,17865449,3476929,21342378,covid19india,,
Karnataka,2021-06-26,18089449,3533238,21622687,covid19india,,
Karnataka,2021-06-27,18196699,3554331,21751030,covid19india,,
Karnataka,2021-06-28,18564563,3639500,22204063,covid19india,,
Karnataka,2021-06-29,18787645,3683593,22471238,covid19india,,
Karnataka,2021-06-30,18973266,3739413,22712679,covid19india,,
Karnataka,2021-07-01,19125071,3787022,22912093,covid19india,,
Karnataka,2021-07-02,19293718,3858937,23152655,covid19india,,
Karnataka,2021-07-03,19602490,4037786,23640276,covid19india,,
Karnataka,2021-07-04,19704272,4086710,23790982,covid19india,,
Karnataka,2021-07-05,19966595,4219905,24186500,covid19india,,
Karnataka,2021-07-06,20170366,4307475,24477841,covid19india,,
Karnataka,2021-07-07,20355148,4384445,24739593,covid19india,,
Karnataka,2021-07-08,20494925,4447263,24942188,covid19india,,
Karnataka,2021-07-09,20709400,4567725,25277125,covid19india,,
Karnataka,2021-07-10,20854334,4664767,25519101,covid19india,,
Karnataka,2021-07-11,20921191,4703519,25624710,covid19india,,
Karnataka,2021-07-12,21087588,4795478,25883066,covid19india,,
Karnataka,2021-07-13,21365071,4846702,26211773,covid19india,,
Karnataka,2021-07-14,21531799,4953534,26485333,covid19india,,
Karnataka,2021-07-15,21610036,5004572,26614608,covid19india,,
Karnataka,2021-07-16,21741980,5109400,26851380,covid19india,,
Karnataka,2021-07-17,21951515,5260196,27211711,covid19india,,
Karnataka,2021-07-18,22018866,5305571,27324437,covid19india,,
Karnataka,2021-07-19,22188552,5408325,27596877,covid19india,,
Karnataka,2021-07-20,22305056,5475128,27780184,covid19india,,
Karnataka,2021-07-21,22399673,5557994,27957667,covid19india,,
Karnataka,2021-07-22,22570999,5677694,28248693,covid19india,,
Karnataka,2021-07-23,22756318,5803394,28559712,covid19india,,
Karnataka,2021-07-24,22886272,5902621,28788893,covid19india,,
Karnataka,2021-07-25,22942288,5944413,28886701,covid19india,,
Karnataka,2021-07-26,23074120,6051663,29125783,covid19india,,
Karnataka,2021-07-27,23245158,6173347,29418505,covid19india,,
Karnataka,2021-07-28,23352332,6244511,29596843,covid19india,,
Karnataka,2021-07-29,23430814,6295325,29726139,covid19india,,
Karnataka,2021-07-30,23624164,6406425,30030589,covid19india,,
Karnataka,2021-07-31,23996153,6535671,30531824,covid19india,,
Karnataka,2021-08-01,24088034,6577674,30665708,covid19india,,
Karnataka,2021-08-02,24598271,6817379,31415650,covid19india,,
Karnataka,2021-08-03,24794539,6901931,31696470,covid19india,,
Karnataka,2021-08-04,24961662,6996807,31958469,covid19india,,
Karnataka,2021-08-05,25063401,7065860,32129261,covid19india,,
Karnataka,2021-08-06,25190326,7159957,32350283,covid19india,,
Karnataka,2021-08-07,25473050,7297493,32770543,covid19india,,
Karnataka,2021-08-08,25591995,7335688,32927683,covid19india,,
Karnataka,2021-08-09,25860894,7437119,33298013,covid19india,,
Karnataka,2021-08-10,26000864,7509346,33510210,covid19india,,
Karnataka,2021-08-11,26188737,7609863,33798600,covid19india,,
Karnataka,2021-08-12,26266430,7663080,33929510,covid19india,,
Karnataka,2021-08-13,26400151,7733120,34133271,covid19india,,
Karnataka,2021-08-14,26663230,7837574,34500804,covid19india,,
Karnataka,2021-08-15,26771563,7875704,34647267,covid19india,,
Karnataka,2021-08-16,27095155,8003093,35098248,covid19india,,
Karnataka,2021-08-17,27353315,8119278,35472593,covid19india,,
Karnataka,2021-08-18,27569841,8220641,35790482,covid19india,,
Karnataka,2021-08-19,27752732,8326627,36079359,covid19india,,
Karnataka,2021-08-20,27892769,8387393,36280162,covid19india,,
Karnataka,2021-08-21,28187251,8572110,36759361,covid19india,,
Karnataka,2021-08-22,28316291,8646776,36963067,covid19india,,
Karnataka,2021-08-23,28701547,8835665,37537212,covid19india,,
Karnataka,2021-08-24,28941955,8978770,37920725,covid19india,,
Karnataka,2021-08-25,29293552,9156983,38450535,covid19india,,
Karnataka,2021-08-26,29593337,9315953,38909290,covid19india,,
Karnataka,2021-08-27,30368142,9660804,40028946,covid19india,,
Karnataka,2021-08-29,31045670,10001488,41047158,covid19india,,
Karnataka,2021-08-30,31582267,10191366,41773633,covid19india,,
Karnataka,2021-08-31,32054742,10361122,42415864,covid19india,,
Karnataka,2021-09-01,32967487,10680452,43647939,covid19india,,
Karnataka,2021-09-02,33231681,10811850,44043531,covid19india,,
Karnataka,2021-09-03,33442347,10967475,44409822,covid19india,,
Karnataka,2021-09-04,33637174,11157883,44795057,covid19india,,
Karnataka,2021-09-05,33749856,11250704,45000560,covid19india,,
Karnataka,2021-09-06,34167026,11491703,45658729,covid19india,,
Karnataka,2021-09-07,34436659,11662618,46099277,covid19india,,
Karnataka,2021-09-08,34904099,11951707,46855806,covid19india,,
Karnataka,2021-09-09,35031340,12059283,47090623,covid19india,,
Karnataka,2021-09-10,35061622,12092242,47153864,covid19india,,
Karnataka,2021-09-11,35196111,12249521,47445632,covid19india,,
Karnataka,2021-09-12,35233188,12295658,47528846,covid19india,,
Karnataka,2021-09-13,35402071,12495692,47897763,covid19india,,
Karnataka,2021-09-14,35544380,12672118,48216498,covid19india,,
Karnataka,2021-09-15,35624096,12780026,48404122,covid19india,,
Karnataka,2021-09-16,35655006,12832683,48487689,covid19india,,
Karnataka,2021-09-17,37244338,14331994,51576332,covid19india,,
Karnataka,2021-09-18,37378105,14534679,51912784,covid19india,,
Karnataka,2021-09-19,37414550,14588418,52002968,covid19india,,
Karnataka,2021-09-20,37564264,14775537,52339801,covid19india,,
Karnataka,2021-09-21,37701020,14972570,52673590,covid19india,,
Karnataka,2021-09-22,38178089,15540709,53718798,covid19india,,
Karnataka,2021-09-23,38271800,15677221,53949021,covid19india,,
Karnataka,2021-09-24,38425093,15872944,54298037,covid19india,,
Karnataka,2021-09-25,38516701,16065826,54582527,covid19india,,
Karnataka,2021-09-26,38531913,16088421,54620334,covid19india,,
Karnataka,2021-09-27,38647205,16273469,54920674,covid19india,,
Karnataka,2021-09-28,38730476,16414252,55144728,covid19india,,
Karnataka,2021-09-29,39176687,17038279,56214966,covid19india,,
Karnataka,2021-09-30,39259907,17177792,56437699,covid19india,,
Karnataka,2021-10-01,39350560,17342940,56693500,covid19india,,
Karnataka,2021-10-02,39426250,17481551,56907801,covid19india,,
Karnataka,2021-10-03,39438904,17503009,56941913,covid19india,,
Karnataka,2021-10-04,39520052,17650280,57170332,covid19india,,
Karnataka,2021-10-05,39606866,17813598,57420464,covid19india,,
Karnataka,2021-10-06,39645796,17869496,57515292,covid19india,,
Karnataka,2021-10-07,39695148,17967410,57662558,covid19india,,
Karnataka,2021-10-08,40038832,18567279,58606111,covid19india,,
Karnataka,2021-10-09,40109871,18707117,58816988,covid19india,,
Karnataka,2021-10-10,40186682,18844711,59031393,covid19india,,
Karnataka,2021-10-11,40328092,19144794,59472886,covid19india,,
Kerala,2021-01-16,8062,0,8062,covid19india,,
Kerala,2021-01-18,15477,0,15477,covid19india,,
Kerala,2021-01-19,23855,0,23855,covid19india,,
Kerala,2021-01-20,24269,0,24269,covid19india,,
Kerala,2021-01-21,35173,0,35173,covid19india,,
Kerala,2021-01-22,47293,0,47293,covid19india,,
Kerala,2021-01-23,53529,0,53529,covid19india,,
Kerala,2021-01-24,53529,0,53529,covid19india,,
Kerala,2021-01-25,71973,0,71973,covid19india,,
Kerala,2021-01-26,71973,0,71973,covid19india,,
Kerala,2021-01-27,82970,0,82970,covid19india,,
Kerala,2021-01-28,106583,0,106583,covid19india,,
Kerala,2021-01-29,135835,0,135835,covid19india,,
Kerala,2021-01-30,158687,0,158687,covid19india,,
Kerala,2021-01-31,165171,0,165171,covid19india,,
Kerala,2021-02-01,193925,0,193925,covid19india,,
Kerala,2021-02-02,224846,0,224846,covid19india,,
Kerala,2021-02-03,246043,0,246043,covid19india,,
Kerala,2021-02-04,270992,0,270992,covid19india,,
Kerala,2021-02-05,286132,0,286132,covid19india,,
Kerala,2021-02-06,291852,0,291852,covid19india,,
Kerala,2021-02-07,292342,0,292342,covid19india,,
Kerala,2021-02-08,307998,0,307998,covid19india,,
Kerala,2021-02-09,322016,0,322016,covid19india,,
Kerala,2021-02-10,326246,0,326246,covid19india,,
Kerala,2021-02-11,333560,0,333560,covid19india,,
Kerala,2021-02-12,345197,0,345197,covid19india,,
Kerala,2021-02-13,356322,0,356322,covid19india,,
Kerala,2021-02-14,358529,46,358575,covid19india,,
Kerala,2021-02-15,367367,3570,370937,covid19india,,
Kerala,2021-02-16,375441,12815,388256,covid19india,,
Kerala,2021-02-17,379034,16153,395187,covid19india,,
Kerala,2021-02-18,386901,23948,410849,covid19india,,
Kerala,2021-02-19,392993,32060,425053,covid19india,,
Kerala,2021-02-20,399064,38829,437893,covid19india,,
Kerala,2021-02-21,399284,38829,438113,covid19india,,
Kerala,2021-02-22,405697,56232,461929,covid19india,,
Kerala,2021-02-23,414509,62299,476808,covid19india,,
Kerala,2021-02-24,422669,70600,493269,covid19india,,
Kerala,2021-02-25,441597,88877,530474,covid19india,,
Kerala,2021-02-26,482445,104866,587311,covid19india,,
Kerala,2021-02-27,482445,104866,587311,covid19india,,
Kerala,2021-02-28,482445,104866,587311,covid19india,,
Kerala,2021-03-01,511510,113613,625123,covid19india,,
Kerala,2021-03-02,541951,120762,662713,covid19india,,
Kerala,2021-03-03,573353,128161,701514,covid19india,,
Kerala,2021-03-04,662393,148454,810847,covid19india,,
Kerala,2021-03-05,736363,166495,902858,covid19india,,
Kerala,2021-03-06,819410,183899,1003309,covid19india,,
Kerala,2021-03-07,835572,185422,1020994,covid19india,,
Kerala,2021-03-08,926083,203608,1129691,covid19india,,
Kerala,2021-03-09,1012344,221228,1233572,covid19india,,
Kerala,2021-03-10,1056499,232717,1289216,covid19india,,
Kerala,2021-03-11,1105629,240623,1346252,covid19india,,
Kerala,2021-03-12,1211414,257856,1469270,covid19india,,
Kerala,2021-03-13,1274773,266575,1541348,covid19india,,
Kerala,2021-03-14,1281316,267367,1548683,covid19india,,
Kerala,2021-03-15,1408459,280907,1689366,covid19india,,
Kerala,2021-03-16,1540945,295270,1836215,covid19india,,
Kerala,2021-03-17,1587659,303772,1891431,covid19india,,
Kerala,2021-03-18,1727014,315358,2042372,covid19india,,
Kerala,2021-03-19,1852920,326417,2179337,covid19india,,
Kerala,2021-03-20,1962681,334495,2297176,covid19india,,
Kerala,2021-03-21,1968582,334671,2303253,covid19india,,
Kerala,2021-03-22,2089462,342811,2432273,covid19india,,
Kerala,2021-03-23,2203867,354677,2558544,covid19india,,
Kerala,2021-03-24,2260396,358455,2618851,covid19india,,
Kerala,2021-03-25,2408804,363741,2772545,covid19india,,
Kerala,2021-03-26,2536834,368111,2904945,covid19india,,
Kerala,2021-03-27,2647764,371882,3019646,covid19india,,
Kerala,2021-03-28,2659617,371993,3031610,covid19india,,
Kerala,2021-03-29,2805410,376210,3181620,covid19india,,
Kerala,2021-03-30,2957153,382708,3339861,covid19india,,
Kerala,2021-03-31,3015107,386811,3401918,covid19india,,
Kerala,2021-04-01,3099836,390298,3490134,covid19india,,
Kerala,2021-04-02,3308955,411492,3720447,covid19india,,
Kerala,2021-04-03,3430171,419834,3850005,covid19india,,
Kerala,2021-04-04,3462664,421560,3884224,covid19india,,
Kerala,2021-04-05,3597752,433230,4030982,covid19india,,
Kerala,2021-04-06,3623797,435667,4059464,covid19india,,
Kerala,2021-04-07,3706748,442665,4149413,covid19india,,
Kerala,2021-04-08,3899535,457416,4356951,covid19india,,
Kerala,2021-04-09,4099030,476570,4575600,covid19india,,
Kerala,2021-04-10,4270953,492900,4763853,covid19india,,
Kerala,2021-04-11,4333801,496868,4830669,covid19india,,
Kerala,2021-04-12,4571678,526506,5098184,covid19india,,
Kerala,2021-04-13,4714426,553106,5267532,covid19india,,
Kerala,2021-04-14,4730171,557313,5287484,covid19india,,
Kerala,2021-04-15,4899857,597159,5497016,covid19india,,
Kerala,2021-04-16,5042561,639411,5681972,covid19india,,
Kerala,2021-04-17,5158593,673960,5832553,covid19india,,
Kerala,2021-04-18,5189796,680436,5870232,covid19india,,
Kerala,2021-04-19,5299366,727439,6026805,covid19india,,
Kerala,2021-04-20,5443585,800248,6243833,covid19india,,
Kerala,2021-04-21,5512420,841334,6353754,covid19india,,
Kerala,2021-04-22,5603437,900680,6504117,covid19india,,
Kerala,2021-04-23,5673951,954462,6628413,covid19india,,
Kerala,2021-04-24,5788558,1039192,6827750,covid19india,,
Kerala,2021-04-25,5801268,1045794,6847062,covid19india,,
Kerala,2021-04-26,5885342,1106058,6991400,covid19india,,
Kerala,2021-04-27,5947415,1159657,7107072,covid19india,,
Kerala,2021-04-28,5967887,1176235,7144122,covid19india,,
Kerala,2021-04-29,6006406,1222823,7229229,covid19india,,
Kerala,2021-04-30,6051411,1325775,7377186,covid19india,,
Kerala,2021-05-01,6072156,1356764,7428920,covid19india,,
Kerala,2021-05-02,6069748,1356416,7426164,covid19india,,
Kerala,2021-05-03,6089361,1419076,7508437,covid19india,,
Kerala,2021-05-04,6105329,1466846,7572175,covid19india,,
Kerala,2021-05-05,6112746,1482075,7594821,covid19india,,
Kerala,2021-05-06,6128668,1567209,7695877,covid19india,,
Kerala,2021-05-07,6153727,1700323,7854050,covid19india,,
Kerala,2021-05-08,6169344,1764559,7933903,covid19india,,
Kerala,2021-05-09,6169750,1764719,7934469,covid19india,,
Kerala,2021-05-10,6192936,1849301,8042237,covid19india,,
Kerala,2021-05-11,6210968,1901898,8112866,covid19india,,
Kerala,2021-05-12,6227392,1927844,8155236,covid19india,,
Kerala,2021-05-13,6236840,1944711,8181551,covid19india,,
Kerala,2021-05-14,6257447,1968691,8226138,covid19india,,
Kerala,2021-05-15,6391566,1990802,8382368,covid19india,,
Kerala,2021-05-16,6418962,1996495,8415457,covid19india,,
Kerala,2021-05-17,6474733,2008215,8482948,covid19india,,
Kerala,2021-05-18,6519860,2016073,8535933,covid19india,,
Kerala,2021-05-19,6534948,2018250,8553198,covid19india,,
Kerala,2021-05-20,6578076,2019206,8597282,covid19india,,
Kerala,2021-05-21,6592745,2019936,8612681,covid19india,,
Kerala,2021-05-22,6621927,2019981,8641908,covid19india,,
Kerala,2021-05-23,6627947,2019976,8647923,covid19india,,
Kerala,2021-05-24,6681079,2020084,8701163,covid19india,,
Kerala,2021-05-25,6736439,2020210,8756649,covid19india,,
Kerala,2021-05-26,6767010,2020297,8787307,covid19india,,
Kerala,2021-05-27,6878833,2022091,8900924,covid19india,,
Kerala,2021-05-28,7021207,2024952,9046159,covid19india,,
Kerala,2021-05-29,7160260,2044763,9205023,covid19india,,
Kerala,2021-05-30,7180189,2050547,9230736,covid19india,,
Kerala,2021-05-31,7334216,2068520,9402736,covid19india,,
Kerala,2021-06-01,7482792,2088912,9571704,covid19india,,
Kerala,2021-06-02,7572660,2103497,9676157,covid19india,,
Kerala,2021-06-03,7721315,2119043,9840358,covid19india,,
Kerala,2021-06-04,7878459,2137416,10015875,covid19india,,
Kerala,2021-06-05,8046801,2156608,10203409,covid19india,,
Kerala,2021-06-06,8096639,2160135,10256774,covid19india,,
Kerala,2021-06-07,8288579,2170392,10458971,covid19india,,
Kerala,2021-06-08,8488444,2188119,10676563,covid19india,,
Kerala,2021-06-09,8622255,2197075,10819330,covid19india,,
Kerala,2021-06-10,8759501,2209625,10969126,covid19india,,
Kerala,2021-06-11,8865165,2222471,11087636,covid19india,,
Kerala,2021-06-12,8928702,2236193,11164895,covid19india,,
Kerala,2021-06-13,8974431,2238447,11212878,covid19india,,
Kerala,2021-06-14,9140193,2266014,11406207,covid19india,,
Kerala,2021-06-15,9290317,2326025,11616342,covid19india,,
Kerala,2021-06-16,9367028,2358420,11725448,covid19india,,
Kerala,2021-06-17,9484076,2387717,11871793,covid19india,,
Kerala,2021-06-18,9567347,2404008,11971355,covid19india,,
Kerala,2021-06-19,9663449,2423008,12086457,covid19india,,
Kerala,2021-06-20,9706769,2439024,12145793,covid19india,,
Kerala,2021-06-21,9859341,2549313,12408654,covid19india,,
Kerala,2021-06-22,9997225,2642436,12639661,covid19india,,
Kerala,2021-06-23,10098458,2715927,12814385,covid19india,,
Kerala,2021-06-24,10234797,2797468,13032265,covid19india,,
Kerala,2021-06-25,10403348,2901942,13305290,covid19india,,
Kerala,2021-06-26,10507088,2977412,13484500,covid19india,,
Kerala,2021-06-27,10541451,2994428,13535879,covid19india,,
Kerala,2021-06-28,10649645,3099039,13748684,covid19india,,
Kerala,2021-06-29,10748550,3200150,13948700,covid19india,,
Kerala,2021-06-30,10842601,3254223,14096824,covid19india,,
Kerala,2021-07-01,10915717,3326979,14242696,covid19india,,
Kerala,2021-07-02,11043967,3487684,14531651,covid19india,,
Kerala,2021-07-03,11162824,3601746,14764570,covid19india,,
Kerala,2021-07-04,11179952,3610500,14790452,covid19india,,
Kerala,2021-07-05,11261356,3685733,14947089,covid19india,,
Kerala,2021-07-06,11322762,3739556,15062318,covid19india,,
Kerala,2021-07-07,11356276,3764310,15120586,covid19india,,
Kerala,2021-07-08,11393121,3828293,15221414,covid19india,,
Kerala,2021-07-09,11454406,3958218,15412624,covid19india,,
Kerala,2021-07-10,11544603,4122660,15667263,covid19india,,
Kerala,2021-07-11,11559011,4141963,15700974,covid19india,,
Kerala,2021-07-12,11633745,4277703,15911448,covid19india,,
Kerala,2021-07-13,11741150,4366383,16107533,covid19india,,
Kerala,2021-07-14,11787897,4418383,16206280,covid19india,,
Kerala,2021-07-15,11856127,4504145,16360272,covid19india,,
Kerala,2021-07-16,11918696,4567395,16486091,covid19india,,
Kerala,2021-07-17,11989687,4660798,16650485,covid19india,,
Kerala,2021-07-18,12021047,4683247,16704294,covid19india,,
Kerala,2021-07-19,12157109,4901973,17059082,covid19india,,
Kerala,2021-07-20,12277846,5051565,17329411,covid19india,,
Kerala,2021-07-21,12340371,5087592,17427963,covid19india,,
Kerala,2021-07-22,12464588,5244939,17709527,covid19india,,
Kerala,2021-07-23,12585908,5390415,17976323,covid19india,,
Kerala,2021-07-24,12878310,5587270,18465580,covid19india,,
Kerala,2021-07-25,12972163,5622271,18594434,covid19india,,
Kerala,2021-07-26,13129804,5683515,18813319,covid19india,,
Kerala,2021-07-27,13234020,5708946,18942966,covid19india,,
Kerala,2021-07-28,13292686,5717279,19009965,covid19india,,
Kerala,2021-07-29,13465992,5805422,19271414,covid19india,,
Kerala,2021-07-30,13812976,5970187,19783163,covid19india,,
Kerala,2021-07-31,14160510,6059874,20220384,covid19india,,
Kerala,2021-08-01,14285530,6085174,20370704,covid19india,,
Kerala,2021-08-02,14568350,6153842,20722192,covid19india,,
Kerala,2021-08-03,14805279,6204071,21009350,covid19india,,
Kerala,2021-08-04,14882725,6231751,21114476,covid19india,,
Kerala,2021-08-05,15033969,6269657,21303626,covid19india,,
Kerala,2021-08-06,15231555,6329067,21560622,covid19india,,
Kerala,2021-08-07,15416859,6365607,21782466,covid19india,,
Kerala,2021-08-08,15472773,6370804,21843577,covid19india,,
Kerala,2021-08-09,15672348,6427551,22099899,covid19india,,
Kerala,2021-08-10,15759471,6442507,22201978,covid19india,,
Kerala,2021-08-11,15982626,6461405,22444031,covid19india,,
Kerala,2021-08-12,16337734,6514254,22851988,covid19india,,
Kerala,2021-08-13,16824615,6586859,23411474,covid19india,,
Kerala,2021-08-14,17282833,6657853,23940686,covid19india,,
Kerala,2021-08-15,17584121,6687817,24271938,covid19india,,
Kerala,2021-08-16,17888020,6735933,24623953,covid19india,,
Kerala,2021-08-17,18190526,6776252,24966778,covid19india,,
Kerala,2021-08-18,18442543,6808722,25251265,covid19india,,
Kerala,2021-08-19,18696599,6839152,25535751,covid19india,,
Kerala,2021-08-20,18853752,6859519,25713271,covid19india,,
Kerala,2021-08-21,18871825,6861298,25733123,covid19india,,
Kerala,2021-08-22,18958776,6870011,25828787,covid19india,,
Kerala,2021-08-23,19323498,6948318,26271816,covid19india,,
Kerala,2021-08-24,19547235,7049010,26596245,covid19india,,
Kerala,2021-08-25,19852729,7160242,27012971,covid19india,,
Kerala,2021-08-26,20012643,7252572,27265215,covid19india,,
Kerala,2021-08-27,20362841,7388807,27751648,covid19india,,
Kerala,2021-08-29,20645882,7506612,28152494,covid19india,,
Kerala,2021-08-30,20980413,7656753,28637166,covid19india,,
Kerala,2021-08-31,21286465,7805599,29092064,covid19india,,
Kerala,2021-09-01,21402963,7878338,29281301,covid19india,,
Kerala,2021-09-02,21489941,7933592,29423533,covid19india,,
Kerala,2021-09-03,21564603,7978978,29543581,covid19india,,
Kerala,2021-09-04,21599168,8016370,29615538,covid19india,,
Kerala,2021-09-05,21608979,8027122,29636101,covid19india,,
Kerala,2021-09-06,21616740,8042827,29659567,covid19india,,
Kerala,2021-09-07,22058364,8376173,30434537,covid19india,,
Kerala,2021-09-08,22183005,8481412,30664417,covid19india,,
Kerala,2021-09-09,22233714,8534028,30767742,covid19india,,
Kerala,2021-09-10,22635197,8797842,31433039,covid19india,,
Kerala,2021-09-11,22737709,8938608,31676317,covid19india,,
Kerala,2021-09-12,22755227,8963264,31718491,covid19india,,
Kerala,2021-09-13,22804282,9028981,31833263,covid19india,,
Kerala,2021-09-14,22820484,9054380,31874864,covid19india,,
Kerala,2021-09-15,23090007,9274596,32364603,covid19india,,
Kerala,2021-09-16,23402378,9501165,32903543,covid19india,,
Kerala,2021-09-17,23623801,9672550,33296351,covid19india,,
Kerala,2021-09-18,23780637,9810425,33591062,covid19india,,
Kerala,2021-09-19,23807401,9833623,33641024,covid19india,,
Kerala,2021-09-20,24003365,9978689,33982054,covid19india,,
Kerala,2021-09-21,24124621,10092744,34217365,covid19india,,
Kerala,2021-09-22,24235033,10198187,34433220,covid19india,,
Kerala,2021-09-23,24341295,10331760,34673055,covid19india,,
Kerala,2021-09-24,24424425,10445703,34870128,covid19india,,
Kerala,2021-09-25,24494078,10570799,35064877,covid19india,,
Kerala,2021-09-26,24521633,10590340,35111973,covid19india,,
Kerala,2021-09-27,24544949,10629914,35174863,covid19india,,
Kerala,2021-09-28,24610976,10761410,35372386,covid19india,,
Kerala,2021-09-29,24648964,10855893,35504857,covid19india,,
Kerala,2021-09-30,24695552,10943387,35638939,covid19india,,
Kerala,2021-10-01,24730901,11039135,35770036,covid19india,,
Kerala,2021-10-02,24747633,11119632,35867265,covid19india,,
Kerala,2021-10-03,24750569,11126705,35877274,covid19india,,
Kerala,2021-10-04,24791628,11266017,36057645,covid19india,,
Kerala,2021-10-05,24825093,11381066,36206159,covid19india,,
Kerala,2021-10-06,24853788,11444843,36298631,covid19india,,
Kerala,2021-10-07,24891353,11545849,36437202,covid19india,,
Kerala,2021-10-08,24924423,11628129,36552552,covid19india,,
Kerala,2021-10-09,24937641,11667527,36605168,covid19india,,
Kerala,2021-10-10,24941763,11677296,36619059,covid19india,,
Kerala,2021-10-11,24980194,11782327,36762521,covid19india,,
Ladakh,2021-01-16,79,0,79,covid19india,,
Ladakh,2021-01-18,119,0,119,covid19india,,
Ladakh,2021-01-19,119,0,119,covid19india,,
Ladakh,2021-01-20,240,0,240,covid19india,,
Ladakh,2021-01-21,240,0,240,covid19india,,
Ladakh,2021-01-22,401,0,401,covid19india,,
Ladakh,2021-01-23,558,0,558,covid19india,,
Ladakh,2021-01-24,558,0,558,covid19india,,
Ladakh,2021-01-25,670,0,670,covid19india,,
Ladakh,2021-01-26,670,0,670,covid19india,,
Ladakh,2021-01-27,818,0,818,covid19india,,
Ladakh,2021-01-28,818,0,818,covid19india,,
Ladakh,2021-01-29,989,0,989,covid19india,,
Ladakh,2021-01-30,1128,0,1128,covid19india,,
Ladakh,2021-01-31,1128,0,1128,covid19india,,
Ladakh,2021-02-01,1234,0,1234,covid19india,,
Ladakh,2021-02-02,1234,0,1234,covid19india,,
Ladakh,2021-02-03,1511,0,1511,covid19india,,
Ladakh,2021-02-04,1511,0,1511,covid19india,,
Ladakh,2021-02-05,1745,0,1745,covid19india,,
Ladakh,2021-02-06,1987,0,1987,covid19india,,
Ladakh,2021-02-07,1987,0,1987,covid19india,,
Ladakh,2021-02-08,2234,0,2234,covid19india,,
Ladakh,2021-02-09,2309,0,2309,covid19india,,
Ladakh,2021-02-10,2536,0,2536,covid19india,,
Ladakh,2021-02-11,2761,0,2761,covid19india,,
Ladakh,2021-02-12,2854,0,2854,covid19india,,
Ladakh,2021-02-13,2904,77,2981,covid19india,,
Ladakh,2021-02-14,2904,77,2981,covid19india,,
Ladakh,2021-02-15,2904,77,2981,covid19india,,
Ladakh,2021-02-16,3421,228,3649,covid19india,,
Ladakh,2021-02-17,3856,290,4146,covid19india,,
Ladakh,2021-02-18,4436,290,4726,covid19india,,
Ladakh,2021-02-19,5005,358,5363,covid19india,,
Ladakh,2021-02-20,5631,600,6231,covid19india,,
Ladakh,2021-02-21,5827,600,6427,covid19india,,
Ladakh,2021-02-22,6610,610,7220,covid19india,,
Ladakh,2021-02-23,7368,611,7979,covid19india,,
Ladakh,2021-02-24,8199,748,8947,covid19india,,
Ladakh,2021-02-25,8753,748,9501,covid19india,,
Ladakh,2021-02-26,9226,829,10055,covid19india,,
Ladakh,2021-02-27,9226,829,10055,covid19india,,
Ladakh,2021-02-28,9226,829,10055,covid19india,,
Ladakh,2021-03-01,9226,829,10055,covid19india,,
Ladakh,2021-03-02,9226,829,10055,covid19india,,
Ladakh,2021-03-03,9582,896,10478,covid19india,,
Ladakh,2021-03-04,11471,1413,12884,covid19india,,
Ladakh,2021-03-05,12616,1883,14499,covid19india,,
Ladakh,2021-03-06,14599,2135,16734,covid19india,,
Ladakh,2021-03-07,14599,2135,16734,covid19india,,
Ladakh,2021-03-08,17072,2236,19308,covid19india,,
Ladakh,2021-03-09,19919,2313,22232,covid19india,,
Ladakh,2021-03-10,22924,2514,25438,covid19india,,
Ladakh,2021-03-11,25706,2725,28431,covid19india,,
Ladakh,2021-03-12,28226,2821,31047,covid19india,,
Ladakh,2021-03-13,30743,2907,33650,covid19india,,
Ladakh,2021-03-14,31232,2908,34140,covid19india,,
Ladakh,2021-03-15,33790,2927,36717,covid19india,,
Ladakh,2021-03-16,35187,3345,38532,covid19india,,
Ladakh,2021-03-17,36299,3647,39946,covid19india,,
Ladakh,2021-03-18,36916,4227,41143,covid19india,,
Ladakh,2021-03-19,37427,4777,42204,covid19india,,
Ladakh,2021-03-20,38003,5246,43249,covid19india,,
Ladakh,2021-03-21,38035,5248,43283,covid19india,,
Ladakh,2021-03-22,38476,5794,44270,covid19india,,
Ladakh,2021-03-23,38823,6059,44882,covid19india,,
Ladakh,2021-03-24,39015,6146,45161,covid19india,,
Ladakh,2021-03-25,39097,6250,45347,covid19india,,
Ladakh,2021-03-26,39181,6378,45559,covid19india,,
Ladakh,2021-03-27,39298,6394,45692,covid19india,,
Ladakh,2021-03-28,39298,6394,45692,covid19india,,
Ladakh,2021-03-29,39298,6394,45692,covid19india,,
Ladakh,2021-03-30,39387,6425,45812,covid19india,,
Ladakh,2021-03-31,39516,6494,46010,covid19india,,
Ladakh,2021-04-01,43775,6547,50322,covid19india,,
Ladakh,2021-04-02,49210,6898,56108,covid19india,,
Ladakh,2021-04-03,52961,6956,59917,covid19india,,
Ladakh,2021-04-04,55645,6962,62607,covid19india,,
Ladakh,2021-04-05,59196,6678,65874,covid19india,,
Ladakh,2021-04-06,61203,6859,68062,covid19india,,
Ladakh,2021-04-07,62881,7140,70021,covid19india,,
Ladakh,2021-04-08,63903,7356,71259,covid19india,,
Ladakh,2021-04-09,64284,7676,71960,covid19india,,
Ladakh,2021-04-10,64518,7913,72431,covid19india,,
Ladakh,2021-04-11,65236,8161,73397,covid19india,,
Ladakh,2021-04-12,66115,8493,74608,covid19india,,
Ladakh,2021-04-13,66540,8779,75319,covid19india,,
Ladakh,2021-04-14,66813,9092,75905,covid19india,,
Ladakh,2021-04-15,66918,9554,76472,covid19india,,
Ladakh,2021-04-16,67005,9963,76968,covid19india,,
Ladakh,2021-04-17,67157,10662,77819,covid19india,,
Ladakh,2021-04-18,67185,10672,77857,covid19india,,
Ladakh,2021-04-19,67732,12863,80595,covid19india,,
Ladakh,2021-04-20,68954,15683,84637,covid19india,,
Ladakh,2021-04-21,70012,18441,88453,covid19india,,
Ladakh,2021-04-22,70599,20711,91310,covid19india,,
Ladakh,2021-04-23,71353,22963,94316,covid19india,,
Ladakh,2021-04-24,71714,24825,96539,covid19india,,
Ladakh,2021-04-25,71734,25222,96956,covid19india,,
Ladakh,2021-04-26,72754,28150,100904,covid19india,,
Ladakh,2021-04-27,73508,30209,103717,covid19india,,
Ladakh,2021-04-28,74000,31915,105915,covid19india,,
Ladakh,2021-04-29,74391,33014,107405,covid19india,,
Ladakh,2021-04-30,74661,33852,108513,covid19india,,
Ladakh,2021-05-01,75007,34471,109478,covid19india,,
Ladakh,2021-05-02,75063,34631,109694,covid19india,,
Ladakh,2021-05-03,75687,35326,111013,covid19india,,
Ladakh,2021-05-04,77203,35581,112784,covid19india,,
Ladakh,2021-05-05,79168,35889,115057,covid19india,,
Ladakh,2021-05-06,80912,36198,117110,covid19india,,
Ladakh,2021-05-07,81744,36337,118081,covid19india,,
Ladakh,2021-05-08,82790,36486,119276,covid19india,,
Ladakh,2021-05-09,82919,36490,119409,covid19india,,
Ladakh,2021-05-10,83808,36741,120549,covid19india,,
Ladakh,2021-05-11,84320,36897,121217,covid19india,,
Ladakh,2021-05-12,84923,37003,121926,covid19india,,
Ladakh,2021-05-13,85330,37110,122440,covid19india,,
Ladakh,2021-05-14,85330,37110,122440,covid19india,,
Ladakh,2021-05-15,86271,37249,123520,covid19india,,
Ladakh,2021-05-16,86271,37249,123520,covid19india,,
Ladakh,2021-05-17,87124,37252,124376,covid19india,,
Ladakh,2021-05-18,88110,37256,125366,covid19india,,
Ladakh,2021-05-19,89337,37256,126593,covid19india,,
Ladakh,2021-05-20,91095,37257,128352,covid19india,,
Ladakh,2021-05-21,93205,37257,130462,covid19india,,
Ladakh,2021-05-22,94804,37257,132061,covid19india,,
Ladakh,2021-05-23,94876,37257,132133,covid19india,,
Ladakh,2021-05-24,96799,37263,134062,covid19india,,
Ladakh,2021-05-25,99023,37264,136287,covid19india,,
Ladakh,2021-05-26,101179,37264,138443,covid19india,,
Ladakh,2021-05-27,107108,37275,144383,covid19india,,
Ladakh,2021-05-28,112811,37278,150089,covid19india,,
Ladakh,2021-05-29,116833,37279,154112,covid19india,,
Ladakh,2021-05-30,116853,37279,154132,covid19india,,
Ladakh,2021-05-31,122247,37290,159537,covid19india,,
Ladakh,2021-06-01,126904,37291,164195,covid19india,,
Ladakh,2021-06-02,130679,37295,167974,covid19india,,
Ladakh,2021-06-03,134121,37300,171421,covid19india,,
Ladakh,2021-06-04,137687,37301,174988,covid19india,,
Ladakh,2021-06-05,140354,37306,177660,covid19india,,
Ladakh,2021-06-06,140358,37306,177664,covid19india,,
Ladakh,2021-06-07,142933,37320,180253,covid19india,,
Ladakh,2021-06-08,144363,37332,181695,covid19india,,
Ladakh,2021-06-09,146102,37340,183442,covid19india,,
Ladakh,2021-06-10,148627,37355,185982,covid19india,,
Ladakh,2021-06-11,151773,37357,189130,covid19india,,
Ladakh,2021-06-12,153676,37375,191051,covid19india,,
Ladakh,2021-06-13,153677,37375,191052,covid19india,,
Ladakh,2021-06-14,155033,37387,192420,covid19india,,
Ladakh,2021-06-15,155921,37397,193318,covid19india,,
Ladakh,2021-06-16,157066,37414,194480,covid19india,,
Ladakh,2021-06-17,159251,37436,196687,covid19india,,
Ladakh,2021-06-18,160677,37444,198121,covid19india,,
Ladakh,2021-06-19,161804,37470,199274,covid19india,,
Ladakh,2021-06-20,161805,37470,199275,covid19india,,
Ladakh,2021-06-21,163237,37482,200719,covid19india,,
Ladakh,2021-06-22,164789,37523,202312,covid19india,,
Ladakh,2021-06-23,166158,37551,203709,covid19india,,
Ladakh,2021-06-24,167492,39413,206905,covid19india,,
Ladakh,2021-06-25,168168,43402,211570,covid19india,,
Ladakh,2021-06-26,168673,47338,216011,covid19india,,
Ladakh,2021-06-27,168691,47925,216616,covid19india,,
Ladakh,2021-06-28,169423,51712,221135,covid19india,,
Ladakh,2021-06-29,170297,54372,224669,covid19india,,
Ladakh,2021-06-30,170902,56034,226936,covid19india,,
Ladakh,2021-07-01,171445,57372,228817,covid19india,,
Ladakh,2021-07-02,172099,57988,230087,covid19india,,
Ladakh,2021-07-03,173803,58330,232133,covid19india,,
Ladakh,2021-07-04,174447,58348,232795,covid19india,,
Ladakh,2021-07-05,176300,59127,235427,covid19india,,
Ladakh,2021-07-06,177767,59794,237561,covid19india,,
Ladakh,2021-07-07,178128,60177,238305,covid19india,,
Ladakh,2021-07-08,179174,60415,239589,covid19india,,
Ladakh,2021-07-09,180257,60561,240818,covid19india,,
Ladakh,2021-07-10,181385,60730,242115,covid19india,,
Ladakh,2021-07-11,181815,60730,242545,covid19india,,
Ladakh,2021-07-12,182438,61118,243556,covid19india,,
Ladakh,2021-07-13,184197,61509,245706,covid19india,,
Ladakh,2021-07-14,184350,61717,246067,covid19india,,
Ladakh,2021-07-15,184640,61903,246543,covid19india,,
Ladakh,2021-07-16,184757,62019,246776,covid19india,,
Ladakh,2021-07-17,184970,62169,247139,covid19india,,
Ladakh,2021-07-18,185017,62182,247199,covid19india,,
Ladakh,2021-07-19,185146,62381,247527,covid19india,,
Ladakh,2021-07-20,185298,62526,247824,covid19india,,
Ladakh,2021-07-21,185298,62526,247824,covid19india,,
Ladakh,2021-07-22,185475,62844,248319,covid19india,,
Ladakh,2021-07-23,185654,63031,248685,covid19india,,
Ladakh,2021-07-24,185770,63271,249041,covid19india,,
Ladakh,2021-07-25,185770,63271,249041,covid19india,,
Ladakh,2021-07-26,186045,63689,249734,covid19india,,
Ladakh,2021-07-27,186261,64512,250773,covid19india,,
Ladakh,2021-07-28,186477,65626,252103,covid19india,,
Ladakh,2021-07-29,186751,66106,252857,covid19india,,
Ladakh,2021-07-30,186894,67030,253924,covid19india,,
Ladakh,2021-07-31,187393,67654,255047,covid19india,,
Ladakh,2021-08-01,187397,67650,255047,covid19india,,
Ladakh,2021-08-02,187602,68136,255738,covid19india,,
Ladakh,2021-08-03,187750,68451,256201,covid19india,,
Ladakh,2021-08-04,187861,68768,256629,covid19india,,
Ladakh,2021-08-05,188002,69038,257040,covid19india,,
Ladakh,2021-08-06,188226,69325,257551,covid19india,,
Ladakh,2021-08-07,188426,69959,258385,covid19india,,
Ladakh,2021-08-08,188426,69959,258385,covid19india,,
Ladakh,2021-08-09,188699,70337,259036,covid19india,,
Ladakh,2021-08-10,188876,70779,259655,covid19india,,
Ladakh,2021-08-11,189080,71239,260319,covid19india,,
Ladakh,2021-08-12,189260,71671,260931,covid19india,,
Ladakh,2021-08-13,189395,72198,261593,covid19india,,
Ladakh,2021-08-14,189535,72825,262360,covid19india,,
Ladakh,2021-08-15,189535,72832,262367,covid19india,,
Ladakh,2021-08-16,189769,73545,263314,covid19india,,
Ladakh,2021-08-17,189909,74120,264029,covid19india,,
Ladakh,2021-08-18,190083,74851,264934,covid19india,,
Ladakh,2021-08-19,190166,75389,265555,covid19india,,
Ladakh,2021-08-20,190179,75603,265782,covid19india,,
Ladakh,2021-08-21,190402,77088,267490,covid19india,,
Ladakh,2021-08-22,190402,77093,267495,covid19india,,
Ladakh,2021-08-23,190799,79877,270676,covid19india,,
Ladakh,2021-08-24,191241,84465,275706,covid19india,,
Ladakh,2021-08-25,191651,87924,279575,covid19india,,
Ladakh,2021-08-26,192074,91225,283299,covid19india,,
Ladakh,2021-08-27,192411,93658,286069,covid19india,,
Ladakh,2021-08-29,192771,96671,289442,covid19india,,
Ladakh,2021-08-30,193273,99496,292769,covid19india,,
Ladakh,2021-08-31,193686,101990,295676,covid19india,,
Ladakh,2021-09-01,194086,104068,298154,covid19india,,
Ladakh,2021-09-02,194491,106570,301061,covid19india,,
Ladakh,2021-09-03,194853,108948,303801,covid19india,,
Ladakh,2021-09-04,195217,110968,306185,covid19india,,
Ladakh,2021-09-05,195221,111021,306242,covid19india,,
Ladakh,2021-09-06,195704,112855,308559,covid19india,,
Ladakh,2021-09-07,196133,114551,310684,covid19india,,
Ladakh,2021-09-08,196554,115998,312552,covid19india,,
Ladakh,2021-09-09,197077,117245,314322,covid19india,,
Ladakh,2021-09-10,197492,118488,315980,covid19india,,
Ladakh,2021-09-11,197819,119611,317430,covid19india,,
Ladakh,2021-09-12,197819,119611,317430,covid19india,,
Ladakh,2021-09-13,198198,121484,319682,covid19india,,
Ladakh,2021-09-14,198652,123198,321850,covid19india,,
Ladakh,2021-09-15,199036,124600,323636,covid19india,,
Ladakh,2021-09-16,199878,126257,326135,covid19india,,
Ladakh,2021-09-17,200237,127304,327541,covid19india,,
Ladakh,2021-09-18,200754,128241,328995,covid19india,,
Ladakh,2021-09-19,200754,128241,328995,covid19india,,
Ladakh,2021-09-20,201226,129257,330483,covid19india,,
Ladakh,2021-09-21,201904,130135,332039,covid19india,,
Ladakh,2021-09-22,202465,131059,333524,covid19india,,
Ladakh,2021-09-23,202848,132008,334856,covid19india,,
Ladakh,2021-09-24,203237,132780,336017,covid19india,,
Ladakh,2021-09-25,203581,133410,336991,covid19india,,
Ladakh,2021-09-26,203581,133410,336991,covid19india,,
Ladakh,2021-09-27,203901,134157,338058,covid19india,,
Ladakh,2021-09-28,204333,135080,339413,covid19india,,
Ladakh,2021-09-29,204742,136734,341476,covid19india,,
Ladakh,2021-09-30,205284,137943,343227,covid19india,,
Ladakh,2021-10-01,205533,138654,344187,covid19india,,
Ladakh,2021-10-02,205555,138763,344318,covid19india,,
Ladakh,2021-10-03,205555,138763,344318,covid19india,,
Ladakh,2021-10-04,205908,139740,345648,covid19india,,
Ladakh,2021-10-05,206089,140548,346637,covid19india,,
Ladakh,2021-10-06,206401,141131,347532,covid19india,,
Ladakh,2021-10-07,206599,142046,348645,covid19india,,
Ladakh,2021-10-08,206805,143230,350035,covid19india,,
Ladakh,2021-10-09,206959,143869,350828,covid19india,,
Ladakh,2021-10-10,206966,143883,350849,covid19india,,
Ladakh,2021-10-11,207127,144309,351436,covid19india,,
Lakshadweep,2021-01-16,21,0,21,covid19india,,
Lakshadweep,2021-01-18,201,0,201,covid19india,,
Lakshadweep,2021-01-19,369,0,369,covid19india,,
Lakshadweep,2021-01-20,369,0,369,covid19india,,
Lakshadweep,2021-01-21,369,0,369,covid19india,,
Lakshadweep,2021-01-22,552,0,552,covid19india,,
Lakshadweep,2021-01-23,633,0,633,covid19india,,
Lakshadweep,2021-01-24,633,0,633,covid19india,,
Lakshadweep,2021-01-25,676,0,676,covid19india,,
Lakshadweep,2021-01-26,676,0,676,covid19india,,
Lakshadweep,2021-01-27,746,0,746,covid19india,,
Lakshadweep,2021-01-28,746,0,746,covid19india,,
Lakshadweep,2021-01-29,746,0,746,covid19india,,
Lakshadweep,2021-01-30,807,0,807,covid19india,,
Lakshadweep,2021-01-31,807,0,807,covid19india,,
Lakshadweep,2021-02-01,807,0,807,covid19india,,
Lakshadweep,2021-02-02,807,0,807,covid19india,,
Lakshadweep,2021-02-03,807,0,807,covid19india,,
Lakshadweep,2021-02-04,807,0,807,covid19india,,
Lakshadweep,2021-02-05,831,0,831,covid19india,,
Lakshadweep,2021-02-06,839,0,839,covid19india,,
Lakshadweep,2021-02-07,839,0,839,covid19india,,
Lakshadweep,2021-02-08,868,0,868,covid19india,,
Lakshadweep,2021-02-09,920,0,920,covid19india,,
Lakshadweep,2021-02-10,920,0,920,covid19india,,
Lakshadweep,2021-02-11,920,0,920,covid19india,,
Lakshadweep,2021-02-12,1776,0,1776,covid19india,,
Lakshadweep,2021-02-13,1776,0,1776,covid19india,,
Lakshadweep,2021-02-14,1776,0,1776,covid19india,,
Lakshadweep,2021-02-15,1776,0,1776,covid19india,,
Lakshadweep,2021-02-16,1809,115,1924,covid19india,,
Lakshadweep,2021-02-17,1809,115,1924,covid19india,,
Lakshadweep,2021-02-18,1809,115,1924,covid19india,,
Lakshadweep,2021-02-19,1809,115,1924,covid19india,,
Lakshadweep,2021-02-20,1809,115,1924,covid19india,,
Lakshadweep,2021-02-21,1809,115,1924,covid19india,,
Lakshadweep,2021-02-22,2333,591,2924,covid19india,,
Lakshadweep,2021-02-23,2343,621,2964,covid19india,,
Lakshadweep,2021-02-24,2344,639,2983,covid19india,,
Lakshadweep,2021-02-25,2353,688,3041,covid19india,,
Lakshadweep,2021-02-26,2368,710,3078,covid19india,,
Lakshadweep,2021-02-27,2368,710,3078,covid19india,,
Lakshadweep,2021-02-28,2368,710,3078,covid19india,,
Lakshadweep,2021-03-01,2410,802,3212,covid19india,,
Lakshadweep,2021-03-02,2413,803,3216,covid19india,,
Lakshadweep,2021-03-03,2413,803,3216,covid19india,,
Lakshadweep,2021-03-04,2413,803,3216,covid19india,,
Lakshadweep,2021-03-05,2482,818,3300,covid19india,,
Lakshadweep,2021-03-06,2638,832,3470,covid19india,,
Lakshadweep,2021-03-07,2638,832,3470,covid19india,,
Lakshadweep,2021-03-08,2784,854,3638,covid19india,,
Lakshadweep,2021-03-09,3066,902,3968,covid19india,,
Lakshadweep,2021-03-10,3066,902,3968,covid19india,,
Lakshadweep,2021-03-11,3066,902,3968,covid19india,,
Lakshadweep,2021-03-12,3066,902,3968,covid19india,,
Lakshadweep,2021-03-13,3501,1592,5093,covid19india,,
Lakshadweep,2021-03-14,3501,1592,5093,covid19india,,
Lakshadweep,2021-03-15,3746,1762,5508,covid19india,,
Lakshadweep,2021-03-16,3746,1762,5508,covid19india,,
Lakshadweep,2021-03-17,3940,1851,5791,covid19india,,
Lakshadweep,2021-03-18,4052,1977,6029,covid19india,,
Lakshadweep,2021-03-19,4106,2003,6109,covid19india,,
Lakshadweep,2021-03-20,4183,2014,6197,covid19india,,
Lakshadweep,2021-03-21,4183,2014,6197,covid19india,,
Lakshadweep,2021-03-22,4264,2029,6293,covid19india,,
Lakshadweep,2021-03-23,4346,2050,6396,covid19india,,
Lakshadweep,2021-03-24,4411,2052,6463,covid19india,,
Lakshadweep,2021-03-25,4431,2059,6490,covid19india,,
Lakshadweep,2021-03-26,4510,2066,6576,covid19india,,
Lakshadweep,2021-03-27,4724,2076,6800,covid19india,,
Lakshadweep,2021-03-28,4724,2076,6800,covid19india,,
Lakshadweep,2021-03-29,4724,2076,6800,covid19india,,
Lakshadweep,2021-03-30,4829,2130,6959,covid19india,,
Lakshadweep,2021-03-31,4829,2130,6959,covid19india,,
Lakshadweep,2021-04-01,5090,2130,7220,covid19india,,
Lakshadweep,2021-04-02,5706,1815,7521,covid19india,,
Lakshadweep,2021-04-03,5949,1840,7789,covid19india,,
Lakshadweep,2021-04-04,6243,1846,8089,covid19india,,
Lakshadweep,2021-04-05,6303,1893,8196,covid19india,,
Lakshadweep,2021-04-06,7036,2016,9052,covid19india,,
Lakshadweep,2021-04-07,7566,2153,9719,covid19india,,
Lakshadweep,2021-04-08,8381,2356,10737,covid19india,,
Lakshadweep,2021-04-09,9225,2461,11686,covid19india,,
Lakshadweep,2021-04-10,10148,2555,12703,covid19india,,
Lakshadweep,2021-04-11,10693,2591,13284,covid19india,,
Lakshadweep,2021-04-12,11146,2650,13796,covid19india,,
Lakshadweep,2021-04-13,11852,2719,14571,covid19india,,
Lakshadweep,2021-04-14,12503,2805,15308,covid19india,,
Lakshadweep,2021-04-15,13243,2901,16144,covid19india,,
Lakshadweep,2021-04-16,13655,2931,16586,covid19india,,
Lakshadweep,2021-04-17,14259,2992,17251,covid19india,,
Lakshadweep,2021-04-18,15125,3099,18224,covid19india,,
Lakshadweep,2021-04-19,15339,3143,18482,covid19india,,
Lakshadweep,2021-04-20,15724,3287,19011,covid19india,,
Lakshadweep,2021-04-21,16259,3527,19786,covid19india,,
Lakshadweep,2021-04-22,16567,3639,20206,covid19india,,
Lakshadweep,2021-04-23,16836,3711,20547,covid19india,,
Lakshadweep,2021-04-24,17300,3781,21081,covid19india,,
Lakshadweep,2021-04-25,17492,3807,21299,covid19india,,
Lakshadweep,2021-04-26,17863,3892,21755,covid19india,,
Lakshadweep,2021-04-27,18018,3947,21965,covid19india,,
Lakshadweep,2021-04-28,18183,3974,22157,covid19india,,
Lakshadweep,2021-04-29,18576,4074,22650,covid19india,,
Lakshadweep,2021-04-30,18943,4197,23140,covid19india,,
Lakshadweep,2021-05-01,19176,4279,23455,covid19india,,
Lakshadweep,2021-05-02,19368,4318,23686,covid19india,,
Lakshadweep,2021-05-03,19475,4484,23959,covid19india,,
Lakshadweep,2021-05-04,19615,4688,24303,covid19india,,
Lakshadweep,2021-05-05,19750,4926,24676,covid19india,,
Lakshadweep,2021-05-06,19838,5108,24946,covid19india,,
Lakshadweep,2021-05-07,19923,5344,25267,covid19india,,
Lakshadweep,2021-05-08,19955,5500,25455,covid19india,,
Lakshadweep,2021-05-09,19970,5795,25765,covid19india,,
Lakshadweep,2021-05-10,20078,6113,26191,covid19india,,
Lakshadweep,2021-05-11,20358,6342,26700,covid19india,,
Lakshadweep,2021-05-12,20519,6448,26967,covid19india,,
Lakshadweep,2021-05-13,20554,6485,27039,covid19india,,
Lakshadweep,2021-05-14,20555,6485,27040,covid19india,,
Lakshadweep,2021-05-15,20566,6490,27056,covid19india,,
Lakshadweep,2021-05-16,20588,6494,27082,covid19india,,
Lakshadweep,2021-05-17,20702,6513,27215,covid19india,,
Lakshadweep,2021-05-18,20957,6521,27478,covid19india,,
Lakshadweep,2021-05-19,21168,6541,27709,covid19india,,
Lakshadweep,2021-05-20,22186,6872,29058,covid19india,,
Lakshadweep,2021-05-21,22586,6912,29498,covid19india,,
Lakshadweep,2021-05-22,23057,6920,29977,covid19india,,
Lakshadweep,2021-05-23,24207,6926,31133,covid19india,,
Lakshadweep,2021-05-24,24344,6933,31277,covid19india,,
Lakshadweep,2021-05-25,24383,6935,31318,covid19india,,
Lakshadweep,2021-05-26,24445,6935,31380,covid19india,,
Lakshadweep,2021-05-27,24487,6938,31425,covid19india,,
Lakshadweep,2021-05-28,24725,6941,31666,covid19india,,
Lakshadweep,2021-05-29,25237,6944,32181,covid19india,,
Lakshadweep,2021-05-30,25903,6945,32848,covid19india,,
Lakshadweep,2021-05-31,26727,6946,33673,covid19india,,
Lakshadweep,2021-06-01,27658,6947,34605,covid19india,,
Lakshadweep,2021-06-02,28367,6949,35316,covid19india,,
Lakshadweep,2021-06-03,29382,6951,36333,covid19india,,
Lakshadweep,2021-06-04,30367,6960,37327,covid19india,,
Lakshadweep,2021-06-05,31303,6968,38271,covid19india,,
Lakshadweep,2021-06-06,32074,6971,39045,covid19india,,
Lakshadweep,2021-06-07,33294,6979,40273,covid19india,,
Lakshadweep,2021-06-08,34567,6986,41553,covid19india,,
Lakshadweep,2021-06-09,35731,7020,42751,covid19india,,
Lakshadweep,2021-06-10,36514,7028,43542,covid19india,,
Lakshadweep,2021-06-11,37711,7039,44750,covid19india,,
Lakshadweep,2021-06-12,39097,7063,46160,covid19india,,
Lakshadweep,2021-06-13,39686,7073,46759,covid19india,,
Lakshadweep,2021-06-14,40876,7080,47956,covid19india,,
Lakshadweep,2021-06-15,41774,7099,48873,covid19india,,
Lakshadweep,2021-06-16,42755,7106,49861,covid19india,,
Lakshadweep,2021-06-17,43215,7109,50324,covid19india,,
Lakshadweep,2021-06-18,43657,7116,50773,covid19india,,
Lakshadweep,2021-06-19,44109,7143,51252,covid19india,,
Lakshadweep,2021-06-20,44398,7145,51543,covid19india,,
Lakshadweep,2021-06-21,44815,7154,51969,covid19india,,
Lakshadweep,2021-06-22,45207,7204,52411,covid19india,,
Lakshadweep,2021-06-23,45549,7241,52790,covid19india,,
Lakshadweep,2021-06-24,45812,7293,53105,covid19india,,
Lakshadweep,2021-06-25,46057,7376,53433,covid19india,,
Lakshadweep,2021-06-26,46255,7494,53749,covid19india,,
Lakshadweep,2021-06-27,46340,7516,53856,covid19india,,
Lakshadweep,2021-06-28,46494,7644,54138,covid19india,,
Lakshadweep,2021-06-29,46750,7914,54664,covid19india,,
Lakshadweep,2021-06-30,46779,7921,54700,covid19india,,
Lakshadweep,2021-07-01,46901,8027,54928,covid19india,,
Lakshadweep,2021-07-02,47042,8252,55294,covid19india,,
Lakshadweep,2021-07-03,47084,8548,55632,covid19india,,
Lakshadweep,2021-07-04,47084,8590,55674,covid19india,,
Lakshadweep,2021-07-05,47243,8963,56206,covid19india,,
Lakshadweep,2021-07-06,47468,9288,56756,covid19india,,
Lakshadweep,2021-07-07,47562,9763,57325,covid19india,,
Lakshadweep,2021-07-08,47717,10127,57844,covid19india,,
Lakshadweep,2021-07-09,47830,10455,58285,covid19india,,
Lakshadweep,2021-07-10,47936,10670,58606,covid19india,,
Lakshadweep,2021-07-11,47993,10741,58734,covid19india,,
Lakshadweep,2021-07-12,48058,11023,59081,covid19india,,
Lakshadweep,2021-07-13,48558,11504,60062,covid19india,,
Lakshadweep,2021-07-14,48684,11884,60568,covid19india,,
Lakshadweep,2021-07-15,48780,12364,61144,covid19india,,
Lakshadweep,2021-07-16,48893,12744,61637,covid19india,,
Lakshadweep,2021-07-17,48946,13010,61956,covid19india,,
Lakshadweep,2021-07-18,49004,13017,62021,covid19india,,
Lakshadweep,2021-07-19,49064,13282,62346,covid19india,,
Lakshadweep,2021-07-20,49196,13519,62715,covid19india,,
Lakshadweep,2021-07-21,49276,13713,62989,covid19india,,
Lakshadweep,2021-07-22,49304,13789,63093,covid19india,,
Lakshadweep,2021-07-23,49479,14079,63558,covid19india,,
Lakshadweep,2021-07-24,49638,14442,64080,covid19india,,
Lakshadweep,2021-07-25,49661,14455,64116,covid19india,,
Lakshadweep,2021-07-26,49794,14708,64502,covid19india,,
Lakshadweep,2021-07-27,49949,15111,65060,covid19india,,
Lakshadweep,2021-07-28,50017,15401,65418,covid19india,,
Lakshadweep,2021-07-29,50094,15613,65707,covid19india,,
Lakshadweep,2021-07-30,50168,15821,65989,covid19india,,
Lakshadweep,2021-07-31,50400,15984,66384,covid19india,,
Lakshadweep,2021-08-01,50405,16001,66406,covid19india,,
Lakshadweep,2021-08-02,50484,16165,66649,covid19india,,
Lakshadweep,2021-08-03,50511,16256,66767,covid19india,,
Lakshadweep,2021-08-04,50596,16436,67032,covid19india,,
Lakshadweep,2021-08-05,50668,16587,67255,covid19india,,
Lakshadweep,2021-08-06,50772,16719,67491,covid19india,,
Lakshadweep,2021-08-07,50878,16861,67739,covid19india,,
Lakshadweep,2021-08-08,50962,16951,67913,covid19india,,
Lakshadweep,2021-08-09,51165,17170,68335,covid19india,,
Lakshadweep,2021-08-10,51371,17296,68667,covid19india,,
Lakshadweep,2021-08-11,51490,17447,68937,covid19india,,
Lakshadweep,2021-08-12,51543,17549,69092,covid19india,,
Lakshadweep,2021-08-13,51602,17658,69260,covid19india,,
Lakshadweep,2021-08-14,51678,17875,69553,covid19india,,
Lakshadweep,2021-08-15,51679,17892,69571,covid19india,,
Lakshadweep,2021-08-16,51757,18154,69911,covid19india,,
Lakshadweep,2021-08-17,51809,18408,70217,covid19india,,
Lakshadweep,2021-08-18,51869,18757,70626,covid19india,,
Lakshadweep,2021-08-19,51934,18970,70904,covid19india,,
Lakshadweep,2021-08-20,51953,19104,71057,covid19india,,
Lakshadweep,2021-08-21,51970,19198,71168,covid19india,,
Lakshadweep,2021-08-22,52015,19412,71427,covid19india,,
Lakshadweep,2021-08-23,52100,19815,71915,covid19india,,
Lakshadweep,2021-08-24,52151,20210,72361,covid19india,,
Lakshadweep,2021-08-25,52229,20715,72944,covid19india,,
Lakshadweep,2021-08-26,52306,21347,73653,covid19india,,
Lakshadweep,2021-08-27,52370,21939,74309,covid19india,,
Lakshadweep,2021-08-29,52501,23147,75648,covid19india,,
Lakshadweep,2021-08-30,52520,23372,75892,covid19india,,
Lakshadweep,2021-08-31,52599,23814,76413,covid19india,,
Lakshadweep,2021-09-01,52684,24330,77014,covid19india,,
Lakshadweep,2021-09-02,52734,24952,77686,covid19india,,
Lakshadweep,2021-09-03,52834,25575,78409,covid19india,,
Lakshadweep,2021-09-04,52884,25992,78876,covid19india,,
Lakshadweep,2021-09-05,52921,26153,79074,covid19india,,
Lakshadweep,2021-09-06,53029,26928,79957,covid19india,,
Lakshadweep,2021-09-07,53085,27764,80849,covid19india,,
Lakshadweep,2021-09-08,53191,28640,81831,covid19india,,
Lakshadweep,2021-09-09,53317,29583,82900,covid19india,,
Lakshadweep,2021-09-10,53499,30630,84129,covid19india,,
Lakshadweep,2021-09-11,53678,31981,85659,covid19india,,
Lakshadweep,2021-09-12,53750,33149,86899,covid19india,,
Lakshadweep,2021-09-13,53893,33950,87843,covid19india,,
Lakshadweep,2021-09-14,53956,34765,88721,covid19india,,
Lakshadweep,2021-09-15,54019,35414,89433,covid19india,,
Lakshadweep,2021-09-16,54130,36098,90228,covid19india,,
Lakshadweep,2021-09-17,54185,36475,90660,covid19india,,
Lakshadweep,2021-09-18,54310,36956,91266,covid19india,,
Lakshadweep,2021-09-19,54337,37141,91478,covid19india,,
Lakshadweep,2021-09-20,54427,37855,92282,covid19india,,
Lakshadweep,2021-09-21,54481,38410,92891,covid19india,,
Lakshadweep,2021-09-22,54560,38896,93456,covid19india,,
Lakshadweep,2021-09-23,54576,39315,93891,covid19india,,
Lakshadweep,2021-09-24,54593,39540,94133,covid19india,,
Lakshadweep,2021-09-25,54687,40053,94740,covid19india,,
Lakshadweep,2021-09-26,54728,40192,94920,covid19india,,
Lakshadweep,2021-09-27,54767,40881,95648,covid19india,,
Lakshadweep,2021-09-28,54776,41093,95869,covid19india,,
Lakshadweep,2021-09-29,54806,41352,96158,covid19india,,
Lakshadweep,2021-09-30,54818,41585,96403,covid19india,,
Lakshadweep,2021-10-01,54843,41970,96813,covid19india,,
Lakshadweep,2021-10-02,54845,42091,96936,covid19india,,
Lakshadweep,2021-10-03,54846,42262,97108,covid19india,,
Lakshadweep,2021-10-04,54891,42479,97370,covid19india,,
Lakshadweep,2021-10-05,54919,42660,97579,covid19india,,
Lakshadweep,2021-10-06,54929,42925,97854,covid19india,,
Lakshadweep,2021-10-07,54946,43084,98030,covid19india,,
Lakshadweep,2021-10-08,54964,43385,98349,covid19india,,
Lakshadweep,2021-10-09,54977,43603,98580,covid19india,,
Lakshadweep,2021-10-10,54977,43605,98582,covid19india,,
Lakshadweep,2021-10-11,54994,43796,98790,covid19india,,
Madhya Pradesh,2021-01-16,9219,0,9219,covid19india,,
Madhya Pradesh,2021-01-18,18174,0,18174,covid19india,,
Madhya Pradesh,2021-01-19,18174,0,18174,covid19india,,
Madhya Pradesh,2021-01-20,27770,0,27770,covid19india,,
Madhya Pradesh,2021-01-21,38278,0,38278,covid19india,,
Madhya Pradesh,2021-01-22,38278,0,38278,covid19india,,
Madhya Pradesh,2021-01-23,38278,0,38278,covid19india,,
Madhya Pradesh,2021-01-24,38278,0,38278,covid19india,,
Madhya Pradesh,2021-01-25,67083,0,67083,covid19india,,
Madhya Pradesh,2021-01-26,67083,0,67083,covid19india,,
Madhya Pradesh,2021-01-27,131679,0,131679,covid19india,,
Madhya Pradesh,2021-01-28,195187,0,195187,covid19india,,
Madhya Pradesh,2021-01-29,246181,0,246181,covid19india,,
Madhya Pradesh,2021-01-30,298376,0,298376,covid19india,,
Madhya Pradesh,2021-01-31,298376,0,298376,covid19india,,
Madhya Pradesh,2021-02-01,298376,0,298376,covid19india,,
Madhya Pradesh,2021-02-02,298376,0,298376,covid19india,,
Madhya Pradesh,2021-02-03,330722,0,330722,covid19india,,
Madhya Pradesh,2021-02-04,339386,0,339386,covid19india,,
Madhya Pradesh,2021-02-05,340625,0,340625,covid19india,,
Madhya Pradesh,2021-02-06,342016,0,342016,covid19india,,
Madhya Pradesh,2021-02-07,342016,0,342016,covid19india,,
Madhya Pradesh,2021-02-08,379251,0,379251,covid19india,,
Madhya Pradesh,2021-02-09,380285,0,380285,covid19india,,
Madhya Pradesh,2021-02-10,431702,0,431702,covid19india,,
Madhya Pradesh,2021-02-11,487271,0,487271,covid19india,,
Madhya Pradesh,2021-02-12,526095,0,526095,covid19india,,
Madhya Pradesh,2021-02-13,557105,0,557105,covid19india,,
Madhya Pradesh,2021-02-14,557105,0,557105,covid19india,,
Madhya Pradesh,2021-02-15,575728,0,575728,covid19india,,
Madhya Pradesh,2021-02-16,576610,0,576610,covid19india,,
Madhya Pradesh,2021-02-17,597537,0,597537,covid19india,,
Madhya Pradesh,2021-02-18,611640,0,611640,covid19india,,
Madhya Pradesh,2021-02-19,626391,0,626391,covid19india,,
Madhya Pradesh,2021-02-20,640805,3778,644583,covid19india,,
Madhya Pradesh,2021-02-21,640805,3778,644583,covid19india,,
Madhya Pradesh,2021-02-22,643277,32124,675401,covid19india,,
Madhya Pradesh,2021-02-23,644431,32529,676960,covid19india,,
Madhya Pradesh,2021-02-24,646766,77584,724350,covid19india,,
Madhya Pradesh,2021-02-25,649377,131088,780465,covid19india,,
Madhya Pradesh,2021-02-26,650684,160632,811316,covid19india,,
Madhya Pradesh,2021-02-27,650684,160632,811316,covid19india,,
Madhya Pradesh,2021-02-28,650684,160632,811316,covid19india,,
Madhya Pradesh,2021-03-01,671302,183795,855097,covid19india,,
Madhya Pradesh,2021-03-02,671302,183795,855097,covid19india,,
Madhya Pradesh,2021-03-03,721751,204455,926206,covid19india,,
Madhya Pradesh,2021-03-04,778691,220200,998891,covid19india,,
Madhya Pradesh,2021-03-05,788184,221423,1009607,covid19india,,
Madhya Pradesh,2021-03-06,858101,234666,1092767,covid19india,,
Madhya Pradesh,2021-03-07,858101,234666,1092767,covid19india,,
Madhya Pradesh,2021-03-08,927953,248379,1176332,covid19india,,
Madhya Pradesh,2021-03-09,933934,248697,1182631,covid19india,,
Madhya Pradesh,2021-03-10,1012791,275183,1287974,covid19india,,
Madhya Pradesh,2021-03-11,1012791,275183,1287974,covid19india,,
Madhya Pradesh,2021-03-12,1016958,277856,1294814,covid19india,,
Madhya Pradesh,2021-03-13,1138321,327284,1465605,covid19india,,
Madhya Pradesh,2021-03-14,1138321,327284,1465605,covid19india,,
Madhya Pradesh,2021-03-15,1285799,370068,1655867,covid19india,,
Madhya Pradesh,2021-03-16,1292780,371081,1663861,covid19india,,
Madhya Pradesh,2021-03-17,1461627,404511,1866138,covid19india,,
Madhya Pradesh,2021-03-18,1461627,404511,1866138,covid19india,,
Madhya Pradesh,2021-03-19,1465679,405077,1870756,covid19india,,
Madhya Pradesh,2021-03-20,1797532,430724,2228256,covid19india,,
Madhya Pradesh,2021-03-21,1797532,430724,2228256,covid19india,,
Madhya Pradesh,2021-03-22,2194960,467674,2662634,covid19india,,
Madhya Pradesh,2021-03-23,2198228,467836,2666064,covid19india,,
Madhya Pradesh,2021-03-24,2453554,478784,2932338,covid19india,,
Madhya Pradesh,2021-03-25,2590041,484883,3074924,covid19india,,
Madhya Pradesh,2021-03-26,2593674,484999,3078673,covid19india,,
Madhya Pradesh,2021-03-27,2699003,489494,3188497,covid19india,,
Madhya Pradesh,2021-03-28,2699003,489494,3188497,covid19india,,
Madhya Pradesh,2021-03-29,2699003,489494,3188497,covid19india,,
Madhya Pradesh,2021-03-30,2702019,489773,3191792,covid19india,,
Madhya Pradesh,2021-03-31,2855859,500807,3356666,covid19india,,
Madhya Pradesh,2021-04-01,3220877,515109,3735986,covid19india,,
Madhya Pradesh,2021-04-02,3377402,525938,3903340,covid19india,,
Madhya Pradesh,2021-04-03,3549851,533820,4083671,covid19india,,
Madhya Pradesh,2021-04-04,3688501,538769,4227270,covid19india,,
Madhya Pradesh,2021-04-05,3915779,547709,4463488,covid19india,,
Madhya Pradesh,2021-04-06,4112933,558136,4671069,covid19india,,
Madhya Pradesh,2021-04-07,4402970,570428,4973398,covid19india,,
Madhya Pradesh,2021-04-08,4651144,583500,5234644,covid19india,,
Madhya Pradesh,2021-04-09,4770449,591710,5362159,covid19india,,
Madhya Pradesh,2021-04-10,4866689,598432,5465121,covid19india,,
Madhya Pradesh,2021-04-11,5224167,615064,5839231,covid19india,,
Madhya Pradesh,2021-04-12,5605688,641420,6247108,covid19india,,
Madhya Pradesh,2021-04-13,5903109,658277,6561386,covid19india,,
Madhya Pradesh,2021-04-14,6205422,684723,6890145,covid19india,,
Madhya Pradesh,2021-04-15,6350073,708665,7058738,covid19india,,
Madhya Pradesh,2021-04-16,6392966,722771,7115737,covid19india,,
Madhya Pradesh,2021-04-17,6548033,757281,7305314,covid19india,,
Madhya Pradesh,2021-04-18,6566455,763446,7329901,covid19india,,
Madhya Pradesh,2021-04-19,6701986,805465,7507451,covid19india,,
Madhya Pradesh,2021-04-20,6725635,817314,7542949,covid19india,,
Madhya Pradesh,2021-04-21,6737936,828447,7566383,covid19india,,
Madhya Pradesh,2021-04-22,6851566,886903,7738469,covid19india,,
Madhya Pradesh,2021-04-23,6871944,902404,7774348,covid19india,,
Madhya Pradesh,2021-04-24,6942969,952623,7895592,covid19india,,
Madhya Pradesh,2021-04-25,6949737,958928,7908665,covid19india,,
Madhya Pradesh,2021-04-26,6988485,1003232,7991717,covid19india,,
Madhya Pradesh,2021-04-27,6996437,1013987,8010424,covid19india,,
Madhya Pradesh,2021-04-28,7020092,1051656,8071748,covid19india,,
Madhya Pradesh,2021-04-29,7022410,1054584,8076994,covid19india,,
Madhya Pradesh,2021-04-30,7023032,1056496,8079528,covid19india,,
Madhya Pradesh,2021-05-01,7046736,1105065,8151801,covid19india,,
Madhya Pradesh,2021-05-02,7045957,1108964,8154921,covid19india,,
Madhya Pradesh,2021-05-03,7060213,1162769,8222982,covid19india,,
Madhya Pradesh,2021-05-04,7064866,1177868,8242734,covid19india,,
Madhya Pradesh,2021-05-05,7087932,1269485,8357417,covid19india,,
Madhya Pradesh,2021-05-06,7118526,1343950,8462476,covid19india,,
Madhya Pradesh,2021-05-07,7123166,1356097,8479263,covid19india,,
Madhya Pradesh,2021-05-08,7163413,1431775,8595188,covid19india,,
Madhya Pradesh,2021-05-09,7164043,1432900,8596943,covid19india,,
Madhya Pradesh,2021-05-10,7201837,1512397,8714234,covid19india,,
Madhya Pradesh,2021-05-11,7205722,1526316,8732038,covid19india,,
Madhya Pradesh,2021-05-12,7273080,1585930,8859010,covid19india,,
Madhya Pradesh,2021-05-13,7333275,1629753,8963028,covid19india,,
Madhya Pradesh,2021-05-14,7333762,1631210,8964972,covid19india,,
Madhya Pradesh,2021-05-15,7394717,1688118,9082835,covid19india,,
Madhya Pradesh,2021-05-16,7394957,1688763,9083720,covid19india,,
Madhya Pradesh,2021-05-17,7465455,1708577,9174032,covid19india,,
Madhya Pradesh,2021-05-18,7468995,1711025,9180020,covid19india,,
Madhya Pradesh,2021-05-19,7594466,1724085,9318551,covid19india,,
Madhya Pradesh,2021-05-20,7798297,1735218,9533515,covid19india,,
Madhya Pradesh,2021-05-21,7888178,1742920,9631098,covid19india,,
Madhya Pradesh,2021-05-22,8023061,1752756,9775817,covid19india,,
Madhya Pradesh,2021-05-23,8196353,1754446,9950799,covid19india,,
Madhya Pradesh,2021-05-24,8406437,1762138,10168575,covid19india,,
Madhya Pradesh,2021-05-25,8412107,1763113,10175220,covid19india,,
Madhya Pradesh,2021-05-26,8414188,1763210,10177398,covid19india,,
Madhya Pradesh,2021-05-27,8635394,1771760,10407154,covid19india,,
Madhya Pradesh,2021-05-28,8852109,1777662,10629771,covid19india,,
Madhya Pradesh,2021-05-29,9095772,1784230,10880002,covid19india,,
Madhya Pradesh,2021-05-30,9112557,1784434,10896991,covid19india,,
Madhya Pradesh,2021-05-31,9375056,1792248,11167304,covid19india,,
Madhya Pradesh,2021-06-01,9391831,1793545,11185376,covid19india,,
Madhya Pradesh,2021-06-02,9675450,1801330,11476780,covid19india,,
Madhya Pradesh,2021-06-03,10038819,1812241,11851060,covid19india,,
Madhya Pradesh,2021-06-04,10395417,1818238,12213655,covid19india,,
Madhya Pradesh,2021-06-05,10791179,1832494,12623673,covid19india,,
Madhya Pradesh,2021-06-06,10917343,1835020,12752363,covid19india,,
Madhya Pradesh,2021-06-07,11290689,1851749,13142438,covid19india,,
Madhya Pradesh,2021-06-08,11351568,1855233,13206801,covid19india,,
Madhya Pradesh,2021-06-09,11703033,1875515,13578548,covid19india,,
Madhya Pradesh,2021-06-10,11869735,1891192,13760927,covid19india,,
Madhya Pradesh,2021-06-11,11890392,1897094,13787486,covid19india,,
Madhya Pradesh,2021-06-12,11944203,1941120,13885323,covid19india,,
Madhya Pradesh,2021-06-13,11979616,1950285,13929901,covid19india,,
Madhya Pradesh,2021-06-14,12441146,1990371,14431517,covid19india,,
Madhya Pradesh,2021-06-15,12484938,1996686,14481624,covid19india,,
Madhya Pradesh,2021-06-16,12797703,2024222,14821925,covid19india,,
Madhya Pradesh,2021-06-17,12912794,2039988,14952782,covid19india,,
Madhya Pradesh,2021-06-18,12928437,2043101,14971538,covid19india,,
Madhya Pradesh,2021-06-19,12956680,2053412,15010092,covid19india,,
Madhya Pradesh,2021-06-20,12958379,2053576,15011955,covid19india,,
Madhya Pradesh,2021-06-21,14571531,2136505,16708036,covid19india,,
Madhya Pradesh,2021-06-22,14620927,2139537,16760464,covid19india,,
Madhya Pradesh,2021-06-23,15733116,2198101,17931217,covid19india,,
Madhya Pradesh,2021-06-24,16452929,2250841,18703770,covid19india,,
Madhya Pradesh,2021-06-25,16543406,2257638,18801044,covid19india,,
Madhya Pradesh,2021-06-26,17446567,2356827,19803394,covid19india,,
Madhya Pradesh,2021-06-27,17466939,2359925,19826864,covid19india,,
Madhya Pradesh,2021-06-28,17899027,2392384,20291411,covid19india,,
Madhya Pradesh,2021-06-29,17909367,2393985,20303352,covid19india,,
Madhya Pradesh,2021-06-30,17917804,2396391,20314195,covid19india,,
Madhya Pradesh,2021-07-01,18762997,2545187,21308184,covid19india,,
Madhya Pradesh,2021-07-02,18778359,2548587,21326946,covid19india,,
Madhya Pradesh,2021-07-03,18782554,2812686,21595240,covid19india,,
Madhya Pradesh,2021-07-04,18783421,2819017,21602438,covid19india,,
Madhya Pradesh,2021-07-05,18788825,3227671,22016496,covid19india,,
Madhya Pradesh,2021-07-06,18792035,3236461,22028496,covid19india,,
Madhya Pradesh,2021-07-07,18988628,3498980,22487608,covid19india,,
Madhya Pradesh,2021-07-08,19543269,3669210,23212479,covid19india,,
Madhya Pradesh,2021-07-09,19555645,3673641,23229286,covid19india,,
Madhya Pradesh,2021-07-10,20130896,3789171,23920067,covid19india,,
Madhya Pradesh,2021-07-11,20143924,3791057,23934981,covid19india,,
Madhya Pradesh,2021-07-12,20157526,3815988,23973514,covid19india,,
Madhya Pradesh,2021-07-13,20345753,3818260,24164013,covid19india,,
Madhya Pradesh,2021-07-14,20654535,3913569,24568104,covid19india,,
Madhya Pradesh,2021-07-15,21030105,3986864,25016969,covid19india,,
Madhya Pradesh,2021-07-16,21039211,3988845,25028056,covid19india,,
Madhya Pradesh,2021-07-17,21169505,4014121,25183626,covid19india,,
Madhya Pradesh,2021-07-18,21176794,4015364,25192158,covid19india,,
Madhya Pradesh,2021-07-19,21552669,4127473,25680142,covid19india,,
Madhya Pradesh,2021-07-20,21562031,4130311,25692342,covid19india,,
Madhya Pradesh,2021-07-21,21563261,4132215,25695476,covid19india,,
Madhya Pradesh,2021-07-22,22439266,4360640,26799906,covid19india,,
Madhya Pradesh,2021-07-23,22489601,4369689,26859290,covid19india,,
Madhya Pradesh,2021-07-24,23291062,4548830,27839892,covid19india,,
Madhya Pradesh,2021-07-25,23316207,4552158,27868365,covid19india,,
Madhya Pradesh,2021-07-26,24281947,4731400,29013347,covid19india,,
Madhya Pradesh,2021-07-27,24331468,4741027,29072495,covid19india,,
Madhya Pradesh,2021-07-28,25242258,4908290,30150548,covid19india,,
Madhya Pradesh,2021-07-29,25909051,5001877,30910928,covid19india,,
Madhya Pradesh,2021-07-30,25960423,5010997,30971420,covid19india,,
Madhya Pradesh,2021-07-31,27007725,5172668,32180393,covid19india,,
Madhya Pradesh,2021-08-01,27053585,5175306,32228891,covid19india,,
Madhya Pradesh,2021-08-02,27784785,5292287,33077072,covid19india,,
Madhya Pradesh,2021-08-03,27866771,5303395,33170166,covid19india,,
Madhya Pradesh,2021-08-04,28300633,5400063,33700696,covid19india,,
Madhya Pradesh,2021-08-05,28655862,5509960,34165822,covid19india,,
Madhya Pradesh,2021-08-06,28719654,5519239,34238893,covid19india,,
Madhya Pradesh,2021-08-07,29224226,5642793,34867019,covid19india,,
Madhya Pradesh,2021-08-08,29251677,5649657,34901334,covid19india,,
Madhya Pradesh,2021-08-09,29752302,5736096,35488398,covid19india,,
Madhya Pradesh,2021-08-10,29817764,5750317,35568081,covid19india,,
Madhya Pradesh,2021-08-11,30339175,5830471,36169646,covid19india,,
Madhya Pradesh,2021-08-12,30853541,5921981,36775522,covid19india,,
Madhya Pradesh,2021-08-13,30929322,5937669,36866991,covid19india,,
Madhya Pradesh,2021-08-14,31671595,6094211,37765806,covid19india,,
Madhya Pradesh,2021-08-15,31706217,6099643,37805860,covid19india,,
Madhya Pradesh,2021-08-16,32204213,6228434,38432647,covid19india,,
Madhya Pradesh,2021-08-17,32259428,6244012,38503440,covid19india,,
Madhya Pradesh,2021-08-18,32773503,6370150,39143653,covid19india,,
Madhya Pradesh,2021-08-19,33176008,6467138,39643146,covid19india,,
Madhya Pradesh,2021-08-20,33201741,6486540,39688281,covid19india,,
Madhya Pradesh,2021-08-21,33553099,6583349,40136448,covid19india,,
Madhya Pradesh,2021-08-22,33570004,6585575,40155579,covid19india,,
Madhya Pradesh,2021-08-23,33592729,6601502,40194231,covid19india,,
Madhya Pradesh,2021-08-24,33599779,6605296,40205075,covid19india,,
Madhya Pradesh,2021-08-25,35489380,7148583,42637963,covid19india,,
Madhya Pradesh,2021-08-26,36860575,7641196,44501771,covid19india,,
Madhya Pradesh,2021-08-27,36935919,7668669,44604588,covid19india,,
Madhya Pradesh,2021-08-29,37583351,7944624,45527975,covid19india,,
Madhya Pradesh,2021-08-30,37597750,7963043,45560793,covid19india,,
Madhya Pradesh,2021-08-31,38295478,8231890,46527368,covid19india,,
Madhya Pradesh,2021-09-01,38843395,8433073,47276468,covid19india,,
Madhya Pradesh,2021-09-02,39220217,8609212,47829429,covid19india,,
Madhya Pradesh,2021-09-03,39331031,8670661,48001692,covid19india,,
Madhya Pradesh,2021-09-04,39631693,8840018,48471711,covid19india,,
Madhya Pradesh,2021-09-05,39739421,8892629,48632050,covid19india,,
Madhya Pradesh,2021-09-06,40152852,9090566,49243418,covid19india,,
Madhya Pradesh,2021-09-07,40343309,9176931,49520240,covid19india,,
Madhya Pradesh,2021-09-08,40761568,9398499,50160067,covid19india,,
Madhya Pradesh,2021-09-09,41083747,9536587,50620334,covid19india,,
Madhya Pradesh,2021-09-10,41306209,9613902,50920111,covid19india,,
Madhya Pradesh,2021-09-11,41676134,9767301,51443435,covid19india,,
Madhya Pradesh,2021-09-12,41827440,9824482,51651922,covid19india,,
Madhya Pradesh,2021-09-13,42043803,9943682,51987485,covid19india,,
Madhya Pradesh,2021-09-14,42165735,10015255,52180990,covid19india,,
Madhya Pradesh,2021-09-15,42636953,10323626,52960579,covid19india,,
Madhya Pradesh,2021-09-16,43028615,10625073,53653688,covid19india,,
Madhya Pradesh,2021-09-17,44590632,11904879,56495511,covid19india,,
Madhya Pradesh,2021-09-18,44961857,12295930,57257787,covid19india,,
Madhya Pradesh,2021-09-19,45129801,12421275,57551076,covid19india,,
Madhya Pradesh,2021-09-20,45462416,12778098,58240514,covid19india,,
Madhya Pradesh,2021-09-21,45741066,12972123,58713189,covid19india,,
Madhya Pradesh,2021-09-22,45985252,13188327,59173579,covid19india,,
Madhya Pradesh,2021-09-23,46362905,13518826,59881731,covid19india,,
Madhya Pradesh,2021-09-24,46615736,13673906,60289642,covid19india,,
Madhya Pradesh,2021-09-25,46901620,13946321,60847941,covid19india,,
Madhya Pradesh,2021-09-26,47084580,14037105,61121685,covid19india,,
Madhya Pradesh,2021-09-27,47728554,14656081,62384635,covid19india,,
Madhya Pradesh,2021-09-28,47890680,14749585,62640265,covid19india,,
Madhya Pradesh,2021-09-29,48095796,14925458,63021254,covid19india,,
Madhya Pradesh,2021-09-30,48428086,15188410,63616496,covid19india,,
Madhya Pradesh,2021-10-01,48533770,15274776,63808546,covid19india,,
Madhya Pradesh,2021-10-02,48601955,15326752,63928707,covid19india,,
Madhya Pradesh,2021-10-03,48623289,15352444,63975733,covid19india,,
Madhya Pradesh,2021-10-04,48732692,15585063,64317755,covid19india,,
Madhya Pradesh,2021-10-05,48775167,15664772,64439939,covid19india,,
Madhya Pradesh,2021-10-06,48821499,15789581,64611080,covid19india,,
Madhya Pradesh,2021-10-07,48876614,15954353,64830967,covid19india,,
Madhya Pradesh,2021-10-08,48925451,16046466,64971917,covid19india,,
Madhya Pradesh,2021-10-09,48982313,16236709,65219022,covid19india,,
Madhya Pradesh,2021-10-10,48988310,16258680,65246990,covid19india,,
Madhya Pradesh,2021-10-11,49022411,16445650,65468061,covid19india,,
Maharashtra,2021-01-16,18328,0,18328,covid19india,,
Maharashtra,2021-01-18,18582,0,18582,covid19india,,
Maharashtra,2021-01-19,30247,0,30247,covid19india,,
Maharashtra,2021-01-20,52055,0,52055,covid19india,,
Maharashtra,2021-01-21,52393,0,52393,covid19india,,
Maharashtra,2021-01-22,74960,0,74960,covid19india,,
Maharashtra,2021-01-23,99885,0,99885,covid19india,,
Maharashtra,2021-01-24,99885,0,99885,covid19india,,
Maharashtra,2021-01-25,136901,0,136901,covid19india,,
Maharashtra,2021-01-26,136901,0,136901,covid19india,,
Maharashtra,2021-01-27,179509,0,179509,covid19india,,
Maharashtra,2021-01-28,220587,0,220587,covid19india,,
Maharashtra,2021-01-29,261320,0,261320,covid19india,,
Maharashtra,2021-01-30,269064,0,269064,covid19india,,
Maharashtra,2021-01-31,269064,0,269064,covid19india,,
Maharashtra,2021-02-01,310825,0,310825,covid19india,,
Maharashtra,2021-02-02,318744,0,318744,covid19india,,
Maharashtra,2021-02-03,354633,0,354633,covid19india,,
Maharashtra,2021-02-04,389577,0,389577,covid19india,,
Maharashtra,2021-02-05,434943,0,434943,covid19india,,
Maharashtra,2021-02-06,473480,0,473480,covid19india,,
Maharashtra,2021-02-07,473480,0,473480,covid19india,,
Maharashtra,2021-02-08,512476,0,512476,covid19india,,
Maharashtra,2021-02-09,536436,0,536436,covid19india,,
Maharashtra,2021-02-10,573681,0,573681,covid19india,,
Maharashtra,2021-02-11,608573,0,608573,covid19india,,
Maharashtra,2021-02-12,649660,0,649660,covid19india,,
Maharashtra,2021-02-13,682420,189,682609,covid19india,,
Maharashtra,2021-02-14,682744,189,682933,covid19india,,
Maharashtra,2021-02-15,708276,4857,713133,covid19india,,
Maharashtra,2021-02-16,731537,9294,740831,covid19india,,
Maharashtra,2021-02-17,764965,16835,781800,covid19india,,
Maharashtra,2021-02-18,814682,24884,839566,covid19india,,
Maharashtra,2021-02-19,831921,28465,860386,covid19india,,
Maharashtra,2021-02-20,875752,46976,922728,covid19india,,
Maharashtra,2021-02-21,878829,47637,926466,covid19india,,
Maharashtra,2021-02-22,916977,68978,985955,covid19india,,
Maharashtra,2021-02-23,948539,80824,1029363,covid19india,,
Maharashtra,2021-02-24,981359,105752,1087111,covid19india,,
Maharashtra,2021-02-25,1010322,131968,1142290,covid19india,,
Maharashtra,2021-02-26,1041947,160233,1202180,covid19india,,
Maharashtra,2021-02-27,1041947,160233,1202180,covid19india,,
Maharashtra,2021-02-28,1041947,160233,1202180,covid19india,,
Maharashtra,2021-03-01,1063187,173817,1237004,covid19india,,
Maharashtra,2021-03-02,1100898,184183,1285081,covid19india,,
Maharashtra,2021-03-03,1168251,200658,1368909,covid19india,,
Maharashtra,2021-03-04,1254197,217253,1471450,covid19india,,
Maharashtra,2021-03-05,1359974,237484,1597458,covid19india,,
Maharashtra,2021-03-06,1482838,261582,1744420,covid19india,,
Maharashtra,2021-03-07,1484440,261625,1746065,covid19india,,
Maharashtra,2021-03-08,1654605,285764,1940369,covid19india,,
Maharashtra,2021-03-09,1783789,305357,2089146,covid19india,,
Maharashtra,2021-03-10,1981629,336067,2317696,covid19india,,
Maharashtra,2021-03-11,2053729,344672,2398401,covid19india,,
Maharashtra,2021-03-12,2275285,378072,2653357,covid19india,,
Maharashtra,2021-03-13,2385928,397395,2783323,covid19india,,
Maharashtra,2021-03-14,2427213,404937,2832150,covid19india,,
Maharashtra,2021-03-15,2658293,438754,3097047,covid19india,,
Maharashtra,2021-03-16,2862885,466502,3329387,covid19india,,
Maharashtra,2021-03-17,3105169,498255,3603424,covid19india,,
Maharashtra,2021-03-18,3280955,523187,3804142,covid19india,,
Maharashtra,2021-03-19,3501550,558783,4060333,covid19india,,
Maharashtra,2021-03-20,3670363,595149,4265512,covid19india,,
Maharashtra,2021-03-21,3682577,595905,4278482,covid19india,,
Maharashtra,2021-03-22,3924766,630070,4554836,covid19india,,
Maharashtra,2021-03-23,4093349,650488,4743837,covid19india,,
Maharashtra,2021-03-24,4342646,672128,5014774,covid19india,,
Maharashtra,2021-03-25,4541032,687865,5228897,covid19india,,
Maharashtra,2021-03-26,4786833,707926,5494759,covid19india,,
Maharashtra,2021-03-27,5004331,721705,5726036,covid19india,,
Maharashtra,2021-03-28,5023688,722914,5746602,covid19india,,
Maharashtra,2021-03-29,5057844,724821,5782665,covid19india,,
Maharashtra,2021-03-30,5255093,738033,5993126,covid19india,,
Maharashtra,2021-03-31,5454614,754723,6209337,covid19india,,
Maharashtra,2021-04-01,5749202,770774,6519976,covid19india,,
Maharashtra,2021-04-02,6247362,780138,7027500,covid19india,,
Maharashtra,2021-04-03,6559094,795150,7354244,covid19india,,
Maharashtra,2021-04-04,6879975,806946,7686921,covid19india,,
Maharashtra,2021-04-05,7298206,829042,8127248,covid19india,,
Maharashtra,2021-04-06,7708299,851018,8559317,covid19india,,
Maharashtra,2021-04-07,8075190,874370,8949560,covid19india,,
Maharashtra,2021-04-08,8435010,903521,9338531,covid19india,,
Maharashtra,2021-04-09,8702534,930190,9632724,covid19india,,
Maharashtra,2021-04-10,8970148,953386,9923534,covid19india,,
Maharashtra,2021-04-11,9220610,971743,10192353,covid19india,,
Maharashtra,2021-04-12,9520725,1008651,10529376,covid19india,,
Maharashtra,2021-04-13,9718039,1035908,10753947,covid19india,,
Maharashtra,2021-04-14,10039359,1086075,11125434,covid19india,,
Maharashtra,2021-04-15,10357897,1154831,11512728,covid19india,,
Maharashtra,2021-04-16,10659857,1227002,11886859,covid19india,,
Maharashtra,2021-04-17,10850268,1289185,12139453,covid19india,,
Maharashtra,2021-04-18,10959587,1314386,12273973,covid19india,,
Maharashtra,2021-04-19,11240723,1409543,12650266,covid19india,,
Maharashtra,2021-04-20,11447503,1497497,12945000,covid19india,,
Maharashtra,2021-04-21,11692299,1587671,13279970,covid19india,,
Maharashtra,2021-04-22,11967170,1707979,13675149,covid19india,,
Maharashtra,2021-04-23,12184898,1815094,13999992,covid19india,,
Maharashtra,2021-04-24,12327006,1903207,14230213,covid19india,,
Maharashtra,2021-04-25,12404727,1937989,14342716,covid19india,,
Maharashtra,2021-04-26,12768755,2137788,14906543,covid19india,,
Maharashtra,2021-04-27,13031376,2290991,15322367,covid19india,,
Maharashtra,2021-04-28,13184829,2393333,15578162,covid19india,,
Maharashtra,2021-04-29,13360594,2510559,15871153,covid19india,,
Maharashtra,2021-04-30,13562148,2622675,16184823,covid19india,,
Maharashtra,2021-05-01,13662818,2659518,16322336,covid19india,,
Maharashtra,2021-05-02,13677535,2665223,16342758,covid19india,,
Maharashtra,2021-05-03,13736214,2685938,16422152,covid19india,,
Maharashtra,2021-05-04,13792116,2728757,16520873,covid19india,,
Maharashtra,2021-05-05,13915088,2866631,16781719,covid19india,,
Maharashtra,2021-05-06,14162312,3081145,17243457,covid19india,,
Maharashtra,2021-05-07,14383450,3234269,17617719,covid19india,,
Maharashtra,2021-05-08,14542681,3316183,17858864,covid19india,,
Maharashtra,2021-05-09,14622137,3348054,17970191,covid19india,,
Maharashtra,2021-05-10,14776548,3487664,18264212,covid19india,,
Maharashtra,2021-05-11,15004133,3644405,18648538,covid19india,,
Maharashtra,2021-05-12,15154480,3811996,18966476,covid19india,,
Maharashtra,2021-05-13,15287399,4025544,19312943,covid19india,,
Maharashtra,2021-05-14,15344900,4124773,19469673,covid19india,,
Maharashtra,2021-05-15,15465331,4198732,19664063,covid19india,,
Maharashtra,2021-05-16,15512475,4220839,19733314,covid19india,,
Maharashtra,2021-05-17,15584197,4249319,19833516,covid19india,,
Maharashtra,2021-05-18,15669832,4269980,19939812,covid19india,,
Maharashtra,2021-05-19,15743864,4297784,20041648,covid19india,,
Maharashtra,2021-05-20,16123408,4341785,20465193,covid19india,,
Maharashtra,2021-05-21,16222952,4364605,20587557,covid19india,,
Maharashtra,2021-05-22,16324914,4385997,20710911,covid19india,,
Maharashtra,2021-05-23,16370365,4389828,20760193,covid19india,,
Maharashtra,2021-05-24,16607417,4406325,21013742,covid19india,,
Maharashtra,2021-05-25,16791838,4420595,21212433,covid19india,,
Maharashtra,2021-05-26,16920616,4431707,21352323,covid19india,,
Maharashtra,2021-05-27,17181179,4458657,21639836,covid19india,,
Maharashtra,2021-05-28,17426603,4487246,21913849,covid19india,,
Maharashtra,2021-05-29,17699104,4521400,22220504,covid19india,,
Maharashtra,2021-05-30,17774757,4532241,22306998,covid19india,,
Maharashtra,2021-05-31,18005790,4569691,22575481,covid19india,,
Maharashtra,2021-06-01,18216503,4616240,22832743,covid19india,,
Maharashtra,2021-06-02,18400557,4651517,23052074,covid19india,,
Maharashtra,2021-06-03,18612983,4679276,23292259,covid19india,,
Maharashtra,2021-06-04,18940778,4727545,23668323,covid19india,,
Maharashtra,2021-06-05,19251016,4771315,24022331,covid19india,,
Maharashtra,2021-06-06,19331541,4784458,24115999,covid19india,,
Maharashtra,2021-06-07,19559193,4852055,24411248,covid19india,,
Maharashtra,2021-06-08,19748461,4932788,24681249,covid19india,,
Maharashtra,2021-06-09,20007070,5008476,25015546,covid19india,,
Maharashtra,2021-06-10,20199896,5066556,25266452,covid19india,,
Maharashtra,2021-06-11,20404510,5116063,25520573,covid19india,,
Maharashtra,2021-06-12,20646972,5170756,25817728,covid19india,,
Maharashtra,2021-06-13,20727966,5181057,25909023,covid19india,,
Maharashtra,2021-06-14,20995275,5233018,26228293,covid19india,,
Maharashtra,2021-06-15,21198464,5281293,26479757,covid19india,,
Maharashtra,2021-06-16,21391791,5328026,26719817,covid19india,,
Maharashtra,2021-06-17,21551329,5372219,26923548,covid19india,,
Maharashtra,2021-06-18,21737241,5412382,27149623,covid19india,,
Maharashtra,2021-06-19,22099860,5476317,27576177,covid19india,,
Maharashtra,2021-06-20,22216217,5483182,27699399,covid19india,,
Maharashtra,2021-06-21,22548801,5534119,28082920,covid19india,,
Maharashtra,2021-06-22,23036805,5608738,28645543,covid19india,,
Maharashtra,2021-06-23,23620724,5671918,29292642,covid19india,,
Maharashtra,2021-06-24,23993590,5730047,29723637,covid19india,,
Maharashtra,2021-06-25,24457024,5827552,30284576,covid19india,,
Maharashtra,2021-06-26,25047327,5985707,31033034,covid19india,,
Maharashtra,2021-06-27,25145226,6014297,31159523,covid19india,,
Maharashtra,2021-06-28,25598933,6183394,31782327,covid19india,,
Maharashtra,2021-06-29,25884142,6294973,32179115,covid19india,,
Maharashtra,2021-06-30,26067919,6371846,32439765,covid19india,,
Maharashtra,2021-07-01,26252955,6468296,32721251,covid19india,,
Maharashtra,2021-07-02,26512936,6597723,33110659,covid19india,,
Maharashtra,2021-07-03,27074275,6856957,33931232,covid19india,,
Maharashtra,2021-07-04,27181412,6894863,34076275,covid19india,,
Maharashtra,2021-07-05,27418684,6986438,34405122,covid19india,,
Maharashtra,2021-07-06,27660383,7142815,34803198,covid19india,,
Maharashtra,2021-07-07,28046874,7398150,35445024,covid19india,,
Maharashtra,2021-07-08,28250377,7522771,35773148,covid19india,,
Maharashtra,2021-07-09,28386834,7588525,35975359,covid19india,,
Maharashtra,2021-07-10,28600474,7744107,36344581,covid19india,,
Maharashtra,2021-07-11,28703564,7822426,36525990,covid19india,,
Maharashtra,2021-07-12,28982589,8042207,37024796,covid19india,,
Maharashtra,2021-07-13,29348230,8168543,37516773,covid19india,,
Maharashtra,2021-07-14,29557739,8366620,37924359,covid19india,,
Maharashtra,2021-07-15,29723378,8544945,38268323,covid19india,,
Maharashtra,2021-07-16,30053656,8841609,38895265,covid19india,,
Maharashtra,2021-07-17,30339937,9042920,39382857,covid19india,,
Maharashtra,2021-07-18,30417049,9096030,39513079,covid19india,,
Maharashtra,2021-07-19,30636740,9275340,39912080,covid19india,,
Maharashtra,2021-07-20,30752113,9356191,40108304,covid19india,,
Maharashtra,2021-07-21,30819381,9398141,40217522,covid19india,,
Maharashtra,2021-07-22,30922439,9499007,40421446,covid19india,,
Maharashtra,2021-07-23,31160321,9695962,40856283,covid19india,,
Maharashtra,2021-07-24,31356929,9844097,41201026,covid19india,,
Maharashtra,2021-07-25,31424960,9894145,41319105,covid19india,,
Maharashtra,2021-07-26,31669069,10100624,41769693,covid19india,,
Maharashtra,2021-07-27,31989665,10362802,42352467,covid19india,,
Maharashtra,2021-07-28,32189237,10518075,42707312,covid19india,,
Maharashtra,2021-07-29,32394275,10688664,43082939,covid19india,,
Maharashtra,2021-07-30,32793470,10971677,43765147,covid19india,,
Maharashtra,2021-07-31,33381464,11201257,44582721,covid19india,,
Maharashtra,2021-08-01,33440863,11231791,44672654,covid19india,,
Maharashtra,2021-08-02,33651161,11354508,45005669,covid19india,,
Maharashtra,2021-08-03,33796696,11449384,45246080,covid19india,,
Maharashtra,2021-08-04,33939611,11535313,45474924,covid19india,,
Maharashtra,2021-08-05,34255431,11740060,45995491,covid19india,,
Maharashtra,2021-08-06,34530719,11846167,46376886,covid19india,,
Maharashtra,2021-08-07,34739849,11947723,46687572,covid19india,,
Maharashtra,2021-08-08,34789942,11968889,46758831,covid19india,,
Maharashtra,2021-08-09,35044144,12114068,47158212,covid19india,,
Maharashtra,2021-08-10,35261712,12239857,47501569,covid19india,,
Maharashtra,2021-08-11,35421888,12326358,47748246,covid19india,,
Maharashtra,2021-08-12,35554925,12383314,47938239,covid19india,,
Maharashtra,2021-08-13,35755010,12472836,48227846,covid19india,,
Maharashtra,2021-08-14,36384800,12814601,49199401,covid19india,,
Maharashtra,2021-08-15,36542647,12875413,49418060,covid19india,,
Maharashtra,2021-08-16,36979429,13076064,50055493,covid19india,,
Maharashtra,2021-08-17,37444743,13307700,50752443,covid19india,,
Maharashtra,2021-08-18,37801328,13465810,51267138,covid19india,,
Maharashtra,2021-08-19,37951602,13539557,51491159,covid19india,,
Maharashtra,2021-08-20,38228399,13675638,51904037,covid19india,,
Maharashtra,2021-08-21,38994650,14009863,53004513,covid19india,,
Maharashtra,2021-08-22,39069171,14040408,53109579,covid19india,,
Maharashtra,2021-08-23,39635783,14269913,53905696,covid19india,,
Maharashtra,2021-08-24,40004541,14456478,54461019,covid19india,,
Maharashtra,2021-08-25,40270837,14594471,54865308,covid19india,,
Maharashtra,2021-08-26,40573317,14758347,55331664,covid19india,,
Maharashtra,2021-08-27,41236695,15095680,56332375,covid19india,,
Maharashtra,2021-08-29,41731841,15434981,57166822,covid19india,,
Maharashtra,2021-08-30,42437256,15768004,58205260,covid19india,,
Maharashtra,2021-08-31,43068668,15997164,59065832,covid19india,,
Maharashtra,2021-09-01,43791110,16282390,60073500,covid19india,,
Maharashtra,2021-09-02,44280493,16498057,60778550,covid19india,,
Maharashtra,2021-09-03,44771037,16745100,61516137,covid19india,,
Maharashtra,2021-09-04,45566284,17190818,62757102,covid19india,,
Maharashtra,2021-09-05,45687825,17263513,62951338,covid19india,,
Maharashtra,2021-09-06,46034724,17455640,63490364,covid19india,,
Maharashtra,2021-09-07,46432785,17645799,64078584,covid19india,,
Maharashtra,2021-09-08,47595826,17986150,65581976,covid19india,,
Maharashtra,2021-09-09,48333216,18262678,66595894,covid19india,,
Maharashtra,2021-09-10,48415321,18301192,66716513,covid19india,,
Maharashtra,2021-09-11,49125208,18564838,67690046,covid19india,,
Maharashtra,2021-09-12,49257090,18634318,67891408,covid19india,,
Maharashtra,2021-09-13,49580776,18790591,68371367,covid19india,,
Maharashtra,2021-09-14,49917440,18982391,68899831,covid19india,,
Maharashtra,2021-09-15,50629841,19349683,69979524,covid19india,,
Maharashtra,2021-09-16,51030168,19622589,70652757,covid19india,,
Maharashtra,2021-09-17,51866440,20071190,71937630,covid19india,,
Maharashtra,2021-09-18,52683079,20613097,73296176,covid19india,,
Maharashtra,2021-09-19,52766279,20673908,73440187,covid19india,,
Maharashtra,2021-09-20,53277645,21051146,74328791,covid19india,,
Maharashtra,2021-09-21,53696818,21360302,75057120,covid19india,,
Maharashtra,2021-09-22,54361465,21803462,76164927,covid19india,,
Maharashtra,2021-09-23,54812576,22108614,76921190,covid19india,,
Maharashtra,2021-09-24,55096837,22368897,77465734,covid19india,,
Maharashtra,2021-09-25,55412765,22690017,78102782,covid19india,,
Maharashtra,2021-09-26,55543151,22783101,78326252,covid19india,,
Maharashtra,2021-09-27,56168912,23209551,79378463,covid19india,,
Maharashtra,2021-09-28,56541838,23567637,80109475,covid19india,,
Maharashtra,2021-09-29,57091306,23914352,81005658,covid19india,,
Maharashtra,2021-09-30,57633028,24261937,81894965,covid19india,,
Maharashtra,2021-10-01,58110270,24632618,82742888,covid19india,,
Maharashtra,2021-10-02,58553667,24978414,83532081,covid19india,,
Maharashtra,2021-10-03,58617761,25034464,83652225,covid19india,,
Maharashtra,2021-10-04,58910087,25288967,84199054,covid19india,,
Maharashtra,2021-10-05,59148680,25499623,84648303,covid19india,,
Maharashtra,2021-10-06,59463919,25734865,85198784,covid19india,,
Maharashtra,2021-10-07,59725431,25944283,85669714,covid19india,,
Maharashtra,2021-10-08,60165783,26264426,86430209,covid19india,,
Maharashtra,2021-10-09,60652624,26640659,87293283,covid19india,,
Maharashtra,2021-10-10,60926983,26795780,87722763,covid19india,,
Maharashtra,2021-10-11,61448058,27107108,88555166,covid19india,,
Manipur,2021-01-16,585,0,585,covid19india,,
Manipur,2021-01-18,978,0,978,covid19india,,
Manipur,2021-01-19,111,0,111,covid19india,,
Manipur,2021-01-20,1454,0,1454,covid19india,,
Manipur,2021-01-21,1454,0,1454,covid19india,,
Manipur,2021-01-22,1923,0,1923,covid19india,,
Manipur,2021-01-23,2319,0,2319,covid19india,,
Manipur,2021-01-24,2319,0,2319,covid19india,,
Manipur,2021-01-25,2485,0,2485,covid19india,,
Manipur,2021-01-26,2485,0,2485,covid19india,,
Manipur,2021-01-27,2855,0,2855,covid19india,,
Manipur,2021-01-28,2855,0,2855,covid19india,,
Manipur,2021-01-29,3399,0,3399,covid19india,,
Manipur,2021-01-30,3987,0,3987,covid19india,,
Manipur,2021-01-31,3987,0,3987,covid19india,,
Manipur,2021-02-01,4373,0,4373,covid19india,,
Manipur,2021-02-02,4739,0,4739,covid19india,,
Manipur,2021-02-03,5872,0,5872,covid19india,,
Manipur,2021-02-04,6095,0,6095,covid19india,,
Manipur,2021-02-05,6874,0,6874,covid19india,,
Manipur,2021-02-06,8256,0,8256,covid19india,,
Manipur,2021-02-07,8334,0,8334,covid19india,,
Manipur,2021-02-08,9989,0,9989,covid19india,,
Manipur,2021-02-09,11078,0,11078,covid19india,,
Manipur,2021-02-10,13747,0,13747,covid19india,,
Manipur,2021-02-11,15944,0,15944,covid19india,,
Manipur,2021-02-12,19563,0,19563,covid19india,,
Manipur,2021-02-13,22362,55,22417,covid19india,,
Manipur,2021-02-14,22726,169,22895,covid19india,,
Manipur,2021-02-15,25452,319,25771,covid19india,,
Manipur,2021-02-16,28579,459,29038,covid19india,,
Manipur,2021-02-17,32748,777,33525,covid19india,,
Manipur,2021-02-18,35834,901,36735,covid19india,,
Manipur,2021-02-19,38585,1434,40019,covid19india,,
Manipur,2021-02-20,40215,1711,41926,covid19india,,
Manipur,2021-02-21,40215,1711,41926,covid19india,,
Manipur,2021-02-22,41799,1798,43597,covid19india,,
Manipur,2021-02-23,43507,1894,45401,covid19india,,
Manipur,2021-02-24,46042,2190,48232,covid19india,,
Manipur,2021-02-25,48938,2239,51177,covid19india,,
Manipur,2021-02-26,52420,2545,54965,covid19india,,
Manipur,2021-02-27,52420,2545,54965,covid19india,,
Manipur,2021-02-28,52420,2545,54965,covid19india,,
Manipur,2021-03-01,53805,2653,56458,covid19india,,
Manipur,2021-03-02,57280,3116,60396,covid19india,,
Manipur,2021-03-03,60566,3523,64089,covid19india,,
Manipur,2021-03-04,62649,3774,66423,covid19india,,
Manipur,2021-03-05,65465,4290,69755,covid19india,,
Manipur,2021-03-06,68405,5009,73414,covid19india,,
Manipur,2021-03-07,68467,5027,73494,covid19india,,
Manipur,2021-03-08,70581,6248,76829,covid19india,,
Manipur,2021-03-09,72387,6643,79030,covid19india,,
Manipur,2021-03-10,73510,7902,81412,covid19india,,
Manipur,2021-03-11,74320,8682,83002,covid19india,,
Manipur,2021-03-12,75463,10191,85654,covid19india,,
Manipur,2021-03-13,76055,10636,86691,covid19india,,
Manipur,2021-03-14,76055,10636,86691,covid19india,,
Manipur,2021-03-15,77127,12751,89878,covid19india,,
Manipur,2021-03-16,77819,13911,91730,covid19india,,
Manipur,2021-03-17,78662,15720,94382,covid19india,,
Manipur,2021-03-18,79414,16991,96405,covid19india,,
Manipur,2021-03-19,80166,18747,98913,covid19india,,
Manipur,2021-03-20,81251,20928,102179,covid19india,,
Manipur,2021-03-21,81297,21061,102358,covid19india,,
Manipur,2021-03-22,82036,23245,105281,covid19india,,
Manipur,2021-03-23,83092,25001,108093,covid19india,,
Manipur,2021-03-24,83749,27033,110782,covid19india,,
Manipur,2021-03-25,84235,28805,113040,covid19india,,
Manipur,2021-03-26,85103,31121,116224,covid19india,,
Manipur,2021-03-27,85714,32454,118168,covid19india,,
Manipur,2021-03-28,85717,32505,118222,covid19india,,
Manipur,2021-03-29,85731,32560,118291,covid19india,,
Manipur,2021-03-30,86044,33529,119573,covid19india,,
Manipur,2021-03-31,86331,34507,120838,covid19india,,
Manipur,2021-04-01,86708,35827,122535,covid19india,,
Manipur,2021-04-02,83274,32270,115544,covid19india,,
Manipur,2021-04-03,84338,34307,118645,covid19india,,
Manipur,2021-04-04,84572,34779,119351,covid19india,,
Manipur,2021-04-05,84333,36339,120672,covid19india,,
Manipur,2021-04-06,85284,37919,123203,covid19india,,
Manipur,2021-04-07,86069,39543,125612,covid19india,,
Manipur,2021-04-08,86907,41189,128096,covid19india,,
Manipur,2021-04-09,88308,42653,130961,covid19india,,
Manipur,2021-04-10,88817,43387,132204,covid19india,,
Manipur,2021-04-11,90439,43957,134396,covid19india,,
Manipur,2021-04-12,92517,45162,137679,covid19india,,
Manipur,2021-04-13,94174,45804,139978,covid19india,,
Manipur,2021-04-14,96396,46535,142931,covid19india,,
Manipur,2021-04-15,97793,47697,145490,covid19india,,
Manipur,2021-04-16,99928,48707,148635,covid19india,,
Manipur,2021-04-17,102125,50010,152135,covid19india,,
Manipur,2021-04-18,102997,50127,153124,covid19india,,
Manipur,2021-04-19,106512,51199,157711,covid19india,,
Manipur,2021-04-20,109889,52228,162117,covid19india,,
Manipur,2021-04-21,114375,53179,167554,covid19india,,
Manipur,2021-04-22,117491,54294,171785,covid19india,,
Manipur,2021-04-23,119445,54818,174263,covid19india,,
Manipur,2021-04-24,124605,55774,180379,covid19india,,
Manipur,2021-04-25,126565,55981,182546,covid19india,,
Manipur,2021-04-26,135061,57219,192280,covid19india,,
Manipur,2021-04-27,142665,58100,200765,covid19india,,
Manipur,2021-04-28,155238,58999,214237,covid19india,,
Manipur,2021-04-29,168275,60069,228344,covid19india,,
Manipur,2021-04-30,189159,61155,250314,covid19india,,
Manipur,2021-05-01,202052,61750,263802,covid19india,,
Manipur,2021-05-02,205036,61754,266790,covid19india,,
Manipur,2021-05-03,218307,62959,281266,covid19india,,
Manipur,2021-05-04,228147,63753,291900,covid19india,,
Manipur,2021-05-05,239359,64707,304066,covid19india,,
Manipur,2021-05-06,248329,65545,313874,covid19india,,
Manipur,2021-05-07,255855,66332,322187,covid19india,,
Manipur,2021-05-08,262930,66875,329805,covid19india,,
Manipur,2021-05-09,263115,66896,330011,covid19india,,
Manipur,2021-05-10,272944,68017,340961,covid19india,,
Manipur,2021-05-11,280275,69013,349288,covid19india,,
Manipur,2021-05-12,288458,69225,357683,covid19india,,
Manipur,2021-05-13,294064,69492,363556,covid19india,,
Manipur,2021-05-14,299447,69560,369007,covid19india,,
Manipur,2021-05-15,306289,69694,375983,covid19india,,
Manipur,2021-05-16,306746,69699,376445,covid19india,,
Manipur,2021-05-17,315385,69770,385155,covid19india,,
Manipur,2021-05-18,320211,69848,390059,covid19india,,
Manipur,2021-05-19,328621,69915,398536,covid19india,,
Manipur,2021-05-20,333270,69979,403249,covid19india,,
Manipur,2021-05-21,339924,70024,409948,covid19india,,
Manipur,2021-05-22,343656,70061,413717,covid19india,,
Manipur,2021-05-23,343680,70061,413741,covid19india,,
Manipur,2021-05-24,350818,70102,420920,covid19india,,
Manipur,2021-05-25,354004,70157,424161,covid19india,,
Manipur,2021-05-26,365745,70172,435917,covid19india,,
Manipur,2021-05-27,368787,70212,438999,covid19india,,
Manipur,2021-05-28,373859,70273,444132,covid19india,,
Manipur,2021-05-29,380673,70336,451009,covid19india,,
Manipur,2021-05-30,380866,70337,451203,covid19india,,
Manipur,2021-05-31,387473,70445,457918,covid19india,,
Manipur,2021-06-01,391758,70520,462278,covid19india,,
Manipur,2021-06-02,399135,70628,469763,covid19india,,
Manipur,2021-06-03,401826,70711,472537,covid19india,,
Manipur,2021-06-04,412336,70790,483126,covid19india,,
Manipur,2021-06-05,421326,70916,492242,covid19india,,
Manipur,2021-06-06,421435,70916,492351,covid19india,,
Manipur,2021-06-07,433393,70995,504388,covid19india,,
Manipur,2021-06-08,440356,71104,511460,covid19india,,
Manipur,2021-06-09,451274,71208,522482,covid19india,,
Manipur,2021-06-10,456059,71293,527352,covid19india,,
Manipur,2021-06-11,463537,71407,534944,covid19india,,
Manipur,2021-06-12,465952,71428,537380,covid19india,,
Manipur,2021-06-13,466390,71437,537827,covid19india,,
Manipur,2021-06-14,472041,71562,543603,covid19india,,
Manipur,2021-06-15,476539,71616,548155,covid19india,,
Manipur,2021-06-16,482392,71698,554090,covid19india,,
Manipur,2021-06-17,484446,71804,556250,covid19india,,
Manipur,2021-06-18,488761,71979,560740,covid19india,,
Manipur,2021-06-19,493011,72119,565130,covid19india,,
Manipur,2021-06-20,493549,72121,565670,covid19india,,
Manipur,2021-06-21,500022,72264,572286,covid19india,,
Manipur,2021-06-22,503959,72370,576329,covid19india,,
Manipur,2021-06-23,510146,72480,582626,covid19india,,
Manipur,2021-06-24,515263,72600,587863,covid19india,,
Manipur,2021-06-25,523661,72808,596469,covid19india,,
Manipur,2021-06-26,530788,73048,603836,covid19india,,
Manipur,2021-06-27,533686,73067,606753,covid19india,,
Manipur,2021-06-28,548098,73373,621471,covid19india,,
Manipur,2021-06-29,563426,73782,637208,covid19india,,
Manipur,2021-06-30,581261,74141,655402,covid19india,,
Manipur,2021-07-01,597706,74460,672166,covid19india,,
Manipur,2021-07-02,620461,75100,695561,covid19india,,
Manipur,2021-07-03,643887,75690,719577,covid19india,,
Manipur,2021-07-04,653419,75922,729341,covid19india,,
Manipur,2021-07-05,682013,77454,759467,covid19india,,
Manipur,2021-07-06,706914,78813,785727,covid19india,,
Manipur,2021-07-07,735374,81102,816476,covid19india,,
Manipur,2021-07-08,758845,82292,841137,covid19india,,
Manipur,2021-07-09,770581,83777,854358,covid19india,,
Manipur,2021-07-10,776564,84614,861178,covid19india,,
Manipur,2021-07-11,781273,84767,866040,covid19india,,
Manipur,2021-07-12,794059,86318,880377,covid19india,,
Manipur,2021-07-13,823351,90079,913430,covid19india,,
Manipur,2021-07-14,852513,94504,947017,covid19india,,
Manipur,2021-07-15,876837,97643,974480,covid19india,,
Manipur,2021-07-16,901374,100173,1001547,covid19india,,
Manipur,2021-07-17,923130,104020,1027150,covid19india,,
Manipur,2021-07-18,929565,104465,1034030,covid19india,,
Manipur,2021-07-19,947072,110389,1057461,covid19india,,
Manipur,2021-07-20,965573,116575,1082148,covid19india,,
Manipur,2021-07-21,979883,122381,1102264,covid19india,,
Manipur,2021-07-22,995279,131374,1126653,covid19india,,
Manipur,2021-07-23,1010781,145103,1155884,covid19india,,
Manipur,2021-07-24,1029315,157242,1186557,covid19india,,
Manipur,2021-07-25,1038690,158626,1197316,covid19india,,
Manipur,2021-07-26,1055476,170480,1225956,covid19india,,
Manipur,2021-07-27,1066503,177925,1244428,covid19india,,
Manipur,2021-07-28,1079704,187563,1267267,covid19india,,
Manipur,2021-07-29,1088643,193741,1282384,covid19india,,
Manipur,2021-07-30,1097943,200435,1298378,covid19india,,
Manipur,2021-07-31,1112096,205543,1317639,covid19india,,
Manipur,2021-08-01,1114766,206019,1320785,covid19india,,
Manipur,2021-08-02,1122272,212251,1334523,covid19india,,
Manipur,2021-08-03,1128586,216777,1345363,covid19india,,
Manipur,2021-08-04,1135285,222872,1358157,covid19india,,
Manipur,2021-08-05,1139519,226845,1366364,covid19india,,
Manipur,2021-08-06,1146080,233275,1379355,covid19india,,
Manipur,2021-08-07,1150906,238463,1389369,covid19india,,
Manipur,2021-08-08,1153506,239140,1392646,covid19india,,
Manipur,2021-08-09,1159499,246753,1406252,covid19india,,
Manipur,2021-08-10,1163534,251078,1414612,covid19india,,
Manipur,2021-08-11,1167348,257276,1424624,covid19india,,
Manipur,2021-08-12,1169861,261026,1430887,covid19india,,
Manipur,2021-08-13,1171910,263362,1435272,covid19india,,
Manipur,2021-08-14,1173886,266351,1440237,covid19india,,
Manipur,2021-08-15,1174116,266494,1440610,covid19india,,
Manipur,2021-08-16,1176119,273479,1449598,covid19india,,
Manipur,2021-08-17,1177344,277036,1454380,covid19india,,
Manipur,2021-08-18,1178829,284176,1463005,covid19india,,
Manipur,2021-08-19,1179893,287834,1467727,covid19india,,
Manipur,2021-08-20,1181171,292546,1473717,covid19india,,
Manipur,2021-08-21,1182202,297035,1479237,covid19india,,
Manipur,2021-08-22,1182619,297944,1480563,covid19india,,
Manipur,2021-08-23,1184277,303691,1487968,covid19india,,
Manipur,2021-08-24,1185332,306939,1492271,covid19india,,
Manipur,2021-08-25,1186693,313345,1500038,covid19india,,
Manipur,2021-08-26,1187651,316030,1503681,covid19india,,
Manipur,2021-08-27,1189275,322107,1511382,covid19india,,
Manipur,2021-08-29,1191378,328652,1520030,covid19india,,
Manipur,2021-08-30,1192867,331978,1524845,covid19india,,
Manipur,2021-08-31,1194502,337741,1532243,covid19india,,
Manipur,2021-09-01,1196203,345173,1541376,covid19india,,
Manipur,2021-09-02,1197186,349580,1546766,covid19india,,
Manipur,2021-09-03,1198554,355902,1554456,covid19india,,
Manipur,2021-09-04,1199859,360933,1560792,covid19india,,
Manipur,2021-09-05,1200546,361867,1562413,covid19india,,
Manipur,2021-09-06,1202000,368435,1570435,covid19india,,
Manipur,2021-09-07,1203494,373147,1576641,covid19india,,
Manipur,2021-09-08,1204611,377919,1582530,covid19india,,
Manipur,2021-09-09,1205563,380246,1585809,covid19india,,
Manipur,2021-09-10,1206722,385144,1591866,covid19india,,
Manipur,2021-09-11,1207332,387699,1595031,covid19india,,
Manipur,2021-09-12,1207523,388221,1595744,covid19india,,
Manipur,2021-09-13,1208708,392902,1601610,covid19india,,
Manipur,2021-09-14,1210078,397011,1607089,covid19india,,
Manipur,2021-09-15,1211693,401282,1612975,covid19india,,
Manipur,2021-09-16,1212534,404012,1616546,covid19india,,
Manipur,2021-09-17,1213328,407642,1620970,covid19india,,
Manipur,2021-09-18,1214100,411709,1625809,covid19india,,
Manipur,2021-09-19,1214276,412294,1626570,covid19india,,
Manipur,2021-09-20,1215273,418725,1633998,covid19india,,
Manipur,2021-09-21,1215841,423130,1638971,covid19india,,
Manipur,2021-09-22,1216639,429011,1645650,covid19india,,
Manipur,2021-09-23,1217411,434132,1651543,covid19india,,
Manipur,2021-09-24,1218379,442429,1660808,covid19india,,
Manipur,2021-09-25,1219483,450816,1670299,covid19india,,
Manipur,2021-09-26,1219634,451505,1671139,covid19india,,
Manipur,2021-09-27,1220725,461120,1681845,covid19india,,
Manipur,2021-09-28,1221560,468375,1689935,covid19india,,
Manipur,2021-09-29,1223296,476745,1700041,covid19india,,
Manipur,2021-09-30,1223626,479279,1702905,covid19india,,
Manipur,2021-10-01,1224679,489358,1714037,covid19india,,
Manipur,2021-10-02,1225811,493071,1718882,covid19india,,
Manipur,2021-10-03,1226051,494146,1720197,covid19india,,
Manipur,2021-10-04,1227361,504278,1731639,covid19india,,
Manipur,2021-10-05,1228110,511788,1739898,covid19india,,
Manipur,2021-10-06,1229109,520348,1749457,covid19india,,
Manipur,2021-10-07,1229462,524365,1753827,covid19india,,
Manipur,2021-10-08,1230350,534579,1764929,covid19india,,
Manipur,2021-10-09,1230951,539800,1770751,covid19india,,
Manipur,2021-10-10,1231250,541754,1773004,covid19india,,
Manipur,2021-10-11,1232338,553984,1786322,covid19india,,
Meghalaya,2021-01-16,509,0,509,covid19india,,
Meghalaya,2021-01-18,530,0,530,covid19india,,
Meghalaya,2021-01-19,1037,0,1037,covid19india,,
Meghalaya,2021-01-20,1365,0,1365,covid19india,,
Meghalaya,2021-01-21,1785,0,1785,covid19india,,
Meghalaya,2021-01-22,2078,0,2078,covid19india,,
Meghalaya,2021-01-23,2236,0,2236,covid19india,,
Meghalaya,2021-01-24,2236,0,2236,covid19india,,
Meghalaya,2021-01-25,2748,0,2748,covid19india,,
Meghalaya,2021-01-26,2748,0,2748,covid19india,,
Meghalaya,2021-01-27,3249,0,3249,covid19india,,
Meghalaya,2021-01-28,3870,0,3870,covid19india,,
Meghalaya,2021-01-29,4200,0,4200,covid19india,,
Meghalaya,2021-01-30,4324,0,4324,covid19india,,
Meghalaya,2021-01-31,4324,0,4324,covid19india,,
Meghalaya,2021-02-01,4564,0,4564,covid19india,,
Meghalaya,2021-02-02,4694,0,4694,covid19india,,
Meghalaya,2021-02-03,4806,0,4806,covid19india,,
Meghalaya,2021-02-04,5469,0,5469,covid19india,,
Meghalaya,2021-02-05,6213,0,6213,covid19india,,
Meghalaya,2021-02-06,6859,0,6859,covid19india,,
Meghalaya,2021-02-07,6859,0,6859,covid19india,,
Meghalaya,2021-02-08,7662,0,7662,covid19india,,
Meghalaya,2021-02-09,9069,0,9069,covid19india,,
Meghalaya,2021-02-10,9760,0,9760,covid19india,,
Meghalaya,2021-02-11,11642,0,11642,covid19india,,
Meghalaya,2021-02-12,12797,0,12797,covid19india,,
Meghalaya,2021-02-13,13998,91,14089,covid19india,,
Meghalaya,2021-02-14,13998,91,14089,covid19india,,
Meghalaya,2021-02-15,16053,170,16223,covid19india,,
Meghalaya,2021-02-16,17889,337,18226,covid19india,,
Meghalaya,2021-02-17,21221,470,21691,covid19india,,
Meghalaya,2021-02-18,21674,607,22281,covid19india,,
Meghalaya,2021-02-19,22285,616,22901,covid19india,,
Meghalaya,2021-02-20,23877,629,24506,covid19india,,
Meghalaya,2021-02-21,23877,629,24506,covid19india,,
Meghalaya,2021-02-22,25998,960,26958,covid19india,,
Meghalaya,2021-02-23,28190,1200,29390,covid19india,,
Meghalaya,2021-02-24,28248,1200,29448,covid19india,,
Meghalaya,2021-02-25,28860,1350,30210,covid19india,,
Meghalaya,2021-02-26,30465,1726,32191,covid19india,,
Meghalaya,2021-02-27,30465,1726,32191,covid19india,,
Meghalaya,2021-02-28,30465,1726,32191,covid19india,,
Meghalaya,2021-03-01,31202,1920,33122,covid19india,,
Meghalaya,2021-03-02,32539,2042,34581,covid19india,,
Meghalaya,2021-03-03,33984,2228,36212,covid19india,,
Meghalaya,2021-03-04,35382,2539,37921,covid19india,,
Meghalaya,2021-03-05,38512,3412,41924,covid19india,,
Meghalaya,2021-03-06,40902,3981,44883,covid19india,,
Meghalaya,2021-03-07,40902,4048,44950,covid19india,,
Meghalaya,2021-03-08,43008,4680,47688,covid19india,,
Meghalaya,2021-03-09,44814,5534,50348,covid19india,,
Meghalaya,2021-03-10,46525,6390,52915,covid19india,,
Meghalaya,2021-03-11,48569,7518,56087,covid19india,,
Meghalaya,2021-03-12,49791,8551,58342,covid19india,,
Meghalaya,2021-03-13,50568,9346,59914,covid19india,,
Meghalaya,2021-03-14,50568,9346,59914,covid19india,,
Meghalaya,2021-03-15,51606,9896,61502,covid19india,,
Meghalaya,2021-03-16,53494,11818,65312,covid19india,,
Meghalaya,2021-03-17,54971,13539,68510,covid19india,,
Meghalaya,2021-03-18,56757,15727,72484,covid19india,,
Meghalaya,2021-03-19,58503,18153,76656,covid19india,,
Meghalaya,2021-03-20,59169,19385,78554,covid19india,,
Meghalaya,2021-03-21,59169,19385,78554,covid19india,,
Meghalaya,2021-03-22,60935,21630,82565,covid19india,,
Meghalaya,2021-03-23,62690,23904,86594,covid19india,,
Meghalaya,2021-03-24,64165,25049,89214,covid19india,,
Meghalaya,2021-03-25,66335,27072,93407,covid19india,,
Meghalaya,2021-03-26,67821,28103,95924,covid19india,,
Meghalaya,2021-03-27,68232,28183,96415,covid19india,,
Meghalaya,2021-03-28,68243,28183,96426,covid19india,,
Meghalaya,2021-03-29,69157,28425,97582,covid19india,,
Meghalaya,2021-03-30,70556,29281,99837,covid19india,,
Meghalaya,2021-03-31,71605,29871,101476,covid19india,,
Meghalaya,2021-04-01,74888,30714,105602,covid19india,,
Meghalaya,2021-04-02,85992,34154,120146,covid19india,,
Meghalaya,2021-04-03,87064,34455,121519,covid19india,,
Meghalaya,2021-04-04,87281,34523,121804,covid19india,,
Meghalaya,2021-04-05,87720,33868,121588,covid19india,,
Meghalaya,2021-04-06,91294,34942,126236,covid19india,,
Meghalaya,2021-04-07,94058,35833,129891,covid19india,,
Meghalaya,2021-04-08,98207,37030,135237,covid19india,,
Meghalaya,2021-04-09,101170,37957,139127,covid19india,,
Meghalaya,2021-04-10,103084,38242,141326,covid19india,,
Meghalaya,2021-04-11,104057,38388,142445,covid19india,,
Meghalaya,2021-04-12,107587,39039,146626,covid19india,,
Meghalaya,2021-04-13,112648,40207,152855,covid19india,,
Meghalaya,2021-04-14,116428,41065,157493,covid19india,,
Meghalaya,2021-04-15,120725,42546,163271,covid19india,,
Meghalaya,2021-04-16,124096,43457,167553,covid19india,,
Meghalaya,2021-04-17,125525,43950,169475,covid19india,,
Meghalaya,2021-04-18,125611,43967,169578,covid19india,,
Meghalaya,2021-04-19,129154,45559,174713,covid19india,,
Meghalaya,2021-04-20,133700,46932,180632,covid19india,,
Meghalaya,2021-04-21,137351,47888,185239,covid19india,,
Meghalaya,2021-04-22,144942,49834,194776,covid19india,,
Meghalaya,2021-04-23,152090,51281,203371,covid19india,,
Meghalaya,2021-04-24,157665,51857,209522,covid19india,,
Meghalaya,2021-04-25,158278,51894,210172,covid19india,,
Meghalaya,2021-04-26,171821,53693,225514,covid19india,,
Meghalaya,2021-04-27,187428,55167,242595,covid19india,,
Meghalaya,2021-04-28,202369,56629,258998,covid19india,,
Meghalaya,2021-04-29,216713,58387,275100,covid19india,,
Meghalaya,2021-04-30,230785,59941,290726,covid19india,,
Meghalaya,2021-05-01,237337,60630,297967,covid19india,,
Meghalaya,2021-05-02,237838,60571,298409,covid19india,,
Meghalaya,2021-05-03,245169,61901,307070,covid19india,,
Meghalaya,2021-05-04,251301,63092,314393,covid19india,,
Meghalaya,2021-05-05,256409,64304,320713,covid19india,,
Meghalaya,2021-05-06,263467,65907,329374,covid19india,,
Meghalaya,2021-05-07,270542,67200,337742,covid19india,,
Meghalaya,2021-05-08,274314,67895,342209,covid19india,,
Meghalaya,2021-05-09,274374,67911,342285,covid19india,,
Meghalaya,2021-05-10,283318,69641,352959,covid19india,,
Meghalaya,2021-05-11,293321,71389,364710,covid19india,,
Meghalaya,2021-05-12,302280,72250,374530,covid19india,,
Meghalaya,2021-05-13,311546,73293,384839,covid19india,,
Meghalaya,2021-05-14,319553,73859,393412,covid19india,,
Meghalaya,2021-05-15,324550,74040,398590,covid19india,,
Meghalaya,2021-05-16,327661,74047,401708,covid19india,,
Meghalaya,2021-05-17,334321,74078,408399,covid19india,,
Meghalaya,2021-05-18,339301,74091,413392,covid19india,,
Meghalaya,2021-05-19,343029,74107,417136,covid19india,,
Meghalaya,2021-05-20,349881,74124,424005,covid19india,,
Meghalaya,2021-05-21,355598,74146,429744,covid19india,,
Meghalaya,2021-05-22,360213,74149,434362,covid19india,,
Meghalaya,2021-05-23,361472,74149,435621,covid19india,,
Meghalaya,2021-05-24,366491,74175,440666,covid19india,,
Meghalaya,2021-05-25,372110,74202,446312,covid19india,,
Meghalaya,2021-05-26,375497,74206,449703,covid19india,,
Meghalaya,2021-05-27,380820,74233,455053,covid19india,,
Meghalaya,2021-05-28,385582,74281,459863,covid19india,,
Meghalaya,2021-05-29,389325,74321,463646,covid19india,,
Meghalaya,2021-05-30,389872,74324,464196,covid19india,,
Meghalaya,2021-05-31,391357,74340,465697,covid19india,,
Meghalaya,2021-06-01,393522,74370,467892,covid19india,,
Meghalaya,2021-06-02,395157,74399,469556,covid19india,,
Meghalaya,2021-06-03,397435,74433,471868,covid19india,,
Meghalaya,2021-06-04,400160,74455,474615,covid19india,,
Meghalaya,2021-06-05,402269,74461,476730,covid19india,,
Meghalaya,2021-06-06,402277,74461,476738,covid19india,,
Meghalaya,2021-06-07,403754,74502,478256,covid19india,,
Meghalaya,2021-06-08,404751,74530,479281,covid19india,,
Meghalaya,2021-06-09,405604,74599,480203,covid19india,,
Meghalaya,2021-06-10,407946,74647,482593,covid19india,,
Meghalaya,2021-06-11,417657,74661,492318,covid19india,,
Meghalaya,2021-06-12,426960,74687,501647,covid19india,,
Meghalaya,2021-06-13,428457,74696,503153,covid19india,,
Meghalaya,2021-06-14,442075,74726,516801,covid19india,,
Meghalaya,2021-06-15,455932,74776,530708,covid19india,,
Meghalaya,2021-06-16,469938,74826,544764,covid19india,,
Meghalaya,2021-06-17,488028,74925,562953,covid19india,,
Meghalaya,2021-06-18,503099,74990,578089,covid19india,,
Meghalaya,2021-06-19,514824,75061,589885,covid19india,,
Meghalaya,2021-06-20,515874,75065,590939,covid19india,,
Meghalaya,2021-06-21,528924,75223,604147,covid19india,,
Meghalaya,2021-06-22,541675,75392,617067,covid19india,,
Meghalaya,2021-06-23,554153,75549,629702,covid19india,,
Meghalaya,2021-06-24,565798,75958,641756,covid19india,,
Meghalaya,2021-06-25,578969,76211,655180,covid19india,,
Meghalaya,2021-06-26,587049,76506,663555,covid19india,,
Meghalaya,2021-06-27,587788,76522,664310,covid19india,,
Meghalaya,2021-06-28,601282,77462,678744,covid19india,,
Meghalaya,2021-06-29,612035,78628,690663,covid19india,,
Meghalaya,2021-06-30,619745,79481,699226,covid19india,,
Meghalaya,2021-07-01,631349,80944,712293,covid19india,,
Meghalaya,2021-07-02,641758,82654,724412,covid19india,,
Meghalaya,2021-07-03,649937,83498,733435,covid19india,,
Meghalaya,2021-07-04,650477,83879,734356,covid19india,,
Meghalaya,2021-07-05,661585,85910,747495,covid19india,,
Meghalaya,2021-07-06,674909,88768,763677,covid19india,,
Meghalaya,2021-07-07,684412,90901,775313,covid19india,,
Meghalaya,2021-07-08,696290,93824,790114,covid19india,,
Meghalaya,2021-07-09,706033,96032,802065,covid19india,,
Meghalaya,2021-07-10,712497,97505,810002,covid19india,,
Meghalaya,2021-07-11,712955,97618,810573,covid19india,,
Meghalaya,2021-07-12,723853,100489,824342,covid19india,,
Meghalaya,2021-07-13,737304,103914,841218,covid19india,,
Meghalaya,2021-07-14,746590,106983,853573,covid19india,,
Meghalaya,2021-07-15,758934,111547,870481,covid19india,,
Meghalaya,2021-07-16,769936,116645,886581,covid19india,,
Meghalaya,2021-07-17,777488,119748,897236,covid19india,,
Meghalaya,2021-07-18,777736,119885,897621,covid19india,,
Meghalaya,2021-07-19,788294,126750,915044,covid19india,,
Meghalaya,2021-07-20,799437,134274,933711,covid19india,,
Meghalaya,2021-07-21,807205,140944,948149,covid19india,,
Meghalaya,2021-07-22,817973,149716,967689,covid19india,,
Meghalaya,2021-07-23,828446,158856,987302,covid19india,,
Meghalaya,2021-07-24,836087,164254,1000341,covid19india,,
Meghalaya,2021-07-25,836298,164387,1000685,covid19india,,
Meghalaya,2021-07-26,846505,171534,1018039,covid19india,,
Meghalaya,2021-07-27,856357,178151,1034508,covid19india,,
Meghalaya,2021-07-28,864207,183534,1047741,covid19india,,
Meghalaya,2021-07-29,873728,189469,1063197,covid19india,,
Meghalaya,2021-07-30,881177,195093,1076270,covid19india,,
Meghalaya,2021-07-31,890842,198439,1089281,covid19india,,
Meghalaya,2021-08-01,891007,198444,1089451,covid19india,,
Meghalaya,2021-08-02,898677,202890,1101567,covid19india,,
Meghalaya,2021-08-03,906139,207287,1113426,covid19india,,
Meghalaya,2021-08-04,912096,211646,1123742,covid19india,,
Meghalaya,2021-08-05,920145,216854,1136999,covid19india,,
Meghalaya,2021-08-06,927352,221790,1149142,covid19india,,
Meghalaya,2021-08-07,932563,226357,1158920,covid19india,,
Meghalaya,2021-08-08,932764,226661,1159425,covid19india,,
Meghalaya,2021-08-09,938984,232152,1171136,covid19india,,
Meghalaya,2021-08-10,946600,238582,1185182,covid19india,,
Meghalaya,2021-08-11,952021,243239,1195260,covid19india,,
Meghalaya,2021-08-12,959301,248117,1207418,covid19india,,
Meghalaya,2021-08-13,964653,253208,1217861,covid19india,,
Meghalaya,2021-08-14,968883,257366,1226249,covid19india,,
Meghalaya,2021-08-15,969057,257426,1226483,covid19india,,
Meghalaya,2021-08-16,973728,260281,1234009,covid19india,,
Meghalaya,2021-08-17,978876,263288,1242164,covid19india,,
Meghalaya,2021-08-18,982948,266573,1249521,covid19india,,
Meghalaya,2021-08-19,989794,272981,1262775,covid19india,,
Meghalaya,2021-08-20,995171,278467,1273638,covid19india,,
Meghalaya,2021-08-21,998799,282489,1281288,covid19india,,
Meghalaya,2021-08-22,999091,282596,1281687,covid19india,,
Meghalaya,2021-08-23,1003694,287084,1290778,covid19india,,
Meghalaya,2021-08-24,1007785,290695,1298480,covid19india,,
Meghalaya,2021-08-25,1011377,293957,1305334,covid19india,,
Meghalaya,2021-08-26,1014564,297427,1311991,covid19india,,
Meghalaya,2021-08-27,1017942,300838,1318780,covid19india,,
Meghalaya,2021-08-29,1020349,303816,1324165,covid19india,,
Meghalaya,2021-08-30,1023176,307076,1330252,covid19india,,
Meghalaya,2021-08-31,1025594,309254,1334848,covid19india,,
Meghalaya,2021-09-01,1027651,311139,1338790,covid19india,,
Meghalaya,2021-09-02,1030070,313363,1343433,covid19india,,
Meghalaya,2021-09-03,1032353,316816,1349169,covid19india,,
Meghalaya,2021-09-04,1033952,320795,1354747,covid19india,,
Meghalaya,2021-09-05,1033993,320955,1354948,covid19india,,
Meghalaya,2021-09-06,1036431,326397,1362828,covid19india,,
Meghalaya,2021-09-07,1038796,331576,1370372,covid19india,,
Meghalaya,2021-09-08,1040723,337210,1377933,covid19india,,
Meghalaya,2021-09-09,1042841,344028,1386869,covid19india,,
Meghalaya,2021-09-10,1045388,351769,1397157,covid19india,,
Meghalaya,2021-09-11,1046644,358614,1405258,covid19india,,
Meghalaya,2021-09-12,1046691,359010,1405701,covid19india,,
Meghalaya,2021-09-13,1048472,367630,1416102,covid19india,,
Meghalaya,2021-09-14,1050744,374868,1425612,covid19india,,
Meghalaya,2021-09-15,1052630,381707,1434337,covid19india,,
Meghalaya,2021-09-16,1054670,389223,1443893,covid19india,,
Meghalaya,2021-09-17,1056339,395671,1452010,covid19india,,
Meghalaya,2021-09-18,1057381,401929,1459310,covid19india,,
Meghalaya,2021-09-19,1057602,402231,1459833,covid19india,,
Meghalaya,2021-09-20,1059268,411244,1470512,covid19india,,
Meghalaya,2021-09-21,1060881,417957,1478838,covid19india,,
Meghalaya,2021-09-22,1062258,424932,1487190,covid19india,,
Meghalaya,2021-09-23,1063908,431973,1495881,covid19india,,
Meghalaya,2021-09-24,1065290,439020,1504310,covid19india,,
Meghalaya,2021-09-25,1066150,444274,1510424,covid19india,,
Meghalaya,2021-09-26,1066267,444518,1510785,covid19india,,
Meghalaya,2021-09-27,1067855,452529,1520384,covid19india,,
Meghalaya,2021-09-28,1069206,459479,1528685,covid19india,,
Meghalaya,2021-09-29,1070474,465682,1536156,covid19india,,
Meghalaya,2021-09-30,1071622,471712,1543334,covid19india,,
Meghalaya,2021-10-01,1072834,478049,1550883,covid19india,,
Meghalaya,2021-10-02,1073325,480878,1554203,covid19india,,
Meghalaya,2021-10-03,1073366,481118,1554484,covid19india,,
Meghalaya,2021-10-04,1074757,489036,1563793,covid19india,,
Meghalaya,2021-10-05,1076051,496945,1572996,covid19india,,
Meghalaya,2021-10-06,1077266,503001,1580267,covid19india,,
Meghalaya,2021-10-07,1078697,510125,1588822,covid19india,,
Meghalaya,2021-10-08,1080092,516659,1596751,covid19india,,
Meghalaya,2021-10-09,1081166,522376,1603542,covid19india,,
Meghalaya,2021-10-10,1081205,522714,1603919,covid19india,,
Meghalaya,2021-10-11,1082446,529685,1612131,covid19india,,
Miscellaneous,2021-01-16,0,0,0,covid19india,,
Miscellaneous,2021-01-18,14017,0,14017,covid19india,,
Miscellaneous,2021-01-19,14017,0,14017,covid19india,,
Miscellaneous,2021-01-20,26940,0,26940,covid19india,,
Miscellaneous,2021-01-21,32297,0,32297,covid19india,,
Miscellaneous,2021-01-22,36926,0,36926,covid19india,,
Miscellaneous,2021-01-23,40144,0,40144,covid19india,,
Miscellaneous,2021-01-24,40284,0,40284,covid19india,,
Miscellaneous,2021-01-25,43625,0,43625,covid19india,,
Miscellaneous,2021-01-26,43675,0,43675,covid19india,,
Miscellaneous,2021-01-27,46325,0,46325,covid19india,,
Miscellaneous,2021-01-28,48401,0,48401,covid19india,,
Miscellaneous,2021-01-29,50078,0,50078,covid19india,,
Miscellaneous,2021-01-30,52120,0,52120,covid19india,,
Miscellaneous,2021-01-31,52120,0,52120,covid19india,,
Miscellaneous,2021-02-01,54019,0,54019,covid19india,,
Miscellaneous,2021-02-02,55606,0,55606,covid19india,,
Miscellaneous,2021-02-03,57212,0,57212,covid19india,,
Miscellaneous,2021-02-04,58406,0,58406,covid19india,,
Miscellaneous,2021-02-05,60507,0,60507,covid19india,,
Miscellaneous,2021-02-06,62057,0,62057,covid19india,,
Miscellaneous,2021-02-07,62057,0,62057,covid19india,,
Miscellaneous,2021-02-08,63510,0,63510,covid19india,,
Miscellaneous,2021-02-09,67238,0,67238,covid19india,,
Miscellaneous,2021-02-10,74366,0,74366,covid19india,,
Miscellaneous,2021-02-11,84999,0,84999,covid19india,,
Miscellaneous,2021-02-12,99509,0,99509,covid19india,,
Miscellaneous,2021-02-13,115057,215,115272,covid19india,,
Miscellaneous,2021-02-14,116018,430,116448,covid19india,,
Miscellaneous,2021-02-15,132588,3734,136322,covid19india,,
Miscellaneous,2021-02-16,155807,9568,165375,covid19india,,
Miscellaneous,2021-02-17,188661,16639,205300,covid19india,,
Miscellaneous,2021-02-18,226853,22159,249012,covid19india,,
Miscellaneous,2021-02-19,264796,26964,291760,covid19india,,
Miscellaneous,2021-02-20,306557,31590,338147,covid19india,,
Miscellaneous,2021-02-21,309794,31778,341572,covid19india,,
Miscellaneous,2021-02-22,357164,35013,392177,covid19india,,
Miscellaneous,2021-02-23,417079,37214,454293,covid19india,,
Miscellaneous,2021-02-24,469356,39098,508454,covid19india,,
Miscellaneous,2021-02-25,523554,40924,564478,covid19india,,
Miscellaneous,2021-02-26,581724,44020,625744,covid19india,,
Miscellaneous,2021-02-27,638130,46333,684463,covid19india,,
Miscellaneous,2021-02-28,638130,46333,684463,covid19india,,
Miscellaneous,2021-03-01,708575,49083,757658,covid19india,,
Miscellaneous,2021-03-02,802509,50555,853064,covid19india,,
Miscellaneous,2021-03-03,889695,52264,941959,covid19india,,
Miscellaneous,2021-03-04,971969,53551,1025520,covid19india,,
Miscellaneous,2021-03-05,1051222,54958,1106180,covid19india,,
Miscellaneous,2021-03-06,1115834,56358,1172192,covid19india,,
Miscellaneous,2021-03-07,1120975,56647,1177622,covid19india,,
Miscellaneous,2021-03-08,1167767,60574,1228341,covid19india,,
Miscellaneous,2021-03-09,1208056,64025,1272081,covid19india,,
Miscellaneous,2021-03-10,1235746,70212,1305958,covid19india,,
Miscellaneous,2021-03-11,1256680,80035,1336715,covid19india,,
Miscellaneous,2021-03-12,1271209,90269,1361478,covid19india,,
Miscellaneous,2021-03-13,1290020,105596,1395616,covid19india,,
Miscellaneous,2021-03-14,1290561,106161,1396722,covid19india,,
Miscellaneous,2021-03-15,1311082,127134,1438216,covid19india,,
Miscellaneous,2021-03-16,1334512,149817,1484329,covid19india,,
Miscellaneous,2021-03-17,1351329,175943,1527272,covid19india,,
Miscellaneous,2021-03-18,1366369,206444,1572813,covid19india,,
Miscellaneous,2021-03-19,1379747,242686,1622433,covid19india,,
Miscellaneous,2021-03-20,1390280,278151,1668431,covid19india,,
Miscellaneous,2021-03-21,1390280,278151,1668431,covid19india,,
Miscellaneous,2021-03-22,1401610,324749,1726359,covid19india,,
Miscellaneous,2021-03-23,1417279,380094,1797373,covid19india,,
Miscellaneous,2021-03-24,1429948,428666,1858614,covid19india,,
Miscellaneous,2021-03-25,1441472,471430,1912902,covid19india,,
Miscellaneous,2021-03-26,1453210,513612,1966822,covid19india,,
Miscellaneous,2021-03-27,1461524,561921,2023445,covid19india,,
Miscellaneous,2021-03-28,1468271,598754,2067025,covid19india,,
Miscellaneous,2021-03-29,1468477,600796,2069273,covid19india,,
Miscellaneous,2021-03-30,1469950,615462,2085412,covid19india,,
Miscellaneous,2021-03-31,1479101,705949,2185050,covid19india,,
Miscellaneous,2021-04-01,1488931,778111,2267042,covid19india,,
Miscellaneous,2021-04-02,1490081,784745,2274826,covid19india,,
Miscellaneous,2021-04-03,1498293,839517,2337810,covid19india,,
Miscellaneous,2021-04-04,1498594,841755,2340349,covid19india,,
Miscellaneous,2021-04-05,1509648,908129,2417777,covid19india,,
Miscellaneous,2021-04-06,1509067,897782,2406849,covid19india,,
Miscellaneous,2021-04-07,1531779,946322,2478101,covid19india,,
Miscellaneous,2021-04-08,1563868,993037,2556905,covid19india,,
Miscellaneous,2021-04-09,1583314,1023973,2607287,covid19india,,
Miscellaneous,2021-04-10,1591055,1050394,2641449,covid19india,,
Miscellaneous,2021-04-11,1591585,1051846,2643431,covid19india,,
Miscellaneous,2021-04-12,1598441,1077431,2675872,covid19india,,
Miscellaneous,2021-04-13,1604430,1101365,2705795,covid19india,,
Miscellaneous,2021-04-14,1604993,1103306,2708299,covid19india,,
Miscellaneous,2021-04-15,1611266,1125557,2736823,covid19india,,
Miscellaneous,2021-04-16,1618362,1149157,2767519,covid19india,,
Miscellaneous,2021-04-17,1624241,1168145,2792386,covid19india,,
Miscellaneous,2021-04-18,1624617,1168963,2793580,covid19india,,
Miscellaneous,2021-04-19,1628987,1186931,2815918,covid19india,,
Miscellaneous,2021-04-20,1634519,1205819,2840338,covid19india,,
Miscellaneous,2021-04-21,1635109,1207687,2842796,covid19india,,
Miscellaneous,2021-04-22,1641554,1226177,2867731,covid19india,,
Miscellaneous,2021-04-23,1646918,1243072,2889990,covid19india,,
Miscellaneous,2021-04-24,1650564,1253302,2903866,covid19india,,
Miscellaneous,2021-04-25,1651006,1254503,2905509,covid19india,,
Miscellaneous,2021-04-26,1655576,1265898,2921474,covid19india,,
Miscellaneous,2021-04-27,1660246,1277571,2937817,covid19india,,
Miscellaneous,2021-04-28,1664824,1287770,2952594,covid19india,,
Miscellaneous,2021-04-29,1668042,1297463,2965505,covid19india,,
Miscellaneous,2021-04-30,1671037,1306755,2977792,covid19india,,
Miscellaneous,2021-05-01,1673751,1315591,2989342,covid19india,,
Miscellaneous,2021-05-02,1674132,1315998,2990130,covid19india,,
Miscellaneous,2021-05-03,1677577,1324158,3001735,covid19india,,
Miscellaneous,2021-05-04,1680481,1334599,3015080,covid19india,,
Miscellaneous,2021-05-05,1683771,1345414,3029185,covid19india,,
Miscellaneous,2021-05-06,1686676,1354466,3041142,covid19india,,
Miscellaneous,2021-05-07,1689400,1363258,3052658,covid19india,,
Miscellaneous,2021-05-08,1691342,1369593,3060935,covid19india,,
Miscellaneous,2021-05-09,1691368,1369816,3061184,covid19india,,
Miscellaneous,2021-05-10,1693519,1376565,3070084,covid19india,,
Miscellaneous,2021-05-11,1695473,1385222,3080695,covid19india,,
Miscellaneous,2021-05-12,1697480,1391984,3089464,covid19india,,
Miscellaneous,2021-05-13,1699273,1397541,3096814,covid19india,,
Miscellaneous,2021-05-14,1699273,1397541,3096814,covid19india,,
Miscellaneous,2021-05-15,1699273,1397541,3096814,covid19india,,
Miscellaneous,2021-05-16,1700736,1403133,3103869,covid19india,,
Miscellaneous,2021-05-17,1702162,1409149,3111311,covid19india,,
Miscellaneous,2021-05-18,1703718,1415896,3119614,covid19india,,
Miscellaneous,2021-05-19,1705244,1421121,3126365,covid19india,,
Miscellaneous,2021-05-20,1706694,1425899,3132593,covid19india,,
Miscellaneous,2021-05-21,1708478,1431227,3139705,covid19india,,
Miscellaneous,2021-05-22,1709757,1435263,3145020,covid19india,,
Miscellaneous,2021-05-23,1709768,1435428,3145196,covid19india,,
Miscellaneous,2021-05-24,1711180,1439935,3151115,covid19india,,
Miscellaneous,2021-05-25,1713874,1445499,3159373,covid19india,,
Miscellaneous,2021-05-26,1714125,1446279,3160404,covid19india,,
Miscellaneous,2021-05-27,1716130,1451255,3167385,covid19india,,
Miscellaneous,2021-05-28,1717716,1456140,3173856,covid19india,,
Miscellaneous,2021-05-29,1717716,1456140,3173856,covid19india,,
Miscellaneous,2021-05-30,1717716,1456140,3173856,covid19india,,
Miscellaneous,2021-05-31,1721024,1462311,3183335,covid19india,,
Miscellaneous,2021-06-01,1721024,1462311,3183335,covid19india,,
Miscellaneous,2021-06-02,1722460,1468528,3190988,covid19india,,
Miscellaneous,2021-06-03,1723677,1472371,3196048,covid19india,,
Miscellaneous,2021-06-04,1724441,1475029,3199470,covid19india,,
Miscellaneous,2021-06-05,1725285,1477310,3202595,covid19india,,
Miscellaneous,2021-06-06,1725400,1477598,3202998,covid19india,,
Miscellaneous,2021-06-07,1725996,1479867,3205863,covid19india,,
Miscellaneous,2021-06-08,1725996,1479867,3205863,covid19india,,
Miscellaneous,2021-06-09,1726826,1482420,3209246,covid19india,,
Miscellaneous,2021-06-10,1727657,1484920,3212577,covid19india,,
Miscellaneous,2021-06-11,1728480,1487695,3216175,covid19india,,
Miscellaneous,2021-06-12,1729086,1490437,3219523,covid19india,,
Miscellaneous,2021-06-13,1729088,1491542,3220630,covid19india,,
Miscellaneous,2021-06-14,1729682,1494722,3224404,covid19india,,
Miscellaneous,2021-06-15,1730270,1497881,3228151,covid19india,,
Miscellaneous,2021-06-16,1730270,1497881,3228151,covid19india,,
Miscellaneous,2021-06-17,1730270,1497881,3228151,covid19india,,
Miscellaneous,2021-06-18,1731028,1500501,3231529,covid19india,,
Miscellaneous,2021-06-19,1731508,1503233,3234741,covid19india,,
Miscellaneous,2021-06-20,1731546,1504011,3235557,covid19india,,
Miscellaneous,2021-06-21,1732133,1506662,3238795,covid19india,,
Miscellaneous,2021-06-22,1732133,1506662,3238795,covid19india,,
Miscellaneous,2021-06-23,1733415,1511796,3245211,covid19india,,
Miscellaneous,2021-06-24,1733741,1513885,3247626,covid19india,,
Miscellaneous,2021-06-25,1733741,1513885,3247626,covid19india,,
Miscellaneous,2021-06-26,1734532,1515727,3250259,covid19india,,
Miscellaneous,2021-06-27,1735385,1517666,3253051,covid19india,,
Miscellaneous,2021-06-28,1735385,1517666,3253051,covid19india,,
Miscellaneous,2021-06-29,1735859,1519168,3255027,covid19india,,
Miscellaneous,2021-06-30,1736281,1521424,3257705,covid19india,,
Miscellaneous,2021-07-01,1736503,1522551,3259054,covid19india,,
Miscellaneous,2021-07-02,1736701,1523721,3260422,covid19india,,
Miscellaneous,2021-07-03,1736809,1524557,3261366,covid19india,,
Miscellaneous,2021-07-04,1736809,1524557,3261366,covid19india,,
Miscellaneous,2021-07-05,1737099,1525929,3263028,covid19india,,
Miscellaneous,2021-07-06,1737305,1527259,3264564,covid19india,,
Miscellaneous,2021-07-07,1737305,1527259,3264564,covid19india,,
Miscellaneous,2021-07-08,1738410,1529424,3267834,covid19india,,
Miscellaneous,2021-07-09,1738910,1530523,3269433,covid19india,,
Miscellaneous,2021-07-10,1739718,1531464,3271182,covid19india,,
Miscellaneous,2021-07-11,1739847,1531874,3271721,covid19india,,
Miscellaneous,2021-07-12,1740207,1532718,3272925,covid19india,,
Miscellaneous,2021-07-13,1740553,1533607,3274160,covid19india,,
Miscellaneous,2021-07-14,1741146,1534472,3275618,covid19india,,
Miscellaneous,2021-07-15,1741615,1535668,3277283,covid19india,,
Miscellaneous,2021-07-16,1742225,1537084,3279309,covid19india,,
Miscellaneous,2021-07-17,1742335,1537622,3279957,covid19india,,
Miscellaneous,2021-07-18,1742335,1537622,3279957,covid19india,,
Miscellaneous,2021-07-19,1742664,1538797,3281461,covid19india,,
Miscellaneous,2021-07-20,1743023,1539520,3282543,covid19india,,
Miscellaneous,2021-07-21,1743095,1539569,3282664,covid19india,,
Miscellaneous,2021-07-22,1743250,1540244,3283494,covid19india,,
Miscellaneous,2021-07-23,1743375,1541121,3284496,covid19india,,
Miscellaneous,2021-07-24,1743424,1541473,3284897,covid19india,,
Miscellaneous,2021-07-25,1743455,1541611,3285066,covid19india,,
Miscellaneous,2021-07-26,1743698,1542288,3285986,covid19india,,
Miscellaneous,2021-07-27,1743886,1543190,3287076,covid19india,,
Miscellaneous,2021-07-28,1743954,1543824,3287778,covid19india,,
Miscellaneous,2021-07-29,1744072,1544630,3288702,covid19india,,
Miscellaneous,2021-07-30,1744376,1545196,3289572,covid19india,,
Miscellaneous,2021-07-31,1744376,1545196,3289572,covid19india,,
Miscellaneous,2021-08-01,1744376,1545196,3289572,covid19india,,
Miscellaneous,2021-08-02,1744632,1546029,3290661,covid19india,,
Miscellaneous,2021-08-03,1744760,1546493,3291253,covid19india,,
Miscellaneous,2021-08-04,1744974,1547138,3292112,covid19india,,
Miscellaneous,2021-08-05,1745100,1547685,3292785,covid19india,,
Miscellaneous,2021-08-06,1899821,1548073,3447894,covid19india,,
Miscellaneous,2021-08-07,1899985,1548575,3448560,covid19india,,
Miscellaneous,2021-08-08,1899985,1548575,3448560,covid19india,,
Miscellaneous,2021-08-09,1900173,1549042,3449215,covid19india,,
Miscellaneous,2021-08-10,1900366,1549702,3450068,covid19india,,
Miscellaneous,2021-08-11,1900491,1550381,3450872,covid19india,,
Miscellaneous,2021-08-12,1900736,1550910,3451646,covid19india,,
Miscellaneous,2021-08-13,1900736,1550910,3451646,covid19india,,
Miscellaneous,2021-08-14,1900807,1551252,3452059,covid19india,,
Miscellaneous,2021-08-15,1900807,1551347,3452154,covid19india,,
Miscellaneous,2021-08-16,1900807,1551347,3452154,covid19india,,
Miscellaneous,2021-08-17,1900922,1551733,3452655,covid19india,,
Miscellaneous,2021-08-18,1900922,1551733,3452655,covid19india,,
Miscellaneous,2021-08-19,1901106,1552389,3453495,covid19india,,
Miscellaneous,2021-08-20,1901106,1552389,3453495,covid19india,,
Miscellaneous,2021-08-21,1901257,1553074,3454331,covid19india,,
Miscellaneous,2021-08-22,1901257,1553074,3454331,covid19india,,
Miscellaneous,2021-08-23,1901297,1553338,3454635,covid19india,,
Miscellaneous,2021-08-24,1901515,1553907,3455422,covid19india,,
Miscellaneous,2021-08-25,1901587,1554136,3455723,covid19india,,
Miscellaneous,2021-08-26,1901673,1554402,3456075,covid19india,,
Miscellaneous,2021-08-27,1901673,1554402,3456075,covid19india,,
Miscellaneous,2021-08-29,1901778,1554591,3456369,covid19india,,
Miscellaneous,2021-08-30,1901778,1554591,3456369,covid19india,,
Miscellaneous,2021-08-31,1901906,1554951,3456857,covid19india,,
Miscellaneous,2021-09-01,1901906,1554951,3456857,covid19india,,
Miscellaneous,2021-09-02,1902038,1555114,3457152,covid19india,,
Miscellaneous,2021-09-03,1902082,1555313,3457395,covid19india,,
Miscellaneous,2021-09-04,1902082,1555313,3457395,covid19india,,
Miscellaneous,2021-09-05,1902117,1555523,3457640,covid19india,,
Miscellaneous,2021-09-06,1902152,1555730,3457882,covid19india,,
Miscellaneous,2021-09-07,1902200,1555985,3458185,covid19india,,
Miscellaneous,2021-09-08,1902200,1555985,3458185,covid19india,,
Miscellaneous,2021-09-09,1902322,1556469,3458791,covid19india,,
Miscellaneous,2021-09-10,1902322,1556469,3458791,covid19india,,
Miscellaneous,2021-09-11,1902322,1556469,3458791,covid19india,,
Miscellaneous,2021-09-12,1902403,1556776,3459179,covid19india,,
Miscellaneous,2021-09-13,1902449,1556975,3459424,covid19india,,
Miscellaneous,2021-09-14,1902502,1557245,3459747,covid19india,,
Miscellaneous,2021-09-15,1902540,1557571,3460111,covid19india,,
Miscellaneous,2021-09-16,1902540,1557571,3460111,covid19india,,
Miscellaneous,2021-09-17,1902588,1557957,3460545,covid19india,,
Miscellaneous,2021-09-18,1902673,1558301,3460974,covid19india,,
Miscellaneous,2021-09-19,1902673,1558301,3460974,covid19india,,
Miscellaneous,2021-09-20,1902673,1558301,3460974,covid19india,,
Miscellaneous,2021-09-21,1902715,1558441,3461156,covid19india,,
Miscellaneous,2021-09-22,1902750,1558657,3461407,covid19india,,
Miscellaneous,2021-09-23,1902795,1558835,3461630,covid19india,,
Miscellaneous,2021-09-24,1902795,1558835,3461630,covid19india,,
Miscellaneous,2021-09-25,1902806,1559051,3461857,covid19india,,
Miscellaneous,2021-09-26,1902834,1559219,3462053,covid19india,,
Miscellaneous,2021-09-27,1902869,1559358,3462227,covid19india,,
Miscellaneous,2021-09-28,1902879,1559455,3462334,covid19india,,
Miscellaneous,2021-09-29,1902903,1559581,3462484,covid19india,,
Miscellaneous,2021-09-30,1902903,1559581,3462484,covid19india,,
Miscellaneous,2021-10-01,1902947,1559822,3462769,covid19india,,
Miscellaneous,2021-10-02,1902970,1559989,3462959,covid19india,,
Miscellaneous,2021-10-03,1902970,1559989,3462959,covid19india,,
Miscellaneous,2021-10-04,1902970,1559989,3462959,covid19india,,
Miscellaneous,2021-10-05,1903002,1560345,3463347,covid19india,,
Miscellaneous,2021-10-06,1903002,1560345,3463347,covid19india,,
Miscellaneous,2021-10-07,1903020,1560630,3463650,covid19india,,
Miscellaneous,2021-10-08,1903044,1560952,3463996,covid19india,,
Miscellaneous,2021-10-09,1903052,1561135,3464187,covid19india,,
Miscellaneous,2021-10-10,1903052,1561135,3464187,covid19india,,
Miscellaneous,2021-10-11,1903061,1561392,3464453,covid19india,,
Mizoram,2021-01-16,314,0,314,covid19india,,
Mizoram,2021-01-18,554,0,554,covid19india,,
Mizoram,2021-01-19,1091,0,1091,covid19india,,
Mizoram,2021-01-20,1508,0,1508,covid19india,,
Mizoram,2021-01-21,2537,0,2537,covid19india,,
Mizoram,2021-01-22,3657,0,3657,covid19india,,
Mizoram,2021-01-23,3979,0,3979,covid19india,,
Mizoram,2021-01-24,3979,0,3979,covid19india,,
Mizoram,2021-01-25,4852,0,4852,covid19india,,
Mizoram,2021-01-26,4852,0,4852,covid19india,,
Mizoram,2021-01-27,6142,0,6142,covid19india,,
Mizoram,2021-01-28,6728,0,6728,covid19india,,
Mizoram,2021-01-29,8497,0,8497,covid19india,,
Mizoram,2021-01-30,9346,0,9346,covid19india,,
Mizoram,2021-01-31,9346,0,9346,covid19india,,
Mizoram,2021-02-01,9932,0,9932,covid19india,,
Mizoram,2021-02-02,9932,0,9932,covid19india,,
Mizoram,2021-02-03,9995,0,9995,covid19india,,
Mizoram,2021-02-04,10044,0,10044,covid19india,,
Mizoram,2021-02-05,10555,0,10555,covid19india,,
Mizoram,2021-02-06,10937,0,10937,covid19india,,
Mizoram,2021-02-07,10937,0,10937,covid19india,,
Mizoram,2021-02-08,10937,0,10937,covid19india,,
Mizoram,2021-02-09,11046,0,11046,covid19india,,
Mizoram,2021-02-10,11046,0,11046,covid19india,,
Mizoram,2021-02-11,11046,0,11046,covid19india,,
Mizoram,2021-02-12,11332,0,11332,covid19india,,
Mizoram,2021-02-13,11494,74,11568,covid19india,,
Mizoram,2021-02-14,11680,74,11754,covid19india,,
Mizoram,2021-02-15,12330,227,12557,covid19india,,
Mizoram,2021-02-16,12330,227,12557,covid19india,,
Mizoram,2021-02-17,12976,585,13561,covid19india,,
Mizoram,2021-02-18,13731,1384,15115,covid19india,,
Mizoram,2021-02-19,14428,2206,16634,covid19india,,
Mizoram,2021-02-20,14627,2241,16868,covid19india,,
Mizoram,2021-02-21,14627,2241,16868,covid19india,,
Mizoram,2021-02-22,15749,3052,18801,covid19india,,
Mizoram,2021-02-23,17315,3490,20805,covid19india,,
Mizoram,2021-02-24,19643,4031,23674,covid19india,,
Mizoram,2021-02-25,20955,4876,25831,covid19india,,
Mizoram,2021-02-26,21997,5659,27656,covid19india,,
Mizoram,2021-02-27,21997,5659,27656,covid19india,,
Mizoram,2021-02-28,21997,5659,27656,covid19india,,
Mizoram,2021-03-01,22819,6694,29513,covid19india,,
Mizoram,2021-03-02,25374,8092,33466,covid19india,,
Mizoram,2021-03-03,28350,9036,37386,covid19india,,
Mizoram,2021-03-04,30949,9109,40058,covid19india,,
Mizoram,2021-03-05,31804,9171,40975,covid19india,,
Mizoram,2021-03-06,32984,9213,42197,covid19india,,
Mizoram,2021-03-07,32984,9213,42197,covid19india,,
Mizoram,2021-03-08,34814,9276,44090,covid19india,,
Mizoram,2021-03-09,37761,9400,47161,covid19india,,
Mizoram,2021-03-10,41288,9799,51087,covid19india,,
Mizoram,2021-03-11,42920,9946,52866,covid19india,,
Mizoram,2021-03-12,44223,10008,54231,covid19india,,
Mizoram,2021-03-13,44703,10084,54787,covid19india,,
Mizoram,2021-03-14,44703,10084,54787,covid19india,,
Mizoram,2021-03-15,46178,10514,56692,covid19india,,
Mizoram,2021-03-16,48736,10608,59344,covid19india,,
Mizoram,2021-03-17,49392,10671,60063,covid19india,,
Mizoram,2021-03-18,49814,11212,61026,covid19india,,
Mizoram,2021-03-19,50055,11564,61619,covid19india,,
Mizoram,2021-03-20,50501,11746,62247,covid19india,,
Mizoram,2021-03-21,50501,11746,62247,covid19india,,
Mizoram,2021-03-22,50754,12079,62833,covid19india,,
Mizoram,2021-03-23,51146,12461,63607,covid19india,,
Mizoram,2021-03-24,51375,12564,63939,covid19india,,
Mizoram,2021-03-25,51831,12719,64550,covid19india,,
Mizoram,2021-03-26,52575,13156,65731,covid19india,,
Mizoram,2021-03-27,52575,13156,65731,covid19india,,
Mizoram,2021-03-28,52575,13156,65731,covid19india,,
Mizoram,2021-03-29,52576,13272,65848,covid19india,,
Mizoram,2021-03-30,52785,13527,66312,covid19india,,
Mizoram,2021-03-31,52859,13807,66666,covid19india,,
Mizoram,2021-04-01,53603,14421,68024,covid19india,,
Mizoram,2021-04-02,56979,14889,71868,covid19india,,
Mizoram,2021-04-03,57050,14937,71987,covid19india,,
Mizoram,2021-04-04,57059,14971,72030,covid19india,,
Mizoram,2021-04-05,57835,15731,73566,covid19india,,
Mizoram,2021-04-06,60838,17526,78364,covid19india,,
Mizoram,2021-04-07,63880,18290,82170,covid19india,,
Mizoram,2021-04-08,67481,19506,86987,covid19india,,
Mizoram,2021-04-09,71542,21136,92678,covid19india,,
Mizoram,2021-04-10,73635,21594,95229,covid19india,,
Mizoram,2021-04-11,73847,22010,95857,covid19india,,
Mizoram,2021-04-12,81107,23971,105078,covid19india,,
Mizoram,2021-04-13,87337,25769,113106,covid19india,,
Mizoram,2021-04-14,94675,28385,123060,covid19india,,
Mizoram,2021-04-15,105266,30317,135583,covid19india,,
Mizoram,2021-04-16,117031,31042,148073,covid19india,,
Mizoram,2021-04-17,122337,31701,154038,covid19india,,
Mizoram,2021-04-18,122419,31764,154183,covid19india,,
Mizoram,2021-04-19,131788,33045,164833,covid19india,,
Mizoram,2021-04-20,139761,34618,174379,covid19india,,
Mizoram,2021-04-21,144527,36302,180829,covid19india,,
Mizoram,2021-04-22,156092,38044,194136,covid19india,,
Mizoram,2021-04-23,166665,39526,206191,covid19india,,
Mizoram,2021-04-24,170791,40351,211142,covid19india,,
Mizoram,2021-04-25,170859,40378,211237,covid19india,,
Mizoram,2021-04-26,181154,42285,223439,covid19india,,
Mizoram,2021-04-27,191462,43697,235159,covid19india,,
Mizoram,2021-04-28,199993,43924,243917,covid19india,,
Mizoram,2021-04-29,206116,44330,250446,covid19india,,
Mizoram,2021-04-30,211363,44733,256096,covid19india,,
Mizoram,2021-05-01,214013,44909,258922,covid19india,,
Mizoram,2021-05-02,213937,44878,258815,covid19india,,
Mizoram,2021-05-03,218489,45096,263585,covid19india,,
Mizoram,2021-05-04,221756,45673,267429,covid19india,,
Mizoram,2021-05-05,225105,45887,270992,covid19india,,
Mizoram,2021-05-06,228855,46324,275179,covid19india,,
Mizoram,2021-05-07,230488,46817,277305,covid19india,,
Mizoram,2021-05-08,230871,46989,277860,covid19india,,
Mizoram,2021-05-09,230871,46989,277860,covid19india,,
Mizoram,2021-05-10,232513,48687,281200,covid19india,,
Mizoram,2021-05-11,233731,50260,283991,covid19india,,
Mizoram,2021-05-12,235142,50405,285547,covid19india,,
Mizoram,2021-05-13,236835,50700,287535,covid19india,,
Mizoram,2021-05-14,237504,50839,288343,covid19india,,
Mizoram,2021-05-15,238195,50900,289095,covid19india,,
Mizoram,2021-05-16,238215,50900,289115,covid19india,,
Mizoram,2021-05-17,240098,50902,291000,covid19india,,
Mizoram,2021-05-18,242712,50908,293620,covid19india,,
Mizoram,2021-05-19,245986,50911,296897,covid19india,,
Mizoram,2021-05-20,250241,50978,301219,covid19india,,
Mizoram,2021-05-21,252192,50982,303174,covid19india,,
Mizoram,2021-05-22,252195,50982,303177,covid19india,,
Mizoram,2021-05-23,252190,50982,303172,covid19india,,
Mizoram,2021-05-24,253879,51045,304924,covid19india,,
Mizoram,2021-05-25,255368,51058,306426,covid19india,,
Mizoram,2021-05-26,256097,51060,307157,covid19india,,
Mizoram,2021-05-27,257521,51070,308591,covid19india,,
Mizoram,2021-05-28,260316,51085,311401,covid19india,,
Mizoram,2021-05-29,262293,51087,313380,covid19india,,
Mizoram,2021-05-30,262364,51087,313451,covid19india,,
Mizoram,2021-05-31,264123,51117,315240,covid19india,,
Mizoram,2021-06-01,265115,51144,316259,covid19india,,
Mizoram,2021-06-02,265606,51152,316758,covid19india,,
Mizoram,2021-06-03,267025,51171,318196,covid19india,,
Mizoram,2021-06-04,271065,51215,322280,covid19india,,
Mizoram,2021-06-05,272303,51215,323518,covid19india,,
Mizoram,2021-06-06,272304,51215,323519,covid19india,,
Mizoram,2021-06-07,276294,51410,327704,covid19india,,
Mizoram,2021-06-08,279876,51576,331452,covid19india,,
Mizoram,2021-06-09,283167,51870,335037,covid19india,,
Mizoram,2021-06-10,287688,51887,339575,covid19india,,
Mizoram,2021-06-11,290811,52035,342846,covid19india,,
Mizoram,2021-06-12,291725,52319,344044,covid19india,,
Mizoram,2021-06-13,291725,52319,344044,covid19india,,
Mizoram,2021-06-14,304944,52350,357294,covid19india,,
Mizoram,2021-06-15,320683,52393,373076,covid19india,,
Mizoram,2021-06-16,341314,52406,393720,covid19india,,
Mizoram,2021-06-17,357803,52635,410438,covid19india,,
Mizoram,2021-06-18,368706,52653,421359,covid19india,,
Mizoram,2021-06-19,376028,52652,428680,covid19india,,
Mizoram,2021-06-20,376024,52652,428676,covid19india,,
Mizoram,2021-06-21,392951,52806,445757,covid19india,,
Mizoram,2021-06-22,420398,52862,473260,covid19india,,
Mizoram,2021-06-23,443241,53016,496257,covid19india,,
Mizoram,2021-06-24,465461,53086,518547,covid19india,,
Mizoram,2021-06-25,487327,53195,540522,covid19india,,
Mizoram,2021-06-26,497203,53240,550443,covid19india,,
Mizoram,2021-06-27,497356,53240,550596,covid19india,,
Mizoram,2021-06-28,506474,53460,559934,covid19india,,
Mizoram,2021-06-29,514605,53993,568598,covid19india,,
Mizoram,2021-06-30,518686,54369,573055,covid19india,,
Mizoram,2021-07-01,524954,55599,580553,covid19india,,
Mizoram,2021-07-02,534950,57722,592672,covid19india,,
Mizoram,2021-07-03,540569,59673,600242,covid19india,,
Mizoram,2021-07-04,540706,59673,600379,covid19india,,
Mizoram,2021-07-05,548934,62963,611897,covid19india,,
Mizoram,2021-07-06,554964,65647,620611,covid19india,,
Mizoram,2021-07-07,562364,69749,632113,covid19india,,
Mizoram,2021-07-08,572405,77211,649616,covid19india,,
Mizoram,2021-07-09,580502,86722,667224,covid19india,,
Mizoram,2021-07-10,583307,88062,671369,covid19india,,
Mizoram,2021-07-11,583639,88062,671701,covid19india,,
Mizoram,2021-07-12,588467,96562,685029,covid19india,,
Mizoram,2021-07-13,595382,103294,698676,covid19india,,
Mizoram,2021-07-14,600309,108960,709269,covid19india,,
Mizoram,2021-07-15,604815,116269,721084,covid19india,,
Mizoram,2021-07-16,608489,125152,733641,covid19india,,
Mizoram,2021-07-17,609286,127508,736794,covid19india,,
Mizoram,2021-07-18,609380,127514,736894,covid19india,,
Mizoram,2021-07-19,614394,137962,752356,covid19india,,
Mizoram,2021-07-20,619675,149231,768906,covid19india,,
Mizoram,2021-07-21,621330,152596,773926,covid19india,,
Mizoram,2021-07-22,624169,161962,786131,covid19india,,
Mizoram,2021-07-23,626386,170442,796828,covid19india,,
Mizoram,2021-07-24,626561,171543,798104,covid19india,,
Mizoram,2021-07-25,626660,171640,798300,covid19india,,
Mizoram,2021-07-26,628521,175309,803830,covid19india,,
Mizoram,2021-07-27,630725,182336,813061,covid19india,,
Mizoram,2021-07-28,633507,188079,821586,covid19india,,
Mizoram,2021-07-29,636054,191759,827813,covid19india,,
Mizoram,2021-07-30,638084,195504,833588,covid19india,,
Mizoram,2021-07-31,643821,196953,840774,covid19india,,
Mizoram,2021-08-01,643958,197013,840971,covid19india,,
Mizoram,2021-08-02,644980,198165,843145,covid19india,,
Mizoram,2021-08-03,645846,198929,844775,covid19india,,
Mizoram,2021-08-04,647051,200035,847086,covid19india,,
Mizoram,2021-08-05,648930,201734,850664,covid19india,,
Mizoram,2021-08-06,651442,204046,855488,covid19india,,
Mizoram,2021-08-07,653314,204952,858266,covid19india,,
Mizoram,2021-08-08,653446,204972,858418,covid19india,,
Mizoram,2021-08-09,654946,206780,861726,covid19india,,
Mizoram,2021-08-10,656018,209089,865107,covid19india,,
Mizoram,2021-08-11,657301,212015,869316,covid19india,,
Mizoram,2021-08-12,658520,215259,873779,covid19india,,
Mizoram,2021-08-13,659610,217374,876984,covid19india,,
Mizoram,2021-08-14,660143,217691,877834,covid19india,,
Mizoram,2021-08-15,660326,217853,878179,covid19india,,
Mizoram,2021-08-16,661354,220146,881500,covid19india,,
Mizoram,2021-08-17,662166,221624,883790,covid19india,,
Mizoram,2021-08-18,662987,223029,886016,covid19india,,
Mizoram,2021-08-19,664714,224574,889288,covid19india,,
Mizoram,2021-08-20,665666,225827,891493,covid19india,,
Mizoram,2021-08-21,665491,225976,891467,covid19india,,
Mizoram,2021-08-22,665740,225941,891681,covid19india,,
Mizoram,2021-08-23,666271,227831,894102,covid19india,,
Mizoram,2021-08-24,667563,229581,897144,covid19india,,
Mizoram,2021-08-25,668137,230835,898972,covid19india,,
Mizoram,2021-08-26,668821,231518,900339,covid19india,,
Mizoram,2021-08-27,669369,233563,902932,covid19india,,
Mizoram,2021-08-29,669582,234012,903594,covid19india,,
Mizoram,2021-08-30,669821,235748,905569,covid19india,,
Mizoram,2021-08-31,670273,237474,907747,covid19india,,
Mizoram,2021-09-01,670431,238618,909049,covid19india,,
Mizoram,2021-09-02,671357,241093,912450,covid19india,,
Mizoram,2021-09-03,672129,245138,917267,covid19india,,
Mizoram,2021-09-04,673046,245670,918716,covid19india,,
Mizoram,2021-09-05,673147,245689,918836,covid19india,,
Mizoram,2021-09-06,674375,253437,927812,covid19india,,
Mizoram,2021-09-07,675308,265818,941126,covid19india,,
Mizoram,2021-09-08,675907,274873,950780,covid19india,,
Mizoram,2021-09-09,677321,286213,963534,covid19india,,
Mizoram,2021-09-10,678245,295019,973264,covid19india,,
Mizoram,2021-09-11,678503,297260,975763,covid19india,,
Mizoram,2021-09-12,678503,297260,975763,covid19india,,
Mizoram,2021-09-13,679460,306546,986006,covid19india,,
Mizoram,2021-09-14,680500,320197,1000697,covid19india,,
Mizoram,2021-09-15,681705,335688,1017393,covid19india,,
Mizoram,2021-09-16,682690,346555,1029245,covid19india,,
Mizoram,2021-09-17,684018,358478,1042496,covid19india,,
Mizoram,2021-09-18,684563,362438,1047001,covid19india,,
Mizoram,2021-09-19,684563,362438,1047001,covid19india,,
Mizoram,2021-09-20,686094,372751,1058845,covid19india,,
Mizoram,2021-09-21,687871,383502,1071373,covid19india,,
Mizoram,2021-09-22,689432,393509,1082941,covid19india,,
Mizoram,2021-09-23,690706,402479,1093185,covid19india,,
Mizoram,2021-09-24,691910,411646,1103556,covid19india,,
Mizoram,2021-09-25,692643,413301,1105944,covid19india,,
Mizoram,2021-09-26,692897,413332,1106229,covid19india,,
Mizoram,2021-09-27,693977,419676,1113653,covid19india,,
Mizoram,2021-09-28,695394,426710,1122104,covid19india,,
Mizoram,2021-09-29,696273,434973,1131246,covid19india,,
Mizoram,2021-09-30,696934,441294,1138228,covid19india,,
Mizoram,2021-10-01,697722,445928,1143650,covid19india,,
Mizoram,2021-10-02,697797,446502,1144299,covid19india,,
Mizoram,2021-10-03,697797,446502,1144299,covid19india,,
Mizoram,2021-10-04,698228,449816,1148044,covid19india,,
Mizoram,2021-10-05,699126,454324,1153450,covid19india,,
Mizoram,2021-10-06,699659,457911,1157570,covid19india,,
Mizoram,2021-10-07,700477,463257,1163734,covid19india,,
Mizoram,2021-10-08,701243,468842,1170085,covid19india,,
Mizoram,2021-10-09,701296,469445,1170741,covid19india,,
Mizoram,2021-10-10,701301,469486,1170787,covid19india,,
Mizoram,2021-10-11,702292,473999,1176291,covid19india,,
Nagaland,2021-01-16,561,0,561,covid19india,,
Nagaland,2021-01-18,1436,0,1436,covid19india,,
Nagaland,2021-01-19,2286,0,2286,covid19india,,
Nagaland,2021-01-20,2988,0,2988,covid19india,,
Nagaland,2021-01-21,3187,0,3187,covid19india,,
Nagaland,2021-01-22,3443,0,3443,covid19india,,
Nagaland,2021-01-23,3443,0,3443,covid19india,,
Nagaland,2021-01-24,3443,0,3443,covid19india,,
Nagaland,2021-01-25,3675,0,3675,covid19india,,
Nagaland,2021-01-26,3675,0,3675,covid19india,,
Nagaland,2021-01-27,3973,0,3973,covid19india,,
Nagaland,2021-01-28,3973,0,3973,covid19india,,
Nagaland,2021-01-29,3973,0,3973,covid19india,,
Nagaland,2021-01-30,3993,0,3993,covid19india,,
Nagaland,2021-01-31,3993,0,3993,covid19india,,
Nagaland,2021-02-01,3998,0,3998,covid19india,,
Nagaland,2021-02-02,4093,0,4093,covid19india,,
Nagaland,2021-02-03,4244,0,4244,covid19india,,
Nagaland,2021-02-04,4405,0,4405,covid19india,,
Nagaland,2021-02-05,4515,0,4515,covid19india,,
Nagaland,2021-02-06,4535,0,4535,covid19india,,
Nagaland,2021-02-07,4535,0,4535,covid19india,,
Nagaland,2021-02-08,4973,0,4973,covid19india,,
Nagaland,2021-02-09,5826,0,5826,covid19india,,
Nagaland,2021-02-10,7167,0,7167,covid19india,,
Nagaland,2021-02-11,8371,0,8371,covid19india,,
Nagaland,2021-02-12,9125,0,9125,covid19india,,
Nagaland,2021-02-13,9684,0,9684,covid19india,,
Nagaland,2021-02-14,9695,123,9818,covid19india,,
Nagaland,2021-02-15,11601,341,11942,covid19india,,
Nagaland,2021-02-16,15025,1209,16234,covid19india,,
Nagaland,2021-02-17,16502,1750,18252,covid19india,,
Nagaland,2021-02-18,18398,2661,21059,covid19india,,
Nagaland,2021-02-19,20603,3419,24022,covid19india,,
Nagaland,2021-02-20,21526,3909,25435,covid19india,,
Nagaland,2021-02-21,21526,3909,25435,covid19india,,
Nagaland,2021-02-22,23391,4418,27809,covid19india,,
Nagaland,2021-02-23,24985,4819,29804,covid19india,,
Nagaland,2021-02-24,27195,5141,32336,covid19india,,
Nagaland,2021-02-25,28691,5425,34116,covid19india,,
Nagaland,2021-02-26,29806,5497,35303,covid19india,,
Nagaland,2021-02-27,29806,5497,35303,covid19india,,
Nagaland,2021-02-28,29806,5497,35303,covid19india,,
Nagaland,2021-03-01,30251,5579,35830,covid19india,,
Nagaland,2021-03-02,31432,5678,37110,covid19india,,
Nagaland,2021-03-03,33810,5766,39576,covid19india,,
Nagaland,2021-03-04,35222,5918,41140,covid19india,,
Nagaland,2021-03-05,35901,5994,41895,covid19india,,
Nagaland,2021-03-06,36626,6043,42669,covid19india,,
Nagaland,2021-03-07,36626,6043,42669,covid19india,,
Nagaland,2021-03-08,39036,6433,45469,covid19india,,
Nagaland,2021-03-09,40755,6924,47679,covid19india,,
Nagaland,2021-03-10,42504,7777,50281,covid19india,,
Nagaland,2021-03-11,43972,9008,52980,covid19india,,
Nagaland,2021-03-12,44508,9518,54026,covid19india,,
Nagaland,2021-03-13,44734,9841,54575,covid19india,,
Nagaland,2021-03-14,44747,9968,54715,covid19india,,
Nagaland,2021-03-15,46765,11517,58282,covid19india,,
Nagaland,2021-03-16,48238,12962,61200,covid19india,,
Nagaland,2021-03-17,49248,13900,63148,covid19india,,
Nagaland,2021-03-18,50642,15273,65915,covid19india,,
Nagaland,2021-03-19,51428,15925,67353,covid19india,,
Nagaland,2021-03-20,51682,16252,67934,covid19india,,
Nagaland,2021-03-21,51682,16252,67934,covid19india,,
Nagaland,2021-03-22,54152,18819,72971,covid19india,,
Nagaland,2021-03-23,56667,20013,76680,covid19india,,
Nagaland,2021-03-24,57853,20994,78847,covid19india,,
Nagaland,2021-03-25,58818,21651,80469,covid19india,,
Nagaland,2021-03-26,59450,21967,81417,covid19india,,
Nagaland,2021-03-27,59603,22073,81676,covid19india,,
Nagaland,2021-03-28,59603,22073,81676,covid19india,,
Nagaland,2021-03-29,59620,22074,81694,covid19india,,
Nagaland,2021-03-30,62104,23183,85287,covid19india,,
Nagaland,2021-03-31,63473,23774,87247,covid19india,,
Nagaland,2021-04-01,65168,24347,89515,covid19india,,
Nagaland,2021-04-02,60743,23028,83771,covid19india,,
Nagaland,2021-04-03,60826,23165,83991,covid19india,,
Nagaland,2021-04-04,60909,23222,84131,covid19india,,
Nagaland,2021-04-05,62688,23533,86221,covid19india,,
Nagaland,2021-04-06,65756,24347,90103,covid19india,,
Nagaland,2021-04-07,69379,24845,94224,covid19india,,
Nagaland,2021-04-08,72339,25524,97863,covid19india,,
Nagaland,2021-04-09,74498,26035,100533,covid19india,,
Nagaland,2021-04-10,75334,26146,101480,covid19india,,
Nagaland,2021-04-11,79484,26370,105854,covid19india,,
Nagaland,2021-04-12,86340,27601,113941,covid19india,,
Nagaland,2021-04-13,92503,28351,120854,covid19india,,
Nagaland,2021-04-14,98959,29173,128132,covid19india,,
Nagaland,2021-04-15,102972,30077,133049,covid19india,,
Nagaland,2021-04-16,107194,30445,137639,covid19india,,
Nagaland,2021-04-17,108524,30527,139051,covid19india,,
Nagaland,2021-04-18,109570,30536,140106,covid19india,,
Nagaland,2021-04-19,117084,31597,148681,covid19india,,
Nagaland,2021-04-20,122615,32580,155195,covid19india,,
Nagaland,2021-04-21,128949,33469,162418,covid19india,,
Nagaland,2021-04-22,134903,34316,169219,covid19india,,
Nagaland,2021-04-23,136697,34908,171605,covid19india,,
Nagaland,2021-04-24,137230,35047,172277,covid19india,,
Nagaland,2021-04-25,137580,35067,172647,covid19india,,
Nagaland,2021-04-26,141444,36752,178196,covid19india,,
Nagaland,2021-04-27,145553,37650,183203,covid19india,,
Nagaland,2021-04-28,150926,38839,189765,covid19india,,
Nagaland,2021-04-29,155612,39817,195429,covid19india,,
Nagaland,2021-04-30,158599,40215,198814,covid19india,,
Nagaland,2021-05-01,159659,40327,199986,covid19india,,
Nagaland,2021-05-02,159923,40345,200268,covid19india,,
Nagaland,2021-05-03,163471,41698,205169,covid19india,,
Nagaland,2021-05-04,165818,43798,209616,covid19india,,
Nagaland,2021-05-05,168445,44667,213112,covid19india,,
Nagaland,2021-05-06,170091,45612,215703,covid19india,,
Nagaland,2021-05-07,171595,46252,217847,covid19india,,
Nagaland,2021-05-08,171744,46344,218088,covid19india,,
Nagaland,2021-05-09,172178,46358,218536,covid19india,,
Nagaland,2021-05-10,174486,47871,222357,covid19india,,
Nagaland,2021-05-11,176227,49549,225776,covid19india,,
Nagaland,2021-05-12,177837,50247,228084,covid19india,,
Nagaland,2021-05-13,179882,51321,231203,covid19india,,
Nagaland,2021-05-14,180740,51642,232382,covid19india,,
Nagaland,2021-05-15,181013,51721,232734,covid19india,,
Nagaland,2021-05-16,181266,51728,232994,covid19india,,
Nagaland,2021-05-17,185316,51742,237058,covid19india,,
Nagaland,2021-05-18,190693,51763,242456,covid19india,,
Nagaland,2021-05-19,192775,51772,244547,covid19india,,
Nagaland,2021-05-20,194818,51838,246656,covid19india,,
Nagaland,2021-05-21,195377,51843,247220,covid19india,,
Nagaland,2021-05-22,195477,51845,247322,covid19india,,
Nagaland,2021-05-23,195650,51845,247495,covid19india,,
Nagaland,2021-05-24,201514,51849,253363,covid19india,,
Nagaland,2021-05-25,207799,51861,259660,covid19india,,
Nagaland,2021-05-26,208821,51875,260696,covid19india,,
Nagaland,2021-05-27,209583,51888,261471,covid19india,,
Nagaland,2021-05-28,210301,51920,262221,covid19india,,
Nagaland,2021-05-29,210545,51930,262475,covid19india,,
Nagaland,2021-05-30,210628,51930,262558,covid19india,,
Nagaland,2021-05-31,216970,51942,268912,covid19india,,
Nagaland,2021-06-01,222998,51951,274949,covid19india,,
Nagaland,2021-06-02,225133,51983,277116,covid19india,,
Nagaland,2021-06-03,227781,51998,279779,covid19india,,
Nagaland,2021-06-04,229598,52038,281636,covid19india,,
Nagaland,2021-06-05,229807,52039,281846,covid19india,,
Nagaland,2021-06-06,230387,52045,282432,covid19india,,
Nagaland,2021-06-07,239503,52079,291582,covid19india,,
Nagaland,2021-06-08,249337,52134,301471,covid19india,,
Nagaland,2021-06-09,259990,52166,312156,covid19india,,
Nagaland,2021-06-10,267970,52281,320251,covid19india,,
Nagaland,2021-06-11,276976,52318,329294,covid19india,,
Nagaland,2021-06-12,280485,52321,332806,covid19india,,
Nagaland,2021-06-13,283720,52332,336052,covid19india,,
Nagaland,2021-06-14,297138,52396,349534,covid19india,,
Nagaland,2021-06-15,309192,52465,361657,covid19india,,
Nagaland,2021-06-16,320388,52571,372959,covid19india,,
Nagaland,2021-06-17,329521,52827,382348,covid19india,,
Nagaland,2021-06-18,339030,52965,391995,covid19india,,
Nagaland,2021-06-19,341966,52992,394958,covid19india,,
Nagaland,2021-06-20,346305,53011,399316,covid19india,,
Nagaland,2021-06-21,356323,53143,409466,covid19india,,
Nagaland,2021-06-22,366376,53395,419771,covid19india,,
Nagaland,2021-06-23,376898,53710,430608,covid19india,,
Nagaland,2021-06-24,386049,54520,440569,covid19india,,
Nagaland,2021-06-25,398147,54796,452943,covid19india,,
Nagaland,2021-06-26,403587,54845,458432,covid19india,,
Nagaland,2021-06-27,407669,54869,462538,covid19india,,
Nagaland,2021-06-28,419127,55992,475119,covid19india,,
Nagaland,2021-06-29,429909,57905,487814,covid19india,,
Nagaland,2021-06-30,440344,59874,500218,covid19india,,
Nagaland,2021-07-01,447305,61992,509297,covid19india,,
Nagaland,2021-07-02,454307,64082,518389,covid19india,,
Nagaland,2021-07-03,456431,64467,520898,covid19india,,
Nagaland,2021-07-04,461490,65429,526919,covid19india,,
Nagaland,2021-07-05,469988,68975,538963,covid19india,,
Nagaland,2021-07-06,478548,73648,552196,covid19india,,
Nagaland,2021-07-07,486470,78500,564970,covid19india,,
Nagaland,2021-07-08,492727,82677,575404,covid19india,,
Nagaland,2021-07-09,500265,86701,586966,covid19india,,
Nagaland,2021-07-10,502157,87758,589915,covid19india,,
Nagaland,2021-07-11,505562,88846,594408,covid19india,,
Nagaland,2021-07-12,512320,94625,606945,covid19india,,
Nagaland,2021-07-13,521140,99423,620563,covid19india,,
Nagaland,2021-07-14,528588,104707,633295,covid19india,,
Nagaland,2021-07-15,534677,109121,643798,covid19india,,
Nagaland,2021-07-16,541770,111824,653594,covid19india,,
Nagaland,2021-07-17,545016,112838,657854,covid19india,,
Nagaland,2021-07-18,550505,114773,665278,covid19india,,
Nagaland,2021-07-19,560660,118686,679346,covid19india,,
Nagaland,2021-07-20,570016,122546,692562,covid19india,,
Nagaland,2021-07-21,577392,127080,704472,covid19india,,
Nagaland,2021-07-22,583756,131131,714887,covid19india,,
Nagaland,2021-07-23,589807,134473,724280,covid19india,,
Nagaland,2021-07-24,592251,135274,727525,covid19india,,
Nagaland,2021-07-25,594445,136401,730846,covid19india,,
Nagaland,2021-07-26,599970,139987,739957,covid19india,,
Nagaland,2021-07-27,604779,142764,747543,covid19india,,
Nagaland,2021-07-28,608661,145059,753720,covid19india,,
Nagaland,2021-07-29,611482,147091,758573,covid19india,,
Nagaland,2021-07-30,614449,148726,763175,covid19india,,
Nagaland,2021-07-31,617214,149233,766447,covid19india,,
Nagaland,2021-08-01,617903,149873,767776,covid19india,,
Nagaland,2021-08-02,620929,151394,772323,covid19india,,
Nagaland,2021-08-03,623359,152765,776124,covid19india,,
Nagaland,2021-08-04,625565,154008,779573,covid19india,,
Nagaland,2021-08-05,627189,155313,782502,covid19india,,
Nagaland,2021-08-06,629122,156391,785513,covid19india,,
Nagaland,2021-08-07,629822,156980,786802,covid19india,,
Nagaland,2021-08-08,630259,157175,787434,covid19india,,
Nagaland,2021-08-09,632129,159436,791565,covid19india,,
Nagaland,2021-08-10,634479,162621,797100,covid19india,,
Nagaland,2021-08-11,636335,164635,800970,covid19india,,
Nagaland,2021-08-12,637206,165937,803143,covid19india,,
Nagaland,2021-08-13,638823,167597,806420,covid19india,,
Nagaland,2021-08-14,639379,167940,807319,covid19india,,
Nagaland,2021-08-15,639478,168024,807502,covid19india,,
Nagaland,2021-08-16,640924,171005,811929,covid19india,,
Nagaland,2021-08-17,642437,175040,817477,covid19india,,
Nagaland,2021-08-18,643950,177197,821147,covid19india,,
Nagaland,2021-08-19,644594,178496,823090,covid19india,,
Nagaland,2021-08-20,645828,179716,825544,covid19india,,
Nagaland,2021-08-21,646190,180259,826449,covid19india,,
Nagaland,2021-08-22,646381,180500,826881,covid19india,,
Nagaland,2021-08-23,647598,183813,831411,covid19india,,
Nagaland,2021-08-24,649055,187263,836318,covid19india,,
Nagaland,2021-08-25,650207,189789,839996,covid19india,,
Nagaland,2021-08-26,650884,191746,842630,covid19india,,
Nagaland,2021-08-27,652171,194035,846206,covid19india,,
Nagaland,2021-08-29,652658,194931,847589,covid19india,,
Nagaland,2021-08-30,653333,196920,850253,covid19india,,
Nagaland,2021-08-31,655037,201898,856935,covid19india,,
Nagaland,2021-09-01,656245,206159,862404,covid19india,,
Nagaland,2021-09-02,657004,209467,866471,covid19india,,
Nagaland,2021-09-03,658225,213740,871965,covid19india,,
Nagaland,2021-09-04,658637,215113,873750,covid19india,,
Nagaland,2021-09-05,659112,216175,875287,covid19india,,
Nagaland,2021-09-06,660683,223440,884123,covid19india,,
Nagaland,2021-09-07,662497,230852,893349,covid19india,,
Nagaland,2021-09-08,664236,238413,902649,covid19india,,
Nagaland,2021-09-09,665382,244910,910292,covid19india,,
Nagaland,2021-09-10,666906,251640,918546,covid19india,,
Nagaland,2021-09-11,667261,253637,920898,covid19india,,
Nagaland,2021-09-12,667893,255765,923658,covid19india,,
Nagaland,2021-09-13,669449,263754,933203,covid19india,,
Nagaland,2021-09-14,671315,270855,942170,covid19india,,
Nagaland,2021-09-15,672482,278526,951008,covid19india,,
Nagaland,2021-09-16,673230,284025,957255,covid19india,,
Nagaland,2021-09-17,674420,290245,964665,covid19india,,
Nagaland,2021-09-18,674756,292278,967034,covid19india,,
Nagaland,2021-09-19,675073,295380,970453,covid19india,,
Nagaland,2021-09-20,676490,304110,980600,covid19india,,
Nagaland,2021-09-21,677807,311031,988838,covid19india,,
Nagaland,2021-09-22,679036,320497,999533,covid19india,,
Nagaland,2021-09-23,679956,326310,1006266,covid19india,,
Nagaland,2021-09-24,681076,332792,1013868,covid19india,,
Nagaland,2021-09-25,681468,334869,1016337,covid19india,,
Nagaland,2021-09-26,681792,336958,1018750,covid19india,,
Nagaland,2021-09-27,683278,345311,1028589,covid19india,,
Nagaland,2021-09-28,684749,352747,1037496,covid19india,,
Nagaland,2021-09-29,685994,360879,1046873,covid19india,,
Nagaland,2021-09-30,686908,366785,1053693,covid19india,,
Nagaland,2021-10-01,688096,372531,1060627,covid19india,,
Nagaland,2021-10-02,688453,374533,1062986,covid19india,,
Nagaland,2021-10-03,688641,376524,1065165,covid19india,,
Nagaland,2021-10-04,689897,382893,1072790,covid19india,,
Nagaland,2021-10-05,691088,388641,1079729,covid19india,,
Nagaland,2021-10-06,692085,394860,1086945,covid19india,,
Nagaland,2021-10-07,693007,400087,1093094,covid19india,,
Nagaland,2021-10-08,694254,405772,1100026,covid19india,,
Nagaland,2021-10-09,694479,407039,1101518,covid19india,,
Nagaland,2021-10-10,694747,409354,1104101,covid19india,,
Nagaland,2021-10-11,696064,416789,1112853,covid19india,,
Odisha,2021-01-16,13746,0,13746,covid19india,,
Odisha,2021-01-18,46506,0,46506,covid19india,,
Odisha,2021-01-19,55138,0,55138,covid19india,,
Odisha,2021-01-20,68743,0,68743,covid19india,,
Odisha,2021-01-21,113623,0,113623,covid19india,,
Odisha,2021-01-22,130007,0,130007,covid19india,,
Odisha,2021-01-23,152371,0,152371,covid19india,,
Odisha,2021-01-24,152371,0,152371,covid19india,,
Odisha,2021-01-25,177090,0,177090,covid19india,,
Odisha,2021-01-26,177090,0,177090,covid19india,,
Odisha,2021-01-27,178227,0,178227,covid19india,,
Odisha,2021-01-28,194058,0,194058,covid19india,,
Odisha,2021-01-29,205200,0,205200,covid19india,,
Odisha,2021-01-30,206424,0,206424,covid19india,,
Odisha,2021-01-31,206424,0,206424,covid19india,,
Odisha,2021-02-01,207462,0,207462,covid19india,,
Odisha,2021-02-02,208205,0,208205,covid19india,,
Odisha,2021-02-03,211346,0,211346,covid19india,,
Odisha,2021-02-04,234923,0,234923,covid19india,,
Odisha,2021-02-05,235680,0,235680,covid19india,,
Odisha,2021-02-06,275055,0,275055,covid19india,,
Odisha,2021-02-07,276323,0,276323,covid19india,,
Odisha,2021-02-08,315725,0,315725,covid19india,,
Odisha,2021-02-09,342254,0,342254,covid19india,,
Odisha,2021-02-10,361623,0,361623,covid19india,,
Odisha,2021-02-11,383023,0,383023,covid19india,,
Odisha,2021-02-12,399670,0,399670,covid19india,,
Odisha,2021-02-13,411939,0,411939,covid19india,,
Odisha,2021-02-14,412046,0,412046,covid19india,,
Odisha,2021-02-15,416756,10034,426790,covid19india,,
Odisha,2021-02-16,417881,10590,428471,covid19india,,
Odisha,2021-02-17,421142,18248,439390,covid19india,,
Odisha,2021-02-18,429212,53401,482613,covid19india,,
Odisha,2021-02-19,433584,68129,501713,covid19india,,
Odisha,2021-02-20,438127,94966,533093,covid19india,,
Odisha,2021-02-21,438127,94966,533093,covid19india,,
Odisha,2021-02-22,443401,122741,566142,covid19india,,
Odisha,2021-02-23,447176,130470,577646,covid19india,,
Odisha,2021-02-24,450361,134587,584948,covid19india,,
Odisha,2021-02-25,458368,154434,612802,covid19india,,
Odisha,2021-02-26,460554,158267,618821,covid19india,,
Odisha,2021-02-27,460554,158267,618821,covid19india,,
Odisha,2021-02-28,460554,158267,618821,covid19india,,
Odisha,2021-03-01,475608,165127,640735,covid19india,,
Odisha,2021-03-02,499346,169152,668498,covid19india,,
Odisha,2021-03-03,525494,171264,696758,covid19india,,
Odisha,2021-03-04,569475,185176,754651,covid19india,,
Odisha,2021-03-05,590213,188517,778730,covid19india,,
Odisha,2021-03-06,623512,198600,822112,covid19india,,
Odisha,2021-03-07,623512,198600,822112,covid19india,,
Odisha,2021-03-08,676209,231787,907996,covid19india,,
Odisha,2021-03-09,716886,255039,971925,covid19india,,
Odisha,2021-03-10,744937,271999,1016936,covid19india,,
Odisha,2021-03-11,747398,272809,1020207,covid19india,,
Odisha,2021-03-12,798851,299260,1098111,covid19india,,
Odisha,2021-03-13,850414,312535,1162949,covid19india,,
Odisha,2021-03-14,850414,312535,1162949,covid19india,,
Odisha,2021-03-15,952086,332435,1284521,covid19india,,
Odisha,2021-03-16,1042071,342871,1384942,covid19india,,
Odisha,2021-03-17,1123080,348236,1471316,covid19india,,
Odisha,2021-03-18,1226047,355289,1581336,covid19india,,
Odisha,2021-03-19,1326275,362407,1688682,covid19india,,
Odisha,2021-03-20,1417557,367290,1784847,covid19india,,
Odisha,2021-03-21,1417557,367290,1784847,covid19india,,
Odisha,2021-03-22,1508320,373594,1881914,covid19india,,
Odisha,2021-03-23,1582282,378445,1960727,covid19india,,
Odisha,2021-03-24,1640229,381808,2022037,covid19india,,
Odisha,2021-03-25,1708888,386329,2095217,covid19india,,
Odisha,2021-03-26,1778321,389635,2167956,covid19india,,
Odisha,2021-03-27,1844679,391944,2236623,covid19india,,
Odisha,2021-03-28,1844679,391944,2236623,covid19india,,
Odisha,2021-03-29,1844679,391944,2236623,covid19india,,
Odisha,2021-03-30,1925880,401042,2326922,covid19india,,
Odisha,2021-03-31,1999347,411674,2411021,covid19india,,
Odisha,2021-04-01,2190790,423393,2614183,covid19india,,
Odisha,2021-04-02,2309764,389688,2699452,covid19india,,
Odisha,2021-04-03,2426177,397133,2823310,covid19india,,
Odisha,2021-04-04,2710936,408445,3119381,covid19india,,
Odisha,2021-04-05,2868211,418839,3287050,covid19india,,
Odisha,2021-04-06,3076261,432219,3508480,covid19india,,
Odisha,2021-04-07,3178508,439053,3617561,covid19india,,
Odisha,2021-04-08,3317085,452068,3769153,covid19india,,
Odisha,2021-04-09,3485921,470325,3956246,covid19india,,
Odisha,2021-04-10,3607557,483794,4091351,covid19india,,
Odisha,2021-04-11,3719357,494827,4214184,covid19india,,
Odisha,2021-04-12,3843843,512252,4356095,covid19india,,
Odisha,2021-04-13,3922145,522096,4444241,covid19india,,
Odisha,2021-04-14,3993009,534902,4527911,covid19india,,
Odisha,2021-04-15,4121043,564788,4685831,covid19india,,
Odisha,2021-04-16,4207944,587076,4795020,covid19india,,
Odisha,2021-04-17,4262088,603177,4865265,covid19india,,
Odisha,2021-04-18,4311575,618792,4930367,covid19india,,
Odisha,2021-04-19,4413360,659405,5072765,covid19india,,
Odisha,2021-04-20,4499013,695368,5194381,covid19india,,
Odisha,2021-04-21,4579807,726445,5306252,covid19india,,
Odisha,2021-04-22,4645662,753671,5399333,covid19india,,
Odisha,2021-04-23,4721327,788530,5509857,covid19india,,
Odisha,2021-04-24,4733735,793337,5527072,covid19india,,
Odisha,2021-04-25,4736047,794127,5530174,covid19india,,
Odisha,2021-04-26,4791100,826957,5618057,covid19india,,
Odisha,2021-04-27,4839305,854850,5694155,covid19india,,
Odisha,2021-04-28,4868475,874980,5743455,covid19india,,
Odisha,2021-04-29,4889676,889346,5779022,covid19india,,
Odisha,2021-04-30,4928831,928900,5857731,covid19india,,
Odisha,2021-05-01,4938814,933924,5872738,covid19india,,
Odisha,2021-05-02,4939823,934584,5874407,covid19india,,
Odisha,2021-05-03,4954922,961539,5916461,covid19india,,
Odisha,2021-05-04,4967746,976874,5944620,covid19india,,
Odisha,2021-05-05,4979757,988008,5967765,covid19india,,
Odisha,2021-05-06,4995571,1021844,6017415,covid19india,,
Odisha,2021-05-07,5011769,1082478,6094247,covid19india,,
Odisha,2021-05-08,5026362,1133636,6159998,covid19india,,
Odisha,2021-05-09,5029216,1137479,6166695,covid19india,,
Odisha,2021-05-10,5044922,1247741,6292663,covid19india,,
Odisha,2021-05-11,5072339,1320253,6392592,covid19india,,
Odisha,2021-05-12,5098052,1350572,6448624,covid19india,,
Odisha,2021-05-13,5126334,1370906,6497240,covid19india,,
Odisha,2021-05-14,5148647,1394107,6542754,covid19india,,
Odisha,2021-05-15,5174669,1402964,6577633,covid19india,,
Odisha,2021-05-16,5176084,1402985,6579069,covid19india,,
Odisha,2021-05-17,5228704,1410472,6639176,covid19india,,
Odisha,2021-05-18,5327488,1417510,6744998,covid19india,,
Odisha,2021-05-19,5395085,1424553,6819638,covid19india,,
Odisha,2021-05-20,5532422,1431856,6964278,covid19india,,
Odisha,2021-05-21,5578382,1436139,7014521,covid19india,,
Odisha,2021-05-22,5659104,1440698,7099802,covid19india,,
Odisha,2021-05-23,5675171,1440858,7116029,covid19india,,
Odisha,2021-05-24,5782898,1445240,7228138,covid19india,,
Odisha,2021-05-25,5876860,1448470,7325330,covid19india,,
Odisha,2021-05-26,5926992,1448686,7375678,covid19india,,
Odisha,2021-05-27,6024028,1453617,7477645,covid19india,,
Odisha,2021-05-28,6138143,1464054,7602197,covid19india,,
Odisha,2021-05-29,6236232,1470637,7706869,covid19india,,
Odisha,2021-05-30,6255145,1470658,7725803,covid19india,,
Odisha,2021-05-31,6378928,1477093,7856021,covid19india,,
Odisha,2021-06-01,6477001,1483088,7960089,covid19india,,
Odisha,2021-06-02,6545385,1486865,8032250,covid19india,,
Odisha,2021-06-03,6616809,1491547,8108356,covid19india,,
Odisha,2021-06-04,6700223,1498077,8198300,covid19india,,
Odisha,2021-06-05,6772575,1504884,8277459,covid19india,,
Odisha,2021-06-06,6785482,1505041,8290523,covid19india,,
Odisha,2021-06-07,6930830,1524319,8455149,covid19india,,
Odisha,2021-06-08,7058166,1545369,8603535,covid19india,,
Odisha,2021-06-09,7177475,1566700,8744175,covid19india,,
Odisha,2021-06-10,7218256,1580772,8799028,covid19india,,
Odisha,2021-06-11,7288993,1606999,8895992,covid19india,,
Odisha,2021-06-12,7336124,1629715,8965839,covid19india,,
Odisha,2021-06-13,7344019,1631043,8975062,covid19india,,
Odisha,2021-06-14,7398819,1653991,9052810,covid19india,,
Odisha,2021-06-15,7490444,1682551,9172995,covid19india,,
Odisha,2021-06-16,7611193,1719081,9330274,covid19india,,
Odisha,2021-06-17,7728962,1749729,9478691,covid19india,,
Odisha,2021-06-18,7849507,1773752,9623259,covid19india,,
Odisha,2021-06-19,8007028,1806556,9813584,covid19india,,
Odisha,2021-06-20,8029756,1808411,9838167,covid19india,,
Odisha,2021-06-21,8296961,1840090,10137051,covid19india,,
Odisha,2021-06-22,8555664,1866959,10422623,covid19india,,
Odisha,2021-06-23,8861348,1890915,10752263,covid19india,,
Odisha,2021-06-24,9106505,1926180,11032685,covid19india,,
Odisha,2021-06-25,9329423,1967738,11297161,covid19india,,
Odisha,2021-06-26,9517490,2022911,11540401,covid19india,,
Odisha,2021-06-27,9541255,2030467,11571722,covid19india,,
Odisha,2021-06-28,9734916,2100480,11835396,covid19india,,
Odisha,2021-06-29,9824280,2136843,11961123,covid19india,,
Odisha,2021-06-30,9868279,2148249,12016528,covid19india,,
Odisha,2021-07-01,9899724,2155500,12055224,covid19india,,
Odisha,2021-07-02,9927389,2162831,12090220,covid19india,,
Odisha,2021-07-03,9996014,2206539,12202553,covid19india,,
Odisha,2021-07-04,10017262,2220081,12237343,covid19india,,
Odisha,2021-07-05,10221766,2370621,12592387,covid19india,,
Odisha,2021-07-06,10421760,2505430,12927190,covid19india,,
Odisha,2021-07-07,10542457,2589364,13131821,covid19india,,
Odisha,2021-07-08,10623963,2652090,13276053,covid19india,,
Odisha,2021-07-09,10683343,2693487,13376830,covid19india,,
Odisha,2021-07-10,10727017,2716948,13443965,covid19india,,
Odisha,2021-07-11,10732741,2718827,13451568,covid19india,,
Odisha,2021-07-12,10774116,2729001,13503117,covid19india,,
Odisha,2021-07-13,10923291,2747474,13670765,covid19india,,
Odisha,2021-07-14,10995438,2821725,13817163,covid19india,,
Odisha,2021-07-15,11092426,2924665,14017091,covid19india,,
Odisha,2021-07-16,11147349,2996773,14144122,covid19india,,
Odisha,2021-07-17,11189886,3071920,14261806,covid19india,,
Odisha,2021-07-18,11197465,3078500,14275965,covid19india,,
Odisha,2021-07-19,11330737,3242484,14573221,covid19india,,
Odisha,2021-07-20,11442447,3348631,14791078,covid19india,,
Odisha,2021-07-21,11512863,3408325,14921188,covid19india,,
Odisha,2021-07-22,11613471,3491614,15105085,covid19india,,
Odisha,2021-07-23,11694674,3550110,15244784,covid19india,,
Odisha,2021-07-24,11788335,3608465,15396800,covid19india,,
Odisha,2021-07-25,11803391,3613911,15417302,covid19india,,
Odisha,2021-07-26,11940683,3679339,15620022,covid19india,,
Odisha,2021-07-27,12066218,3746941,15813159,covid19india,,
Odisha,2021-07-28,12206582,3796257,16002839,covid19india,,
Odisha,2021-07-29,12332766,3831467,16164233,covid19india,,
Odisha,2021-07-30,12470540,3875372,16345912,covid19india,,
Odisha,2021-07-31,12706320,3916566,16622886,covid19india,,
Odisha,2021-08-01,12718069,3919719,16637788,covid19india,,
Odisha,2021-08-02,12874877,3960859,16835736,covid19india,,
Odisha,2021-08-03,13058068,4003379,17061447,covid19india,,
Odisha,2021-08-04,13209524,4041771,17251295,covid19india,,
Odisha,2021-08-05,13410210,4081043,17491253,covid19india,,
Odisha,2021-08-06,13596312,4118650,17714962,covid19india,,
Odisha,2021-08-07,13729615,4150724,17880339,covid19india,,
Odisha,2021-08-08,13749535,4154065,17903600,covid19india,,
Odisha,2021-08-09,13971009,4202596,18173605,covid19india,,
Odisha,2021-08-10,14222570,4264500,18487070,covid19india,,
Odisha,2021-08-11,14412279,4312694,18724973,covid19india,,
Odisha,2021-08-12,14584400,4352454,18936854,covid19india,,
Odisha,2021-08-13,14816208,4401960,19218168,covid19india,,
Odisha,2021-08-14,15011582,4475606,19487188,covid19india,,
Odisha,2021-08-15,15032989,4479729,19512718,covid19india,,
Odisha,2021-08-16,15222985,4546284,19769269,covid19india,,
Odisha,2021-08-17,15351717,4612351,19964068,covid19india,,
Odisha,2021-08-18,15489879,4684785,20174664,covid19india,,
Odisha,2021-08-19,15588129,4745702,20333831,covid19india,,
Odisha,2021-08-20,15634113,4794146,20428259,covid19india,,
Odisha,2021-08-21,15667847,4834058,20501905,covid19india,,
Odisha,2021-08-22,15674355,4836796,20511151,covid19india,,
Odisha,2021-08-23,15841387,4901145,20742532,covid19india,,
Odisha,2021-08-24,15982115,4971165,20953280,covid19india,,
Odisha,2021-08-25,16055088,5022415,21077503,covid19india,,
Odisha,2021-08-26,16135732,5071162,21206894,covid19india,,
Odisha,2021-08-27,16330087,5163044,21493131,covid19india,,
Odisha,2021-08-29,16528398,5265747,21794145,covid19india,,
Odisha,2021-08-30,16697926,5322736,22020662,covid19india,,
Odisha,2021-08-31,16885476,5423099,22308575,covid19india,,
Odisha,2021-09-01,17083672,5519896,22603568,covid19india,,
Odisha,2021-09-02,17301538,5613629,22915167,covid19india,,
Odisha,2021-09-03,17563893,5728830,23292723,covid19india,,
Odisha,2021-09-04,17828589,5830529,23659118,covid19india,,
Odisha,2021-09-05,17881661,5850492,23732153,covid19india,,
Odisha,2021-09-06,18137967,5934138,24072105,covid19india,,
Odisha,2021-09-07,18355951,6007465,24363416,covid19india,,
Odisha,2021-09-08,18558501,6089870,24648371,covid19india,,
Odisha,2021-09-09,18814411,6187972,25002383,covid19india,,
Odisha,2021-09-10,18917503,6231669,25149172,covid19india,,
Odisha,2021-09-11,19095678,6299712,25395390,covid19india,,
Odisha,2021-09-12,19124510,6314478,25438988,covid19india,,
Odisha,2021-09-13,19319487,6415894,25735381,covid19india,,
Odisha,2021-09-14,19513895,6543966,26057861,covid19india,,
Odisha,2021-09-15,19718123,6680093,26398216,covid19india,,
Odisha,2021-09-16,19933714,6817439,26751153,covid19india,,
Odisha,2021-09-17,20136451,6961071,27097522,covid19india,,
Odisha,2021-09-18,20321811,7127841,27449652,covid19india,,
Odisha,2021-09-19,20357819,7156403,27514222,covid19india,,
Odisha,2021-09-20,20593106,7354299,27947405,covid19india,,
Odisha,2021-09-21,20816182,7496747,28312929,covid19india,,
Odisha,2021-09-22,21038022,7669038,28707060,covid19india,,
Odisha,2021-09-23,21272105,7832873,29104978,covid19india,,
Odisha,2021-09-24,21461038,7951587,29412625,covid19india,,
Odisha,2021-09-25,21631807,8055219,29687026,covid19india,,
Odisha,2021-09-26,21650844,8065779,29716623,covid19india,,
Odisha,2021-09-27,21698089,8109323,29807412,covid19india,,
Odisha,2021-09-28,21802532,8210821,30013353,covid19india,,
Odisha,2021-09-29,22016349,8371879,30388228,covid19india,,
Odisha,2021-09-30,22233216,8525160,30758376,covid19india,,
Odisha,2021-10-01,22371628,8642655,31014283,covid19india,,
Odisha,2021-10-02,22471483,8736656,31208139,covid19india,,
Odisha,2021-10-03,22492683,8753344,31246027,covid19india,,
Odisha,2021-10-04,22727351,8912655,31640006,covid19india,,
Odisha,2021-10-05,22932463,9039027,31971490,covid19india,,
Odisha,2021-10-06,23031067,9122570,32153637,covid19india,,
Odisha,2021-10-07,23100194,9197162,32297356,covid19india,,
Odisha,2021-10-08,23168409,9272712,32441121,covid19india,,
Odisha,2021-10-09,23297793,9378895,32676688,covid19india,,
Odisha,2021-10-10,23314911,9393192,32708103,covid19india,,
Odisha,2021-10-11,23523302,9531355,33054657,covid19india,,
Puducherry,2021-01-16,274,0,274,covid19india,,
Puducherry,2021-01-18,554,0,554,covid19india,,
Puducherry,2021-01-19,719,0,719,covid19india,,
Puducherry,2021-01-20,759,0,759,covid19india,,
Puducherry,2021-01-21,759,0,759,covid19india,,
Puducherry,2021-01-22,1097,0,1097,covid19india,,
Puducherry,2021-01-23,1478,0,1478,covid19india,,
Puducherry,2021-01-24,1478,0,1478,covid19india,,
Puducherry,2021-01-25,1813,0,1813,covid19india,,
Puducherry,2021-01-26,1813,0,1813,covid19india,,
Puducherry,2021-01-27,1813,0,1813,covid19india,,
Puducherry,2021-01-28,1813,0,1813,covid19india,,
Puducherry,2021-01-29,2299,0,2299,covid19india,,
Puducherry,2021-01-30,2736,0,2736,covid19india,,
Puducherry,2021-01-31,2736,0,2736,covid19india,,
Puducherry,2021-02-01,2988,0,2988,covid19india,,
Puducherry,2021-02-02,3077,0,3077,covid19india,,
Puducherry,2021-02-03,3222,0,3222,covid19india,,
Puducherry,2021-02-04,3222,0,3222,covid19india,,
Puducherry,2021-02-05,3532,0,3532,covid19india,,
Puducherry,2021-02-06,3532,0,3532,covid19india,,
Puducherry,2021-02-07,3532,0,3532,covid19india,,
Puducherry,2021-02-08,3881,0,3881,covid19india,,
Puducherry,2021-02-09,4301,0,4301,covid19india,,
Puducherry,2021-02-10,4770,0,4770,covid19india,,
Puducherry,2021-02-11,4780,0,4780,covid19india,,
Puducherry,2021-02-12,5510,0,5510,covid19india,,
Puducherry,2021-02-13,5953,71,6024,covid19india,,
Puducherry,2021-02-14,5953,71,6024,covid19india,,
Puducherry,2021-02-15,6320,193,6513,covid19india,,
Puducherry,2021-02-16,6627,330,6957,covid19india,,
Puducherry,2021-02-17,6959,395,7354,covid19india,,
Puducherry,2021-02-18,7661,454,8115,covid19india,,
Puducherry,2021-02-19,8481,645,9126,covid19india,,
Puducherry,2021-02-20,9251,853,10104,covid19india,,
Puducherry,2021-02-21,9251,853,10104,covid19india,,
Puducherry,2021-02-22,9356,981,10337,covid19india,,
Puducherry,2021-02-23,9431,1019,10450,covid19india,,
Puducherry,2021-02-24,9436,1023,10459,covid19india,,
Puducherry,2021-02-25,9455,1024,10479,covid19india,,
Puducherry,2021-02-26,9920,1224,11144,covid19india,,
Puducherry,2021-02-27,9920,1224,11144,covid19india,,
Puducherry,2021-02-28,9920,1224,11144,covid19india,,
Puducherry,2021-03-01,10292,1474,11766,covid19india,,
Puducherry,2021-03-02,10994,1595,12589,covid19india,,
Puducherry,2021-03-03,12948,1897,14845,covid19india,,
Puducherry,2021-03-04,14542,2020,16562,covid19india,,
Puducherry,2021-03-05,15431,2070,17501,covid19india,,
Puducherry,2021-03-06,16536,2311,18847,covid19india,,
Puducherry,2021-03-07,16536,2311,18847,covid19india,,
Puducherry,2021-03-08,18109,2509,20618,covid19india,,
Puducherry,2021-03-09,19275,2803,22078,covid19india,,
Puducherry,2021-03-10,20967,3040,24007,covid19india,,
Puducherry,2021-03-11,22330,3228,25558,covid19india,,
Puducherry,2021-03-12,23809,3522,27331,covid19india,,
Puducherry,2021-03-13,25487,3832,29319,covid19india,,
Puducherry,2021-03-14,25487,3832,29319,covid19india,,
Puducherry,2021-03-15,27803,4061,31864,covid19india,,
Puducherry,2021-03-16,30247,4318,34565,covid19india,,
Puducherry,2021-03-17,33239,4530,37769,covid19india,,
Puducherry,2021-03-18,36592,5068,41660,covid19india,,
Puducherry,2021-03-19,38880,5541,44421,covid19india,,
Puducherry,2021-03-20,42524,6041,48565,covid19india,,
Puducherry,2021-03-21,42524,6041,48565,covid19india,,
Puducherry,2021-03-22,45916,6282,52198,covid19india,,
Puducherry,2021-03-23,48623,6509,55132,covid19india,,
Puducherry,2021-03-24,53441,6600,60041,covid19india,,
Puducherry,2021-03-25,56187,6652,62839,covid19india,,
Puducherry,2021-03-26,58833,6745,65578,covid19india,,
Puducherry,2021-03-27,61157,6823,67980,covid19india,,
Puducherry,2021-03-28,61157,6823,67980,covid19india,,
Puducherry,2021-03-29,63209,6915,70124,covid19india,,
Puducherry,2021-03-30,63342,6916,70258,covid19india,,
Puducherry,2021-03-31,67035,7130,74165,covid19india,,
Puducherry,2021-04-01,69200,7370,76570,covid19india,,
Puducherry,2021-04-02,70647,7124,77771,covid19india,,
Puducherry,2021-04-03,74151,7306,81457,covid19india,,
Puducherry,2021-04-04,75651,7402,83053,covid19india,,
Puducherry,2021-04-05,77398,8023,85421,covid19india,,
Puducherry,2021-04-06,78014,8085,86099,covid19india,,
Puducherry,2021-04-07,79262,8319,87581,covid19india,,
Puducherry,2021-04-08,81412,8687,90099,covid19india,,
Puducherry,2021-04-09,83958,9138,93096,covid19india,,
Puducherry,2021-04-10,87159,9578,96737,covid19india,,
Puducherry,2021-04-11,93816,9730,103546,covid19india,,
Puducherry,2021-04-12,104246,10305,114551,covid19india,,
Puducherry,2021-04-13,118439,10832,129271,covid19india,,
Puducherry,2021-04-14,127079,11074,138153,covid19india,,
Puducherry,2021-04-15,136469,11920,148389,covid19india,,
Puducherry,2021-04-16,144659,12835,157494,covid19india,,
Puducherry,2021-04-17,150083,13683,163766,covid19india,,
Puducherry,2021-04-18,151684,13963,165647,covid19india,,
Puducherry,2021-04-19,153652,15020,168672,covid19india,,
Puducherry,2021-04-20,154986,15824,170810,covid19india,,
Puducherry,2021-04-21,156991,16778,173769,covid19india,,
Puducherry,2021-04-22,158747,17811,176558,covid19india,,
Puducherry,2021-04-23,160538,18981,179519,covid19india,,
Puducherry,2021-04-24,161852,19867,181719,covid19india,,
Puducherry,2021-04-25,162204,20098,182302,covid19india,,
Puducherry,2021-04-26,163559,21608,185167,covid19india,,
Puducherry,2021-04-27,164777,23046,187823,covid19india,,
Puducherry,2021-04-28,166078,24656,190734,covid19india,,
Puducherry,2021-04-29,167670,26214,193884,covid19india,,
Puducherry,2021-04-30,169451,28339,197790,covid19india,,
Puducherry,2021-05-01,170748,29158,199906,covid19india,,
Puducherry,2021-05-02,170709,29317,200026,covid19india,,
Puducherry,2021-05-03,171609,30859,202468,covid19india,,
Puducherry,2021-05-04,172234,32118,204352,covid19india,,
Puducherry,2021-05-05,173041,33951,206992,covid19india,,
Puducherry,2021-05-06,173867,36027,209894,covid19india,,
Puducherry,2021-05-07,174721,38136,212857,covid19india,,
Puducherry,2021-05-08,175469,39978,215447,covid19india,,
Puducherry,2021-05-09,175642,40293,215935,covid19india,,
Puducherry,2021-05-10,176524,42730,219254,covid19india,,
Puducherry,2021-05-11,177130,44474,221604,covid19india,,
Puducherry,2021-05-12,177642,45919,223561,covid19india,,
Puducherry,2021-05-13,178414,47682,226096,covid19india,,
Puducherry,2021-05-14,179241,49101,228342,covid19india,,
Puducherry,2021-05-15,180433,50370,230803,covid19india,,
Puducherry,2021-05-16,180976,50429,231405,covid19india,,
Puducherry,2021-05-17,181942,50570,232512,covid19india,,
Puducherry,2021-05-18,182786,50641,233427,covid19india,,
Puducherry,2021-05-19,183733,50683,234416,covid19india,,
Puducherry,2021-05-20,189089,50775,239864,covid19india,,
Puducherry,2021-05-21,191390,50790,242180,covid19india,,
Puducherry,2021-05-22,193724,50857,244581,covid19india,,
Puducherry,2021-05-23,195178,50854,246032,covid19india,,
Puducherry,2021-05-24,197946,50889,248835,covid19india,,
Puducherry,2021-05-25,200454,50925,251379,covid19india,,
Puducherry,2021-05-26,203180,50956,254136,covid19india,,
Puducherry,2021-05-27,205967,50996,256963,covid19india,,
Puducherry,2021-05-28,209110,51051,260161,covid19india,,
Puducherry,2021-05-29,212331,51110,263441,covid19india,,
Puducherry,2021-05-30,214450,51138,265588,covid19india,,
Puducherry,2021-05-31,217963,51214,269177,covid19india,,
Puducherry,2021-06-01,221199,51290,272489,covid19india,,
Puducherry,2021-06-02,224480,51365,275845,covid19india,,
Puducherry,2021-06-03,227735,51443,279178,covid19india,,
Puducherry,2021-06-04,230476,51528,282004,covid19india,,
Puducherry,2021-06-05,234681,51628,286309,covid19india,,
Puducherry,2021-06-06,237177,51654,288831,covid19india,,
Puducherry,2021-06-07,242308,51823,294131,covid19india,,
Puducherry,2021-06-08,247905,51965,299870,covid19india,,
Puducherry,2021-06-09,253231,52189,305420,covid19india,,
Puducherry,2021-06-10,259104,52406,311510,covid19india,,
Puducherry,2021-06-11,264593,52603,317196,covid19india,,
Puducherry,2021-06-12,271500,52818,324318,covid19india,,
Puducherry,2021-06-13,273909,52877,326786,covid19india,,
Puducherry,2021-06-14,280716,53138,333854,covid19india,,
Puducherry,2021-06-15,285981,53457,339438,covid19india,,
Puducherry,2021-06-16,298786,53957,352743,covid19india,,
Puducherry,2021-06-17,313751,54602,368353,covid19india,,
Puducherry,2021-06-18,329411,55101,384512,covid19india,,
Puducherry,2021-06-19,354065,55872,409937,covid19india,,
Puducherry,2021-06-20,362380,56089,418469,covid19india,,
Puducherry,2021-06-21,379210,56896,436106,covid19india,,
Puducherry,2021-06-22,386817,57866,444683,covid19india,,
Puducherry,2021-06-23,394557,59158,453715,covid19india,,
Puducherry,2021-06-24,401601,60285,461886,covid19india,,
Puducherry,2021-06-25,408403,61352,469755,covid19india,,
Puducherry,2021-06-26,416585,62832,479417,covid19india,,
Puducherry,2021-06-27,418646,63226,481872,covid19india,,
Puducherry,2021-06-28,427892,64671,492563,covid19india,,
Puducherry,2021-06-29,434340,65565,499905,covid19india,,
Puducherry,2021-06-30,440326,67068,507394,covid19india,,
Puducherry,2021-07-01,445115,68346,513461,covid19india,,
Puducherry,2021-07-02,448923,69834,518757,covid19india,,
Puducherry,2021-07-03,454244,72027,526271,covid19india,,
Puducherry,2021-07-04,455714,73723,529437,covid19india,,
Puducherry,2021-07-05,460557,78465,539022,covid19india,,
Puducherry,2021-07-06,463896,84623,548519,covid19india,,
Puducherry,2021-07-07,467857,90138,557995,covid19india,,
Puducherry,2021-07-08,470845,95606,566451,covid19india,,
Puducherry,2021-07-09,473917,100944,574861,covid19india,,
Puducherry,2021-07-10,479916,107073,586989,covid19india,,
Puducherry,2021-07-11,484491,110044,594535,covid19india,,
Puducherry,2021-07-12,493551,116586,610137,covid19india,,
Puducherry,2021-07-13,503132,119030,622162,covid19india,,
Puducherry,2021-07-14,506962,121654,628616,covid19india,,
Puducherry,2021-07-15,510236,123679,633915,covid19india,,
Puducherry,2021-07-16,513783,125866,639649,covid19india,,
Puducherry,2021-07-17,517865,127803,645668,covid19india,,
Puducherry,2021-07-18,518970,128154,647124,covid19india,,
Puducherry,2021-07-19,523893,130293,654186,covid19india,,
Puducherry,2021-07-20,527972,132046,660018,covid19india,,
Puducherry,2021-07-21,529718,132725,662443,covid19india,,
Puducherry,2021-07-22,533037,134481,667518,covid19india,,
Puducherry,2021-07-23,538161,136379,674540,covid19india,,
Puducherry,2021-07-24,545610,138543,684153,covid19india,,
Puducherry,2021-07-25,546390,138781,685171,covid19india,,
Puducherry,2021-07-26,550475,140183,690658,covid19india,,
Puducherry,2021-07-27,553542,141259,694801,covid19india,,
Puducherry,2021-07-28,556463,142273,698736,covid19india,,
Puducherry,2021-07-29,561130,143376,704506,covid19india,,
Puducherry,2021-07-30,565669,144330,709999,covid19india,,
Puducherry,2021-07-31,574172,145528,719700,covid19india,,
Puducherry,2021-08-01,574641,145668,720309,covid19india,,
Puducherry,2021-08-02,577932,146476,724408,covid19india,,
Puducherry,2021-08-03,581206,147273,728479,covid19india,,
Puducherry,2021-08-04,585119,148023,733142,covid19india,,
Puducherry,2021-08-05,588669,148747,737416,covid19india,,
Puducherry,2021-08-06,592209,149524,741733,covid19india,,
Puducherry,2021-08-07,596311,150447,746758,covid19india,,
Puducherry,2021-08-08,597505,150743,748248,covid19india,,
Puducherry,2021-08-09,601608,151744,753352,covid19india,,
Puducherry,2021-08-10,604872,152636,757508,covid19india,,
Puducherry,2021-08-11,607627,153355,760982,covid19india,,
Puducherry,2021-08-12,610058,154420,764478,covid19india,,
Puducherry,2021-08-13,612535,155477,768012,covid19india,,
Puducherry,2021-08-14,616248,157201,773449,covid19india,,
Puducherry,2021-08-15,616671,157685,774356,covid19india,,
Puducherry,2021-08-16,617839,158716,776555,covid19india,,
Puducherry,2021-08-17,620081,160375,780456,covid19india,,
Puducherry,2021-08-18,621921,161771,783692,covid19india,,
Puducherry,2021-08-19,623392,163232,786624,covid19india,,
Puducherry,2021-08-20,623835,164032,787867,covid19india,,
Puducherry,2021-08-21,624859,165626,790485,covid19india,,
Puducherry,2021-08-22,625247,166465,791712,covid19india,,
Puducherry,2021-08-23,627049,168711,795760,covid19india,,
Puducherry,2021-08-24,628562,170639,799201,covid19india,,
Puducherry,2021-08-25,630266,172739,803005,covid19india,,
Puducherry,2021-08-26,631646,174570,806216,covid19india,,
Puducherry,2021-08-27,633067,176557,809624,covid19india,,
Puducherry,2021-08-29,635720,180846,816566,covid19india,,
Puducherry,2021-08-30,637881,183458,821339,covid19india,,
Puducherry,2021-08-31,639752,185678,825430,covid19india,,
Puducherry,2021-09-01,641839,187780,829619,covid19india,,
Puducherry,2021-09-02,643537,189880,833417,covid19india,,
Puducherry,2021-09-03,645991,193043,839034,covid19india,,
Puducherry,2021-09-04,649400,197632,847032,covid19india,,
Puducherry,2021-09-05,649890,198590,848480,covid19india,,
Puducherry,2021-09-06,651499,201416,852915,covid19india,,
Puducherry,2021-09-07,652584,203653,856237,covid19india,,
Puducherry,2021-09-08,653763,205964,859727,covid19india,,
Puducherry,2021-09-09,654655,208193,862848,covid19india,,
Puducherry,2021-09-10,654961,209323,864284,covid19india,,
Puducherry,2021-09-11,656726,215061,871787,covid19india,,
Puducherry,2021-09-12,657236,216676,873912,covid19india,,
Puducherry,2021-09-13,659286,221827,881113,covid19india,,
Puducherry,2021-09-14,660708,226131,886839,covid19india,,
Puducherry,2021-09-15,662500,230713,893213,covid19india,,
Puducherry,2021-09-16,663980,234540,898520,covid19india,,
Puducherry,2021-09-17,666438,240522,906960,covid19india,,
Puducherry,2021-09-18,669093,248369,917462,covid19india,,
Puducherry,2021-09-19,670139,250889,921028,covid19india,,
Puducherry,2021-09-20,673644,258794,932438,covid19india,,
Puducherry,2021-09-21,676620,264903,941523,covid19india,,
Puducherry,2021-09-22,679622,271195,950817,covid19india,,
Puducherry,2021-09-23,682803,277135,959938,covid19india,,
Puducherry,2021-09-24,685880,282969,968849,covid19india,,
Puducherry,2021-09-25,689225,291020,980245,covid19india,,
Puducherry,2021-09-26,690460,293671,984131,covid19india,,
Puducherry,2021-09-27,694530,301113,995643,covid19india,,
Puducherry,2021-09-28,697291,306555,1003846,covid19india,,
Puducherry,2021-09-29,699583,311583,1011166,covid19india,,
Puducherry,2021-09-30,701630,315709,1017339,covid19india,,
Puducherry,2021-10-01,703438,320230,1023668,covid19india,,
Puducherry,2021-10-02,704677,323093,1027770,covid19india,,
Puducherry,2021-10-03,705319,324756,1030075,covid19india,,
Puducherry,2021-10-04,707427,329920,1037347,covid19india,,
Puducherry,2021-10-05,708207,332023,1040230,covid19india,,
Puducherry,2021-10-06,709532,335283,1044815,covid19india,,
Puducherry,2021-10-07,710672,338229,1048901,covid19india,,
Puducherry,2021-10-08,712116,341861,1053977,covid19india,,
Puducherry,2021-10-09,713515,345788,1059303,covid19india,,
Puducherry,2021-10-10,713935,347078,1061013,covid19india,,
Puducherry,2021-10-11,715514,351522,1067036,covid19india,,
Punjab,2021-01-16,1319,0,1319,covid19india,,
Punjab,2021-01-18,3318,0,3318,covid19india,,
Punjab,2021-01-19,5567,0,5567,covid19india,,
Punjab,2021-01-20,7607,0,7607,covid19india,,
Punjab,2021-01-21,12532,0,12532,covid19india,,
Punjab,2021-01-22,21340,0,21340,covid19india,,
Punjab,2021-01-23,30319,0,30319,covid19india,,
Punjab,2021-01-24,31327,0,31327,covid19india,,
Punjab,2021-01-25,39418,0,39418,covid19india,,
Punjab,2021-01-26,39418,0,39418,covid19india,,
Punjab,2021-01-27,44708,0,44708,covid19india,,
Punjab,2021-01-28,50977,0,50977,covid19india,,
Punjab,2021-01-29,54988,0,54988,covid19india,,
Punjab,2021-01-30,57499,0,57499,covid19india,,
Punjab,2021-01-31,57499,0,57499,covid19india,,
Punjab,2021-02-01,59285,0,59285,covid19india,,
Punjab,2021-02-02,61381,0,61381,covid19india,,
Punjab,2021-02-03,63663,0,63663,covid19india,,
Punjab,2021-02-04,67861,0,67861,covid19india,,
Punjab,2021-02-05,72855,0,72855,covid19india,,
Punjab,2021-02-06,76430,0,76430,covid19india,,
Punjab,2021-02-07,76430,0,76430,covid19india,,
Punjab,2021-02-08,82127,0,82127,covid19india,,
Punjab,2021-02-09,87181,0,87181,covid19india,,
Punjab,2021-02-10,91669,0,91669,covid19india,,
Punjab,2021-02-11,97668,0,97668,covid19india,,
Punjab,2021-02-12,101861,0,101861,covid19india,,
Punjab,2021-02-13,103799,59,103858,covid19india,,
Punjab,2021-02-14,103799,59,103858,covid19india,,
Punjab,2021-02-15,106797,1057,107854,covid19india,,
Punjab,2021-02-16,109911,2041,111952,covid19india,,
Punjab,2021-02-17,112231,3051,115282,covid19india,,
Punjab,2021-02-18,116199,5575,121774,covid19india,,
Punjab,2021-02-19,120015,9455,129470,covid19india,,
Punjab,2021-02-20,122429,13859,136288,covid19india,,
Punjab,2021-02-21,122527,14269,136796,covid19india,,
Punjab,2021-02-22,127528,20538,148066,covid19india,,
Punjab,2021-02-23,133718,23867,157585,covid19india,,
Punjab,2021-02-24,139305,27388,166693,covid19india,,
Punjab,2021-02-25,149029,32863,181892,covid19india,,
Punjab,2021-02-26,154449,36351,190800,covid19india,,
Punjab,2021-02-27,154449,36351,190800,covid19india,,
Punjab,2021-02-28,154449,36351,190800,covid19india,,
Punjab,2021-03-01,161361,38683,200044,covid19india,,
Punjab,2021-03-02,169159,40211,209370,covid19india,,
Punjab,2021-03-03,179181,42234,221415,covid19india,,
Punjab,2021-03-04,191228,44470,235698,covid19india,,
Punjab,2021-03-05,205837,47018,252855,covid19india,,
Punjab,2021-03-06,217550,49427,266977,covid19india,,
Punjab,2021-03-07,218937,49508,268445,covid19india,,
Punjab,2021-03-08,235739,52365,288104,covid19india,,
Punjab,2021-03-09,251631,55914,307545,covid19india,,
Punjab,2021-03-10,265625,59042,324667,covid19india,,
Punjab,2021-03-11,271423,59522,330945,covid19india,,
Punjab,2021-03-12,287170,63517,350687,covid19india,,
Punjab,2021-03-13,301937,66193,368130,covid19india,,
Punjab,2021-03-14,302261,66203,368464,covid19india,,
Punjab,2021-03-15,324929,70077,395006,covid19india,,
Punjab,2021-03-16,345891,72780,418671,covid19india,,
Punjab,2021-03-17,365975,75415,441390,covid19india,,
Punjab,2021-03-18,390837,78669,469506,covid19india,,
Punjab,2021-03-19,422192,81924,504116,covid19india,,
Punjab,2021-03-20,452004,84404,536408,covid19india,,
Punjab,2021-03-21,461475,84777,546252,covid19india,,
Punjab,2021-03-22,490362,88097,578459,covid19india,,
Punjab,2021-03-23,518477,90769,609246,covid19india,,
Punjab,2021-03-24,544125,92695,636820,covid19india,,
Punjab,2021-03-25,571441,94954,666395,covid19india,,
Punjab,2021-03-26,598789,96887,695676,covid19india,,
Punjab,2021-03-27,630437,98693,729130,covid19india,,
Punjab,2021-03-28,643575,99052,742627,covid19india,,
Punjab,2021-03-29,654673,99681,754354,covid19india,,
Punjab,2021-03-30,690010,102319,792329,covid19india,,
Punjab,2021-03-31,736424,106024,842448,covid19india,,
Punjab,2021-04-01,809761,111085,920846,covid19india,,
Punjab,2021-04-02,973046,117044,1090090,covid19india,,
Punjab,2021-04-03,1049891,121071,1170962,covid19india,,
Punjab,2021-04-04,1129011,123537,1252548,covid19india,,
Punjab,2021-04-05,1201737,126499,1328236,covid19india,,
Punjab,2021-04-06,1284982,131328,1416310,covid19india,,
Punjab,2021-04-07,1343134,135146,1478280,covid19india,,
Punjab,2021-04-08,1431295,139950,1571245,covid19india,,
Punjab,2021-04-09,1527164,145704,1672868,covid19india,,
Punjab,2021-04-10,1618664,151307,1769971,covid19india,,
Punjab,2021-04-11,1691144,154115,1845259,covid19india,,
Punjab,2021-04-12,1776996,161992,1938988,covid19india,,
Punjab,2021-04-13,1836443,166494,2002937,covid19india,,
Punjab,2021-04-14,1907757,172921,2080678,covid19india,,
Punjab,2021-04-15,1982703,183348,2166051,covid19india,,
Punjab,2021-04-16,2067068,194556,2261624,covid19india,,
Punjab,2021-04-17,2145957,206561,2352518,covid19india,,
Punjab,2021-04-18,2205090,213042,2418132,covid19india,,
Punjab,2021-04-19,2280439,227634,2508073,covid19india,,
Punjab,2021-04-20,2352746,242274,2595020,covid19india,,
Punjab,2021-04-21,2403661,254430,2658091,covid19india,,
Punjab,2021-04-22,2449142,266337,2715479,covid19india,,
Punjab,2021-04-23,2526537,285717,2812254,covid19india,,
Punjab,2021-04-24,2617356,307645,2925001,covid19india,,
Punjab,2021-04-25,2676408,318959,2995367,covid19india,,
Punjab,2021-04-26,2746960,339125,3086085,covid19india,,
Punjab,2021-04-27,2779390,352241,3131631,covid19india,,
Punjab,2021-04-28,2837684,374137,3211821,covid19india,,
Punjab,2021-04-29,2896977,397024,3294001,covid19india,,
Punjab,2021-04-30,2969346,425392,3394738,covid19india,,
Punjab,2021-05-01,3032662,445009,3477671,covid19india,,
Punjab,2021-05-02,3047712,450811,3498523,covid19india,,
Punjab,2021-05-03,3070416,461813,3532229,covid19india,,
Punjab,2021-05-04,3083481,467985,3551466,covid19india,,
Punjab,2021-05-05,3129157,498575,3627732,covid19india,,
Punjab,2021-05-06,3176837,528423,3705260,covid19india,,
Punjab,2021-05-07,3217128,556162,3773290,covid19india,,
Punjab,2021-05-08,3251966,584564,3836530,covid19india,,
Punjab,2021-05-09,3273379,600290,3873669,covid19india,,
Punjab,2021-05-10,3311504,635567,3947071,covid19india,,
Punjab,2021-05-11,3354318,669413,4023731,covid19india,,
Punjab,2021-05-12,3389032,683655,4072687,covid19india,,
Punjab,2021-05-13,3414625,693559,4108184,covid19india,,
Punjab,2021-05-14,3427100,697985,4125085,covid19india,,
Punjab,2021-05-15,3440578,701769,4142347,covid19india,,
Punjab,2021-05-16,3445447,702784,4148231,covid19india,,
Punjab,2021-05-17,3452562,704463,4157025,covid19india,,
Punjab,2021-05-18,3457841,706941,4164782,covid19india,,
Punjab,2021-05-19,3477087,708758,4185845,covid19india,,
Punjab,2021-05-20,3803444,715874,4519318,covid19india,,
Punjab,2021-05-21,3872115,720220,4592335,covid19india,,
Punjab,2021-05-22,3964961,726121,4691082,covid19india,,
Punjab,2021-05-23,4021416,730329,4751745,covid19india,,
Punjab,2021-05-24,4076224,735870,4812094,covid19india,,
Punjab,2021-05-25,4108914,744101,4853015,covid19india,,
Punjab,2021-05-26,4142075,748350,4890425,covid19india,,
Punjab,2021-05-27,4165757,752357,4918114,covid19india,,
Punjab,2021-05-28,4180268,756550,4936818,covid19india,,
Punjab,2021-05-29,4216868,761752,4978620,covid19india,,
Punjab,2021-05-30,4244474,765153,5009627,covid19india,,
Punjab,2021-05-31,4274207,770462,5044669,covid19india,,
Punjab,2021-06-01,4302436,775818,5078254,covid19india,,
Punjab,2021-06-02,4331088,779977,5111065,covid19india,,
Punjab,2021-06-03,4361990,784093,5146083,covid19india,,
Punjab,2021-06-04,4412261,788913,5201174,covid19india,,
Punjab,2021-06-05,4464974,792977,5257951,covid19india,,
Punjab,2021-06-06,4499267,794838,5294105,covid19india,,
Punjab,2021-06-07,4540077,799057,5339134,covid19india,,
Punjab,2021-06-08,4596510,803134,5399644,covid19india,,
Punjab,2021-06-09,4625706,805969,5431675,covid19india,,
Punjab,2021-06-10,4648958,809166,5458124,covid19india,,
Punjab,2021-06-11,4700630,813356,5513986,covid19india,,
Punjab,2021-06-12,4792448,817006,5609454,covid19india,,
Punjab,2021-06-13,4825739,872028,5697767,covid19india,,
Punjab,2021-06-14,4925386,822098,5747484,covid19india,,
Punjab,2021-06-15,4975658,826947,5802605,covid19india,,
Punjab,2021-06-16,5049433,831134,5880567,covid19india,,
Punjab,2021-06-17,5136354,836980,5973334,covid19india,,
Punjab,2021-06-18,5212094,842827,6054921,covid19india,,
Punjab,2021-06-19,5323319,849259,6172578,covid19india,,
Punjab,2021-06-20,5414623,856043,6270666,covid19india,,
Punjab,2021-06-21,5500425,865055,6365480,covid19india,,
Punjab,2021-06-22,5602397,878545,6480942,covid19india,,
Punjab,2021-06-23,5673948,890491,6564439,covid19india,,
Punjab,2021-06-24,5757250,907022,6664272,covid19india,,
Punjab,2021-06-25,5868652,935925,6804577,covid19india,,
Punjab,2021-06-26,5974933,967308,6942241,covid19india,,
Punjab,2021-06-27,6030088,978243,7008331,covid19india,,
Punjab,2021-06-28,6067090,988120,7055210,covid19india,,
Punjab,2021-06-29,6093007,996051,7089058,covid19india,,
Punjab,2021-06-30,6112362,1002728,7115090,covid19india,,
Punjab,2021-07-01,6128641,1007215,7135856,covid19india,,
Punjab,2021-07-02,6149284,1018375,7167659,covid19india,,
Punjab,2021-07-03,6535786,1184756,7720542,covid19india,,
Punjab,2021-07-04,6607383,1217548,7824931,covid19india,,
Punjab,2021-07-05,6639425,1234983,7874408,covid19india,,
Punjab,2021-07-06,6654477,1242647,7897124,covid19india,,
Punjab,2021-07-07,6778624,1312896,8091520,covid19india,,
Punjab,2021-07-08,6792574,1323363,8115937,covid19india,,
Punjab,2021-07-09,6800474,1329096,8129570,covid19india,,
Punjab,2021-07-10,6842476,1341758,8184234,covid19india,,
Punjab,2021-07-11,6866655,1345592,8212247,covid19india,,
Punjab,2021-07-12,6986755,1428792,8415547,covid19india,,
Punjab,2021-07-13,7075101,1447226,8522327,covid19india,,
Punjab,2021-07-14,7106538,1457346,8563884,covid19india,,
Punjab,2021-07-15,7124365,1463825,8588190,covid19india,,
Punjab,2021-07-16,7230791,1537444,8768235,covid19india,,
Punjab,2021-07-17,7248541,1550517,8799058,covid19india,,
Punjab,2021-07-18,7251374,1552932,8804306,covid19india,,
Punjab,2021-07-19,7259314,1558644,8817958,covid19india,,
Punjab,2021-07-20,7265160,1562970,8828130,covid19india,,
Punjab,2021-07-21,7377191,1645775,9022966,covid19india,,
Punjab,2021-07-22,7406702,1674872,9081574,covid19india,,
Punjab,2021-07-23,7417484,1686921,9104405,covid19india,,
Punjab,2021-07-24,7477995,1750500,9228495,covid19india,,
Punjab,2021-07-25,7489117,1762899,9252016,covid19india,,
Punjab,2021-07-26,7504559,1775956,9280515,covid19india,,
Punjab,2021-07-27,7513755,1785137,9298892,covid19india,,
Punjab,2021-07-28,7562498,1830886,9393384,covid19india,,
Punjab,2021-07-29,7624457,1883270,9507727,covid19india,,
Punjab,2021-07-30,7701664,1944988,9646652,covid19india,,
Punjab,2021-07-31,7738387,1965727,9704114,covid19india,,
Punjab,2021-08-01,7807511,2018435,9825946,covid19india,,
Punjab,2021-08-02,7851551,2050687,9902238,covid19india,,
Punjab,2021-08-03,7888965,2075548,9964513,covid19india,,
Punjab,2021-08-04,7909863,2089873,9999736,covid19india,,
Punjab,2021-08-05,7931055,2101165,10032220,covid19india,,
Punjab,2021-08-06,7946711,2110645,10057356,covid19india,,
Punjab,2021-08-07,8068067,2205009,10273076,covid19india,,
Punjab,2021-08-08,8110573,2232985,10343558,covid19india,,
Punjab,2021-08-09,8202118,2287403,10489521,covid19india,,
Punjab,2021-08-10,8222725,2303559,10526284,covid19india,,
Punjab,2021-08-11,8319026,2360089,10679115,covid19india,,
Punjab,2021-08-12,8370767,2395047,10765814,covid19india,,
Punjab,2021-08-13,8479254,2455934,10935188,covid19india,,
Punjab,2021-08-14,8586411,2518843,11105254,covid19india,,
Punjab,2021-08-15,8702980,2566103,11269083,covid19india,,
Punjab,2021-08-16,8837490,2629849,11467339,covid19india,,
Punjab,2021-08-17,8883609,2655532,11539141,covid19india,,
Punjab,2021-08-18,9060240,2723110,11783350,covid19india,,
Punjab,2021-08-19,9214454,2790665,12005119,covid19india,,
Punjab,2021-08-20,9250044,2807869,12057913,covid19india,,
Punjab,2021-08-21,9427904,2878996,12306900,covid19india,,
Punjab,2021-08-22,9434218,2882556,12316774,covid19india,,
Punjab,2021-08-23,9493006,2908131,12401137,covid19india,,
Punjab,2021-08-24,9745396,2994797,12740193,covid19india,,
Punjab,2021-08-25,9817886,3027458,12845344,covid19india,,
Punjab,2021-08-26,10034669,3098604,13133273,covid19india,,
Punjab,2021-08-27,10108925,3131238,13240163,covid19india,,
Punjab,2021-08-29,10174312,3170375,13344687,covid19india,,
Punjab,2021-08-30,10217165,3185070,13402235,covid19india,,
Punjab,2021-08-31,10413004,3255768,13668772,covid19india,,
Punjab,2021-09-01,10562865,3308382,13871247,covid19india,,
Punjab,2021-09-02,10809766,3387477,14197243,covid19india,,
Punjab,2021-09-03,10904765,3425589,14330354,covid19india,,
Punjab,2021-09-04,11166067,3506068,14672135,covid19india,,
Punjab,2021-09-05,11312390,3592191,14904581,covid19india,,
Punjab,2021-09-06,11419229,3629146,15048375,covid19india,,
Punjab,2021-09-07,11493314,3659619,15152933,covid19india,,
Punjab,2021-09-08,11698998,3711958,15410956,covid19india,,
Punjab,2021-09-09,11957909,3788391,15746300,covid19india,,
Punjab,2021-09-10,12091501,3828014,15919515,covid19india,,
Punjab,2021-09-11,12233037,3881913,16114950,covid19india,,
Punjab,2021-09-12,12290257,3912832,16203089,covid19india,,
Punjab,2021-09-13,12459587,3975139,16434726,covid19india,,
Punjab,2021-09-14,12554977,4020246,16575223,covid19india,,
Punjab,2021-09-15,12591082,4040209,16631291,covid19india,,
Punjab,2021-09-16,12999037,4194776,17193813,covid19india,,
Punjab,2021-09-17,13180917,4257332,17438249,covid19india,,
Punjab,2021-09-18,13363233,4348241,17711474,covid19india,,
Punjab,2021-09-19,13420326,4388568,17808894,covid19india,,
Punjab,2021-09-20,13492893,4443866,17936759,covid19india,,
Punjab,2021-09-21,13538780,4475199,18013979,covid19india,,
Punjab,2021-09-22,13570662,4496921,18067583,covid19india,,
Punjab,2021-09-23,13876483,4632092,18508575,covid19india,,
Punjab,2021-09-24,14007615,4695696,18703311,covid19india,,
Punjab,2021-09-25,14280942,4858030,19138972,covid19india,,
Punjab,2021-09-26,14354368,4909368,19263736,covid19india,,
Punjab,2021-09-27,14396251,4932450,19328701,covid19india,,
Punjab,2021-09-28,14446728,4966852,19413580,covid19india,,
Punjab,2021-09-29,14479337,4994027,19473364,covid19india,,
Punjab,2021-09-30,14513164,5025021,19538185,covid19india,,
Punjab,2021-10-01,14545115,5052058,19597173,covid19india,,
Punjab,2021-10-02,14555719,5060276,19615995,covid19india,,
Punjab,2021-10-03,14560388,5065860,19626248,covid19india,,
Punjab,2021-10-04,14695359,5169576,19864935,covid19india,,
Punjab,2021-10-05,14824061,5263921,20087982,covid19india,,
Punjab,2021-10-06,14880782,5306836,20187618,covid19india,,
Punjab,2021-10-07,14942042,5345773,20287815,covid19india,,
Punjab,2021-10-08,15022357,5411112,20433469,covid19india,,
Punjab,2021-10-09,15116949,5479270,20596219,covid19india,,
Punjab,2021-10-10,15141269,5501338,20642607,covid19india,,
Punjab,2021-10-11,15207993,5551688,20759681,covid19india,,
Rajasthan,2021-01-16,9279,0,9279,covid19india,,
Rajasthan,2021-01-18,23546,0,23546,covid19india,,
Rajasthan,2021-01-19,30761,0,30761,covid19india,,
Rajasthan,2021-01-20,32379,0,32379,covid19india,,
Rajasthan,2021-01-21,32379,0,32379,covid19india,,
Rajasthan,2021-01-22,43947,0,43947,covid19india,,
Rajasthan,2021-01-23,67270,0,67270,covid19india,,
Rajasthan,2021-01-24,93525,0,93525,covid19india,,
Rajasthan,2021-01-25,161116,0,161116,covid19india,,
Rajasthan,2021-01-26,161332,0,161332,covid19india,,
Rajasthan,2021-01-27,237137,0,237137,covid19india,,
Rajasthan,2021-01-28,257833,0,257833,covid19india,,
Rajasthan,2021-01-29,324973,0,324973,covid19india,,
Rajasthan,2021-01-30,329611,0,329611,covid19india,,
Rajasthan,2021-01-31,330797,0,330797,covid19india,,
Rajasthan,2021-02-01,333930,0,333930,covid19india,,
Rajasthan,2021-02-02,339218,0,339218,covid19india,,
Rajasthan,2021-02-03,363521,0,363521,covid19india,,
Rajasthan,2021-02-04,384810,0,384810,covid19india,,
Rajasthan,2021-02-05,414422,0,414422,covid19india,,
Rajasthan,2021-02-06,459652,0,459652,covid19india,,
Rajasthan,2021-02-07,460994,0,460994,covid19india,,
Rajasthan,2021-02-08,487848,0,487848,covid19india,,
Rajasthan,2021-02-09,491543,0,491543,covid19india,,
Rajasthan,2021-02-10,559990,0,559990,covid19india,,
Rajasthan,2021-02-11,590990,0,590990,covid19india,,
Rajasthan,2021-02-12,606694,0,606694,covid19india,,
Rajasthan,2021-02-13,609568,0,609568,covid19india,,
Rajasthan,2021-02-14,610088,0,610088,covid19india,,
Rajasthan,2021-02-15,618919,8791,627710,covid19india,,
Rajasthan,2021-02-16,622374,14647,637021,covid19india,,
Rajasthan,2021-02-17,744741,15334,760075,covid19india,,
Rajasthan,2021-02-18,747420,15493,762913,covid19india,,
Rajasthan,2021-02-19,780665,19054,799719,covid19india,,
Rajasthan,2021-02-20,782701,38358,821059,covid19india,,
Rajasthan,2021-02-21,782701,38358,821059,covid19india,,
Rajasthan,2021-02-22,782710,62183,844893,covid19india,,
Rajasthan,2021-02-23,783205,94838,878043,covid19india,,
Rajasthan,2021-02-24,783652,147570,931222,covid19india,,
Rajasthan,2021-02-25,797900,152486,950386,covid19india,,
Rajasthan,2021-02-26,798447,224760,1023207,covid19india,,
Rajasthan,2021-02-27,798447,224760,1023207,covid19india,,
Rajasthan,2021-02-28,798447,224760,1023207,covid19india,,
Rajasthan,2021-03-01,863992,245561,1109553,covid19india,,
Rajasthan,2021-03-02,1005225,256548,1261773,covid19india,,
Rajasthan,2021-03-03,1220438,269794,1490232,covid19india,,
Rajasthan,2021-03-04,1326074,283269,1609343,covid19india,,
Rajasthan,2021-03-05,1585089,306029,1891118,covid19india,,
Rajasthan,2021-03-06,1802425,329018,2131443,covid19india,,
Rajasthan,2021-03-07,1806825,329424,2136249,covid19india,,
Rajasthan,2021-03-08,1979962,347013,2326975,covid19india,,
Rajasthan,2021-03-09,2019948,367849,2387797,covid19india,,
Rajasthan,2021-03-10,2102124,408794,2510918,covid19india,,
Rajasthan,2021-03-11,2102606,408812,2511418,covid19india,,
Rajasthan,2021-03-12,2258451,439812,2698263,covid19india,,
Rajasthan,2021-03-13,2436818,457912,2894730,covid19india,,
Rajasthan,2021-03-14,2440682,458218,2898900,covid19india,,
Rajasthan,2021-03-15,2633236,472016,3105252,covid19india,,
Rajasthan,2021-03-16,2862220,485483,3347703,covid19india,,
Rajasthan,2021-03-17,3092635,592208,3684843,covid19india,,
Rajasthan,2021-03-18,3131450,607287,3738737,covid19india,,
Rajasthan,2021-03-19,3407251,639945,4047196,covid19india,,
Rajasthan,2021-03-20,3624232,649981,4274213,covid19india,,
Rajasthan,2021-03-21,3637514,651387,4288901,covid19india,,
Rajasthan,2021-03-22,3883490,658050,4541540,covid19india,,
Rajasthan,2021-03-23,4090566,662418,4752984,covid19india,,
Rajasthan,2021-03-24,4327874,666700,4994574,covid19india,,
Rajasthan,2021-03-25,4387817,669692,5057509,covid19india,,
Rajasthan,2021-03-26,4632659,674962,5307621,covid19india,,
Rajasthan,2021-03-27,4806418,677766,5484184,covid19india,,
Rajasthan,2021-03-28,4806418,677766,5484184,covid19india,,
Rajasthan,2021-03-29,4806418,677766,5484184,covid19india,,
Rajasthan,2021-03-30,4887410,694762,5582172,covid19india,,
Rajasthan,2021-03-31,4999156,722156,5721312,covid19india,,
Rajasthan,2021-04-01,5249027,756876,6005903,covid19india,,
Rajasthan,2021-04-02,5379570,772015,6151585,covid19india,,
Rajasthan,2021-04-03,5624931,806670,6431601,covid19india,,
Rajasthan,2021-04-04,6020639,847987,6868626,covid19india,,
Rajasthan,2021-04-05,6400581,898724,7299305,covid19india,,
Rajasthan,2021-04-06,6869590,945743,7815333,covid19india,,
Rajasthan,2021-04-07,7303354,984486,8287840,covid19india,,
Rajasthan,2021-04-08,7772197,1035154,8807351,covid19india,,
Rajasthan,2021-04-09,8167023,1078215,9245238,covid19india,,
Rajasthan,2021-04-10,8450218,1115090,9565308,covid19india,,
Rajasthan,2021-04-11,8582526,1133826,9716352,covid19india,,
Rajasthan,2021-04-12,8759896,1165685,9925581,covid19india,,
Rajasthan,2021-04-13,8886496,1194436,10080932,covid19india,,
Rajasthan,2021-04-14,8997044,1227535,10224579,covid19india,,
Rajasthan,2021-04-15,9095197,1265134,10360331,covid19india,,
Rajasthan,2021-04-16,9207156,1316216,10523372,covid19india,,
Rajasthan,2021-04-17,9332463,1366308,10698771,covid19india,,
Rajasthan,2021-04-18,9459005,1425801,10884806,covid19india,,
Rajasthan,2021-04-19,9660969,1531150,11192119,covid19india,,
Rajasthan,2021-04-20,9828519,1622618,11451137,covid19india,,
Rajasthan,2021-04-21,9952757,1697544,11650301,covid19india,,
Rajasthan,2021-04-22,10069713,1766615,11836328,covid19india,,
Rajasthan,2021-04-23,10178267,1831977,12010244,covid19india,,
Rajasthan,2021-04-24,10298573,1909319,12207892,covid19india,,
Rajasthan,2021-04-25,10388447,1959506,12347953,covid19india,,
Rajasthan,2021-04-26,10508538,2034683,12543221,covid19india,,
Rajasthan,2021-04-27,10578645,2081170,12659815,covid19india,,
Rajasthan,2021-04-28,10670385,2142588,12812973,covid19india,,
Rajasthan,2021-04-29,10745782,2191129,12936911,covid19india,,
Rajasthan,2021-04-30,10797385,2224937,13022322,covid19india,,
Rajasthan,2021-05-01,10842068,2250711,13092779,covid19india,,
Rajasthan,2021-05-02,10894122,2279304,13173426,covid19india,,
Rajasthan,2021-05-03,10995522,2342871,13338393,covid19india,,
Rajasthan,2021-05-04,11086073,2388375,13474448,covid19india,,
Rajasthan,2021-05-05,11167216,2430151,13597367,covid19india,,
Rajasthan,2021-05-06,11231650,2469122,13700772,covid19india,,
Rajasthan,2021-05-07,11298842,2543148,13841990,covid19india,,
Rajasthan,2021-05-08,11370196,2649328,14019524,covid19india,,
Rajasthan,2021-05-09,11428249,2676008,14104257,covid19india,,
Rajasthan,2021-05-10,11555728,2732304,14288032,covid19india,,
Rajasthan,2021-05-11,11680175,2843922,14524097,covid19india,,
Rajasthan,2021-05-12,11793385,2898602,14691987,covid19india,,
Rajasthan,2021-05-13,11858172,2940742,14798914,covid19india,,
Rajasthan,2021-05-14,11895029,2957371,14852400,covid19india,,
Rajasthan,2021-05-15,12015027,2976398,14991425,covid19india,,
Rajasthan,2021-05-16,12128406,2978191,15106597,covid19india,,
Rajasthan,2021-05-17,12287103,2982610,15269713,covid19india,,
Rajasthan,2021-05-18,12411685,2987117,15398802,covid19india,,
Rajasthan,2021-05-19,12486000,2992846,15478846,covid19india,,
Rajasthan,2021-05-20,12702212,3006023,15708235,covid19india,,
Rajasthan,2021-05-21,12800659,3015797,15816456,covid19india,,
Rajasthan,2021-05-22,12914866,3025727,15940593,covid19india,,
Rajasthan,2021-05-23,13003735,3030032,16033767,covid19india,,
Rajasthan,2021-05-24,13143982,3039768,16183750,covid19india,,
Rajasthan,2021-05-25,13232595,3050825,16283420,covid19india,,
Rajasthan,2021-05-26,13305224,3058955,16364179,covid19india,,
Rajasthan,2021-05-27,13361360,3064986,16426346,covid19india,,
Rajasthan,2021-05-28,13474390,3078637,16553027,covid19india,,
Rajasthan,2021-05-29,13666242,3091104,16757346,covid19india,,
Rajasthan,2021-05-30,13763262,3098305,16861567,covid19india,,
Rajasthan,2021-05-31,13897166,3116184,17013350,covid19india,,
Rajasthan,2021-06-01,13985177,3133405,17118582,covid19india,,
Rajasthan,2021-06-02,14080570,3150616,17231186,covid19india,,
Rajasthan,2021-06-03,14166855,3164778,17331633,covid19india,,
Rajasthan,2021-06-04,14288985,3190408,17479393,covid19india,,
Rajasthan,2021-06-05,14427646,3217034,17644680,covid19india,,
Rajasthan,2021-06-06,14491952,3229606,17721558,covid19india,,
Rajasthan,2021-06-07,14587044,3256747,17843791,covid19india,,
Rajasthan,2021-06-08,14723621,3281311,18004932,covid19india,,
Rajasthan,2021-06-09,15179151,3297804,18476955,covid19india,,
Rajasthan,2021-06-10,15513737,3308308,18822045,covid19india,,
Rajasthan,2021-06-11,15956804,3321624,19278428,covid19india,,
Rajasthan,2021-06-12,16255404,3333728,19589132,covid19india,,
Rajasthan,2021-06-13,16363858,3338215,19702073,covid19india,,
Rajasthan,2021-06-14,16541044,3347037,19888081,covid19india,,
Rajasthan,2021-06-15,16627520,3353681,19981201,covid19india,,
Rajasthan,2021-06-16,16672209,3359935,20032144,covid19india,,
Rajasthan,2021-06-17,16910474,3365106,20275580,covid19india,,
Rajasthan,2021-06-18,17247419,3370894,20618313,covid19india,,
Rajasthan,2021-06-19,17470356,3388466,20858822,covid19india,,
Rajasthan,2021-06-20,17801747,3428930,21230677,covid19india,,
Rajasthan,2021-06-21,18214095,3478097,21692192,covid19india,,
Rajasthan,2021-06-22,18552992,3545678,22098670,covid19india,,
Rajasthan,2021-06-23,18882422,3588779,22471201,covid19india,,
Rajasthan,2021-06-24,19058646,3620647,22679293,covid19india,,
Rajasthan,2021-06-25,19933012,3740339,23673351,covid19india,,
Rajasthan,2021-06-26,20190790,3796534,23987324,covid19india,,
Rajasthan,2021-06-27,20413290,3838633,24251923,covid19india,,
Rajasthan,2021-06-28,20556295,3883011,24439306,covid19india,,
Rajasthan,2021-06-29,20635133,3914073,24549206,covid19india,,
Rajasthan,2021-06-30,20751161,3980702,24731863,covid19india,,
Rajasthan,2021-07-01,20795337,4006987,24802324,covid19india,,
Rajasthan,2021-07-02,20857534,4030244,24887778,covid19india,,
Rajasthan,2021-07-03,21331201,4337542,25668743,covid19india,,
Rajasthan,2021-07-04,21402124,4367709,25769833,covid19india,,
Rajasthan,2021-07-05,21436674,4384950,25821624,covid19india,,
Rajasthan,2021-07-06,21454506,4393818,25848324,covid19india,,
Rajasthan,2021-07-07,21492802,4444967,25937769,covid19india,,
Rajasthan,2021-07-08,21575229,4547860,26123089,covid19india,,
Rajasthan,2021-07-09,21609690,4589904,26199594,covid19india,,
Rajasthan,2021-07-10,21664063,4667398,26331461,covid19india,,
Rajasthan,2021-07-11,21724229,4686607,26410836,covid19india,,
Rajasthan,2021-07-12,21746650,4702524,26449174,covid19india,,
Rajasthan,2021-07-13,22085820,4933431,27019251,covid19india,,
Rajasthan,2021-07-14,22338742,5105106,27443848,covid19india,,
Rajasthan,2021-07-15,22373512,5127110,27500622,covid19india,,
Rajasthan,2021-07-16,22426945,5214913,27641858,covid19india,,
Rajasthan,2021-07-17,22827349,5515589,28342938,covid19india,,
Rajasthan,2021-07-18,23104608,5624046,28728654,covid19india,,
Rajasthan,2021-07-19,23295731,5709586,29005317,covid19india,,
Rajasthan,2021-07-20,23367032,5745243,29112275,covid19india,,
Rajasthan,2021-07-21,23538030,5908869,29446899,covid19india,,
Rajasthan,2021-07-22,23791783,6130801,29922584,covid19india,,
Rajasthan,2021-07-23,23882968,6234866,30117834,covid19india,,
Rajasthan,2021-07-24,23920865,6278498,30199363,covid19india,,
Rajasthan,2021-07-25,23957916,6417943,30375859,covid19india,,
Rajasthan,2021-07-26,24031046,6570232,30601278,covid19india,,
Rajasthan,2021-07-27,24136241,6709297,30845538,covid19india,,
Rajasthan,2021-07-28,24360122,6948450,31308572,covid19india,,
Rajasthan,2021-07-29,24540697,7210339,31751036,covid19india,,
Rajasthan,2021-07-30,24702576,7338270,32040846,covid19india,,
Rajasthan,2021-07-31,25250384,7499341,32749725,covid19india,,
Rajasthan,2021-08-01,25284389,7530701,32815090,covid19india,,
Rajasthan,2021-08-02,25554988,7749393,33304381,covid19india,,
Rajasthan,2021-08-03,25765700,7864003,33629703,covid19india,,
Rajasthan,2021-08-04,26006350,7953805,33960155,covid19india,,
Rajasthan,2021-08-05,26172666,8030021,34202687,covid19india,,
Rajasthan,2021-08-06,26474741,8145985,34620726,covid19india,,
Rajasthan,2021-08-07,26715548,8245184,34960732,covid19india,,
Rajasthan,2021-08-08,26798140,8286045,35084185,covid19india,,
Rajasthan,2021-08-09,27017475,8377435,35394910,covid19india,,
Rajasthan,2021-08-10,27226185,8464839,35691024,covid19india,,
Rajasthan,2021-08-11,27421879,8553420,35975299,covid19india,,
Rajasthan,2021-08-12,27692302,8666775,36359077,covid19india,,
Rajasthan,2021-08-13,28075505,8825627,36901132,covid19india,,
Rajasthan,2021-08-14,28533104,8983877,37516981,covid19india,,
Rajasthan,2021-08-15,28563999,8993813,37557812,covid19india,,
Rajasthan,2021-08-16,28932922,9153543,38086465,covid19india,,
Rajasthan,2021-08-17,29183876,9237187,38421063,covid19india,,
Rajasthan,2021-08-18,29252296,9266105,38518401,covid19india,,
Rajasthan,2021-08-19,29492214,9368710,38860924,covid19india,,
Rajasthan,2021-08-20,29817145,9489481,39306626,covid19india,,
Rajasthan,2021-08-21,30119596,9612108,39731704,covid19india,,
Rajasthan,2021-08-22,30133754,9616744,39750498,covid19india,,
Rajasthan,2021-08-23,30289979,9677263,39967242,covid19india,,
Rajasthan,2021-08-24,30757852,9841663,40599515,covid19india,,
Rajasthan,2021-08-25,31160170,9972383,41132553,covid19india,,
Rajasthan,2021-08-26,31612667,10120229,41732896,covid19india,,
Rajasthan,2021-08-27,31981604,10251997,42233601,covid19india,,
Rajasthan,2021-08-29,33088445,10624827,43713272,covid19india,,
Rajasthan,2021-08-30,33231287,10680171,43911458,covid19india,,
Rajasthan,2021-08-31,33894711,10902114,44796825,covid19india,,
Rajasthan,2021-09-01,34366328,11090043,45456371,covid19india,,
Rajasthan,2021-09-02,34560753,11192165,45752918,covid19india,,
Rajasthan,2021-09-03,34675134,11261793,45936927,covid19india,,
Rajasthan,2021-09-04,35160461,11483961,46644422,covid19india,,
Rajasthan,2021-09-05,35269169,11536515,46805684,covid19india,,
Rajasthan,2021-09-06,35426570,11616041,47042611,covid19india,,
Rajasthan,2021-09-07,35610155,11746858,47357013,covid19india,,
Rajasthan,2021-09-08,36186863,12016323,48203186,covid19india,,
Rajasthan,2021-09-09,36480293,12184364,48664657,covid19india,,
Rajasthan,2021-09-10,36990638,12446279,49436917,covid19india,,
Rajasthan,2021-09-11,37148474,12557462,49705936,covid19india,,
Rajasthan,2021-09-12,37204314,12598199,49802513,covid19india,,
Rajasthan,2021-09-13,37448753,12755973,50204726,covid19india,,
Rajasthan,2021-09-14,37745950,12970196,50716146,covid19india,,
Rajasthan,2021-09-15,38043691,13172282,51215973,covid19india,,
Rajasthan,2021-09-16,38245897,13303331,51549228,covid19india,,
Rajasthan,2021-09-17,39033211,13978060,53011271,covid19india,,
Rajasthan,2021-09-18,39269460,14191321,53460781,covid19india,,
Rajasthan,2021-09-19,39326657,14249452,53576109,covid19india,,
Rajasthan,2021-09-20,39412560,14334862,53747422,covid19india,,
Rajasthan,2021-09-21,39481260,14420440,53901700,covid19india,,
Rajasthan,2021-09-22,39525987,14485390,54011377,covid19india,,
Rajasthan,2021-09-23,39544905,14512093,54056998,covid19india,,
Rajasthan,2021-09-24,39787655,14762534,54550189,covid19india,,
Rajasthan,2021-09-25,39956439,14945315,54901754,covid19india,,
Rajasthan,2021-09-26,39960405,14949889,54910294,covid19india,,
Rajasthan,2021-09-27,40042426,15060224,55102650,covid19india,,
Rajasthan,2021-09-28,40135849,15199776,55335625,covid19india,,
Rajasthan,2021-09-29,40294094,15447589,55741683,covid19india,,
Rajasthan,2021-09-30,40435571,15640723,56076294,covid19india,,
Rajasthan,2021-10-01,40556410,15823250,56379660,covid19india,,
Rajasthan,2021-10-02,40652518,15960847,56613365,covid19india,,
Rajasthan,2021-10-03,40671385,15996107,56667492,covid19india,,
Rajasthan,2021-10-04,40720836,16073365,56794201,covid19india,,
Rajasthan,2021-10-05,40794830,16204033,56998863,covid19india,,
Rajasthan,2021-10-06,41019169,16595729,57614898,covid19india,,
Rajasthan,2021-10-07,41054187,16657271,57711458,covid19india,,
Rajasthan,2021-10-08,41222982,16954976,58177958,covid19india,,
Rajasthan,2021-10-09,41389970,17262697,58652667,covid19india,,
Rajasthan,2021-10-10,41478621,17448695,58927316,covid19india,,
Rajasthan,2021-10-11,41567021,17645602,59212623,covid19india,,
Sikkim,2021-01-16,120,0,120,covid19india,,
Sikkim,2021-01-18,120,0,120,covid19india,,
Sikkim,2021-01-19,350,0,350,covid19india,,
Sikkim,2021-01-20,573,0,573,covid19india,,
Sikkim,2021-01-21,773,0,773,covid19india,,
Sikkim,2021-01-22,960,0,960,covid19india,,
Sikkim,2021-01-23,960,0,960,covid19india,,
Sikkim,2021-01-24,960,0,960,covid19india,,
Sikkim,2021-01-25,1047,0,1047,covid19india,,
Sikkim,2021-01-26,1047,0,1047,covid19india,,
Sikkim,2021-01-27,1320,0,1320,covid19india,,
Sikkim,2021-01-28,1776,0,1776,covid19india,,
Sikkim,2021-01-29,2020,0,2020,covid19india,,
Sikkim,2021-01-30,2020,0,2020,covid19india,,
Sikkim,2021-01-31,2020,0,2020,covid19india,,
Sikkim,2021-02-01,2166,0,2166,covid19india,,
Sikkim,2021-02-02,2647,0,2647,covid19india,,
Sikkim,2021-02-03,3425,0,3425,covid19india,,
Sikkim,2021-02-04,4264,0,4264,covid19india,,
Sikkim,2021-02-05,5139,0,5139,covid19india,,
Sikkim,2021-02-06,5372,0,5372,covid19india,,
Sikkim,2021-02-07,5372,0,5372,covid19india,,
Sikkim,2021-02-08,6007,0,6007,covid19india,,
Sikkim,2021-02-09,6961,0,6961,covid19india,,
Sikkim,2021-02-10,7808,0,7808,covid19india,,
Sikkim,2021-02-11,8316,0,8316,covid19india,,
Sikkim,2021-02-12,8335,0,8335,covid19india,,
Sikkim,2021-02-13,8335,0,8335,covid19india,,
Sikkim,2021-02-14,8335,0,8335,covid19india,,
Sikkim,2021-02-15,8543,0,8543,covid19india,,
Sikkim,2021-02-16,8991,157,9148,covid19india,,
Sikkim,2021-02-17,9509,251,9760,covid19india,,
Sikkim,2021-02-18,10143,357,10500,covid19india,,
Sikkim,2021-02-19,11102,698,11800,covid19india,,
Sikkim,2021-02-20,11865,700,12565,covid19india,,
Sikkim,2021-02-21,11865,700,12565,covid19india,,
Sikkim,2021-02-22,13384,775,14159,covid19india,,
Sikkim,2021-02-23,14721,973,15694,covid19india,,
Sikkim,2021-02-24,15875,1056,16931,covid19india,,
Sikkim,2021-02-25,16630,1228,17858,covid19india,,
Sikkim,2021-02-26,16951,1361,18312,covid19india,,
Sikkim,2021-02-27,16951,1361,18312,covid19india,,
Sikkim,2021-02-28,16951,1361,18312,covid19india,,
Sikkim,2021-03-01,17516,1882,19398,covid19india,,
Sikkim,2021-03-02,18428,2002,20430,covid19india,,
Sikkim,2021-03-03,19675,2243,21918,covid19india,,
Sikkim,2021-03-04,21341,2689,24030,covid19india,,
Sikkim,2021-03-05,23234,3759,26993,covid19india,,
Sikkim,2021-03-06,24714,4148,28862,covid19india,,
Sikkim,2021-03-07,24714,4148,28862,covid19india,,
Sikkim,2021-03-08,27392,5099,32491,covid19india,,
Sikkim,2021-03-09,29847,5862,35709,covid19india,,
Sikkim,2021-03-10,33256,6394,39650,covid19india,,
Sikkim,2021-03-11,36339,7150,43489,covid19india,,
Sikkim,2021-03-12,38844,7429,46273,covid19india,,
Sikkim,2021-03-13,39100,7429,46529,covid19india,,
Sikkim,2021-03-14,39100,7429,46529,covid19india,,
Sikkim,2021-03-15,41797,7721,49518,covid19india,,
Sikkim,2021-03-16,43669,7994,51663,covid19india,,
Sikkim,2021-03-17,45940,8359,54299,covid19india,,
Sikkim,2021-03-18,48331,8884,57215,covid19india,,
Sikkim,2021-03-19,50280,9409,59689,covid19india,,
Sikkim,2021-03-20,51523,9742,61265,covid19india,,
Sikkim,2021-03-21,51523,9742,61265,covid19india,,
Sikkim,2021-03-22,52929,10742,63671,covid19india,,
Sikkim,2021-03-23,55143,11625,66768,covid19india,,
Sikkim,2021-03-24,56855,11907,68762,covid19india,,
Sikkim,2021-03-25,58474,12049,70523,covid19india,,
Sikkim,2021-03-26,60149,12160,72309,covid19india,,
Sikkim,2021-03-27,60149,12160,72309,covid19india,,
Sikkim,2021-03-28,60149,12160,72309,covid19india,,
Sikkim,2021-03-29,60149,12160,72309,covid19india,,
Sikkim,2021-03-30,60964,12322,73286,covid19india,,
Sikkim,2021-03-31,61362,12379,73741,covid19india,,
Sikkim,2021-04-01,65348,12544,77892,covid19india,,
Sikkim,2021-04-02,66638,13266,79904,covid19india,,
Sikkim,2021-04-03,67370,13284,80654,covid19india,,
Sikkim,2021-04-04,67561,13295,80856,covid19india,,
Sikkim,2021-04-05,70887,12910,83797,covid19india,,
Sikkim,2021-04-06,77249,13262,90511,covid19india,,
Sikkim,2021-04-07,81528,13657,95185,covid19india,,
Sikkim,2021-04-08,90081,14392,104473,covid19india,,
Sikkim,2021-04-09,97386,15028,112414,covid19india,,
Sikkim,2021-04-10,99963,15238,115201,covid19india,,
Sikkim,2021-04-11,101795,15376,117171,covid19india,,
Sikkim,2021-04-12,110175,15949,126124,covid19india,,
Sikkim,2021-04-13,119163,16498,135661,covid19india,,
Sikkim,2021-04-14,124532,17245,141777,covid19india,,
Sikkim,2021-04-15,130118,18437,148555,covid19india,,
Sikkim,2021-04-16,135545,19751,155296,covid19india,,
Sikkim,2021-04-17,139394,20729,160123,covid19india,,
Sikkim,2021-04-18,140119,20939,161058,covid19india,,
Sikkim,2021-04-19,143952,22657,166609,covid19india,,
Sikkim,2021-04-20,146886,24256,171142,covid19india,,
Sikkim,2021-04-21,147787,24678,172465,covid19india,,
Sikkim,2021-04-22,149884,27276,177160,covid19india,,
Sikkim,2021-04-23,152278,30343,182621,covid19india,,
Sikkim,2021-04-24,153579,31870,185449,covid19india,,
Sikkim,2021-04-25,153939,31956,185895,covid19india,,
Sikkim,2021-04-26,155696,34257,189953,covid19india,,
Sikkim,2021-04-27,157168,36666,193834,covid19india,,
Sikkim,2021-04-28,158440,38479,196919,covid19india,,
Sikkim,2021-04-29,159827,40759,200586,covid19india,,
Sikkim,2021-04-30,161083,42883,203966,covid19india,,
Sikkim,2021-05-01,161460,43669,205129,covid19india,,
Sikkim,2021-05-02,161376,43614,204990,covid19india,,
Sikkim,2021-05-03,161782,45732,207514,covid19india,,
Sikkim,2021-05-04,162323,47609,209932,covid19india,,
Sikkim,2021-05-05,162673,49488,212161,covid19india,,
Sikkim,2021-05-06,163340,51377,214717,covid19india,,
Sikkim,2021-05-07,163675,53764,217439,covid19india,,
Sikkim,2021-05-08,163823,54363,218186,covid19india,,
Sikkim,2021-05-09,163849,54501,218350,covid19india,,
Sikkim,2021-05-10,164141,56040,220181,covid19india,,
Sikkim,2021-05-11,164311,57000,221311,covid19india,,
Sikkim,2021-05-12,164479,57477,221956,covid19india,,
Sikkim,2021-05-13,164686,59026,223712,covid19india,,
Sikkim,2021-05-14,164814,59573,224387,covid19india,,
Sikkim,2021-05-15,164899,59584,224483,covid19india,,
Sikkim,2021-05-16,165261,59585,224846,covid19india,,
Sikkim,2021-05-17,165974,59606,225580,covid19india,,
Sikkim,2021-05-18,166701,59610,226311,covid19india,,
Sikkim,2021-05-19,168186,59610,227796,covid19india,,
Sikkim,2021-05-20,171353,59615,230968,covid19india,,
Sikkim,2021-05-21,173078,59627,232705,covid19india,,
Sikkim,2021-05-22,174661,59629,234290,covid19india,,
Sikkim,2021-05-23,174662,59629,234291,covid19india,,
Sikkim,2021-05-24,175952,59629,235581,covid19india,,
Sikkim,2021-05-25,177224,59633,236857,covid19india,,
Sikkim,2021-05-26,178314,59633,237947,covid19india,,
Sikkim,2021-05-27,179062,59635,238697,covid19india,,
Sikkim,2021-05-28,179121,59648,238769,covid19india,,
Sikkim,2021-05-29,179179,59653,238832,covid19india,,
Sikkim,2021-05-30,179179,59653,238832,covid19india,,
Sikkim,2021-05-31,179263,59661,238924,covid19india,,
Sikkim,2021-06-01,179311,59673,238984,covid19india,,
Sikkim,2021-06-02,179424,59691,239115,covid19india,,
Sikkim,2021-06-03,179599,59697,239296,covid19india,,
Sikkim,2021-06-04,179775,59712,239487,covid19india,,
Sikkim,2021-06-05,179854,59713,239567,covid19india,,
Sikkim,2021-06-06,180005,59713,239718,covid19india,,
Sikkim,2021-06-07,180250,59724,239974,covid19india,,
Sikkim,2021-06-08,180911,59734,240645,covid19india,,
Sikkim,2021-06-09,184523,59759,244282,covid19india,,
Sikkim,2021-06-10,192499,59773,252272,covid19india,,
Sikkim,2021-06-11,205108,59786,264894,covid19india,,
Sikkim,2021-06-12,213666,59794,273460,covid19india,,
Sikkim,2021-06-13,213698,59794,273492,covid19india,,
Sikkim,2021-06-14,226651,59831,286482,covid19india,,
Sikkim,2021-06-15,242475,59833,302308,covid19india,,
Sikkim,2021-06-16,257427,59845,317272,covid19india,,
Sikkim,2021-06-17,271881,59876,331757,covid19india,,
Sikkim,2021-06-18,287427,59894,347321,covid19india,,
Sikkim,2021-06-19,298663,59906,358569,covid19india,,
Sikkim,2021-06-20,299464,59906,359370,covid19india,,
Sikkim,2021-06-21,311565,59938,371503,covid19india,,
Sikkim,2021-06-22,325281,59978,385259,covid19india,,
Sikkim,2021-06-23,337086,60026,397112,covid19india,,
Sikkim,2021-06-24,349097,60800,409897,covid19india,,
Sikkim,2021-06-25,362037,61526,423563,covid19india,,
Sikkim,2021-06-26,371534,61597,433131,covid19india,,
Sikkim,2021-06-27,371539,61597,433136,covid19india,,
Sikkim,2021-06-28,384196,64574,448770,covid19india,,
Sikkim,2021-06-29,394505,67949,462454,covid19india,,
Sikkim,2021-06-30,401506,72304,473810,covid19india,,
Sikkim,2021-07-01,407286,76184,483470,covid19india,,
Sikkim,2021-07-02,411724,81810,493534,covid19india,,
Sikkim,2021-07-03,416397,85181,501578,covid19india,,
Sikkim,2021-07-04,416397,85183,501580,covid19india,,
Sikkim,2021-07-05,423173,92194,515367,covid19india,,
Sikkim,2021-07-06,428512,98958,527470,covid19india,,
Sikkim,2021-07-07,433003,104480,537483,covid19india,,
Sikkim,2021-07-08,436734,110041,546775,covid19india,,
Sikkim,2021-07-09,440417,115683,556100,covid19india,,
Sikkim,2021-07-10,442125,118462,560587,covid19india,,
Sikkim,2021-07-11,442125,118462,560587,covid19india,,
Sikkim,2021-07-12,445999,124260,570259,covid19india,,
Sikkim,2021-07-13,450013,125036,575049,covid19india,,
Sikkim,2021-07-14,451037,125587,576624,covid19india,,
Sikkim,2021-07-15,455497,130608,586105,covid19india,,
Sikkim,2021-07-16,461643,134333,595976,covid19india,,
Sikkim,2021-07-17,464383,136099,600482,covid19india,,
Sikkim,2021-07-18,464508,136108,600616,covid19india,,
Sikkim,2021-07-19,465924,136777,602701,covid19india,,
Sikkim,2021-07-20,471162,139022,610184,covid19india,,
Sikkim,2021-07-21,474356,140802,615158,covid19india,,
Sikkim,2021-07-22,477661,142048,619709,covid19india,,
Sikkim,2021-07-23,481112,143887,624999,covid19india,,
Sikkim,2021-07-24,482041,144504,626545,covid19india,,
Sikkim,2021-07-25,482041,144504,626545,covid19india,,
Sikkim,2021-07-26,484754,145263,630017,covid19india,,
Sikkim,2021-07-27,486553,146135,632688,covid19india,,
Sikkim,2021-07-28,487514,146413,633927,covid19india,,
Sikkim,2021-07-29,488841,146948,635789,covid19india,,
Sikkim,2021-07-30,490105,147845,637950,covid19india,,
Sikkim,2021-07-31,491205,148120,639325,covid19india,,
Sikkim,2021-08-01,491204,148121,639325,covid19india,,
Sikkim,2021-08-02,493353,148823,642176,covid19india,,
Sikkim,2021-08-03,494090,149490,643580,covid19india,,
Sikkim,2021-08-04,494904,149858,644762,covid19india,,
Sikkim,2021-08-05,495935,150285,646220,covid19india,,
Sikkim,2021-08-06,496921,150619,647540,covid19india,,
Sikkim,2021-08-07,497154,150743,647897,covid19india,,
Sikkim,2021-08-08,497154,150743,647897,covid19india,,
Sikkim,2021-08-09,497851,151538,649389,covid19india,,
Sikkim,2021-08-10,498609,152574,651183,covid19india,,
Sikkim,2021-08-11,499232,154094,653326,covid19india,,
Sikkim,2021-08-12,499800,155283,655083,covid19india,,
Sikkim,2021-08-13,500488,156964,657452,covid19india,,
Sikkim,2021-08-14,500829,158042,658871,covid19india,,
Sikkim,2021-08-15,500829,158042,658871,covid19india,,
Sikkim,2021-08-16,501440,159693,661133,covid19india,,
Sikkim,2021-08-17,501993,161143,663136,covid19india,,
Sikkim,2021-08-18,502305,162332,664637,covid19india,,
Sikkim,2021-08-19,502629,163327,665956,covid19india,,
Sikkim,2021-08-20,503326,164078,667404,covid19india,,
Sikkim,2021-08-21,503480,164518,667998,covid19india,,
Sikkim,2021-08-22,503569,164593,668162,covid19india,,
Sikkim,2021-08-23,504063,165098,669161,covid19india,,
Sikkim,2021-08-24,504320,165451,669771,covid19india,,
Sikkim,2021-08-25,504634,165706,670340,covid19india,,
Sikkim,2021-08-26,504968,166158,671126,covid19india,,
Sikkim,2021-08-27,505405,166510,671915,covid19india,,
Sikkim,2021-08-29,505665,166751,672416,covid19india,,
Sikkim,2021-08-30,505789,166869,672658,covid19india,,
Sikkim,2021-08-31,506274,167464,673738,covid19india,,
Sikkim,2021-09-01,506495,168273,674768,covid19india,,
Sikkim,2021-09-02,506887,171774,678661,covid19india,,
Sikkim,2021-09-03,507525,178714,686239,covid19india,,
Sikkim,2021-09-04,508025,184855,692880,covid19india,,
Sikkim,2021-09-05,508026,184865,692891,covid19india,,
Sikkim,2021-09-06,508844,193521,702365,covid19india,,
Sikkim,2021-09-07,509361,201994,711355,covid19india,,
Sikkim,2021-09-08,509903,212380,722283,covid19india,,
Sikkim,2021-09-09,510045,214986,725031,covid19india,,
Sikkim,2021-09-10,510757,229703,740460,covid19india,,
Sikkim,2021-09-11,510958,232971,743929,covid19india,,
Sikkim,2021-09-12,510967,233281,744248,covid19india,,
Sikkim,2021-09-13,511851,249158,761009,covid19india,,
Sikkim,2021-09-14,512478,263553,776031,covid19india,,
Sikkim,2021-09-15,512997,274861,787858,covid19india,,
Sikkim,2021-09-16,513528,287128,800656,covid19india,,
Sikkim,2021-09-17,514042,298163,812205,covid19india,,
Sikkim,2021-09-18,514426,309417,823843,covid19india,,
Sikkim,2021-09-19,514426,309417,823843,covid19india,,
Sikkim,2021-09-20,514548,312429,826977,covid19india,,
Sikkim,2021-09-21,515147,326453,841600,covid19india,,
Sikkim,2021-09-22,515750,339422,855172,covid19india,,
Sikkim,2021-09-23,516318,351985,868303,covid19india,,
Sikkim,2021-09-24,516877,362554,879431,covid19india,,
Sikkim,2021-09-25,517068,365971,883039,covid19india,,
Sikkim,2021-09-26,517083,366159,883242,covid19india,,
Sikkim,2021-09-27,517475,372746,890221,covid19india,,
Sikkim,2021-09-28,517794,379040,896834,covid19india,,
Sikkim,2021-09-29,518116,384336,902452,covid19india,,
Sikkim,2021-09-30,518477,390253,908730,covid19india,,
Sikkim,2021-10-01,518638,393687,912325,covid19india,,
Sikkim,2021-10-02,518698,394808,913506,covid19india,,
Sikkim,2021-10-03,518698,394808,913506,covid19india,,
Sikkim,2021-10-04,518936,399111,918047,covid19india,,
Sikkim,2021-10-05,519029,400772,919801,covid19india,,
Sikkim,2021-10-06,519270,404862,924132,covid19india,,
Sikkim,2021-10-07,519617,409896,929513,covid19india,,
Sikkim,2021-10-08,519852,414063,933915,covid19india,,
Sikkim,2021-10-09,519996,416372,936368,covid19india,,
Sikkim,2021-10-10,519996,416372,936368,covid19india,,
Sikkim,2021-10-11,520150,418932,939082,covid19india,,
Tamil Nadu,2021-01-16,2945,0,2945,covid19india,,
Tamil Nadu,2021-01-18,16462,0,16462,covid19india,,
Tamil Nadu,2021-01-19,25251,0,25251,covid19india,,
Tamil Nadu,2021-01-20,33670,0,33670,covid19india,,
Tamil Nadu,2021-01-21,42947,0,42947,covid19india,,
Tamil Nadu,2021-01-22,51651,0,51651,covid19india,,
Tamil Nadu,2021-01-23,59226,0,59226,covid19india,,
Tamil Nadu,2021-01-24,61720,0,61720,covid19india,,
Tamil Nadu,2021-01-25,69027,0,69027,covid19india,,
Tamil Nadu,2021-01-26,73953,0,73953,covid19india,,
Tamil Nadu,2021-01-27,82039,0,82039,covid19india,,
Tamil Nadu,2021-01-28,88467,0,88467,covid19india,,
Tamil Nadu,2021-01-29,97126,0,97126,covid19india,,
Tamil Nadu,2021-01-30,105821,0,105821,covid19india,,
Tamil Nadu,2021-01-31,105821,0,105821,covid19india,,
Tamil Nadu,2021-02-01,112687,0,112687,covid19india,,
Tamil Nadu,2021-02-02,120745,0,120745,covid19india,,
Tamil Nadu,2021-02-03,133434,0,133434,covid19india,,
Tamil Nadu,2021-02-04,145928,0,145928,covid19india,,
Tamil Nadu,2021-02-05,157324,0,157324,covid19india,,
Tamil Nadu,2021-02-06,166408,0,166408,covid19india,,
Tamil Nadu,2021-02-07,166408,0,166408,covid19india,,
Tamil Nadu,2021-02-08,175027,0,175027,covid19india,,
Tamil Nadu,2021-02-09,185577,0,185577,covid19india,,
Tamil Nadu,2021-02-10,197392,0,197392,covid19india,,
Tamil Nadu,2021-02-11,211762,0,211762,covid19india,,
Tamil Nadu,2021-02-12,227542,0,227542,covid19india,,
Tamil Nadu,2021-02-13,246420,1154,247574,covid19india,,
Tamil Nadu,2021-02-14,246420,1154,247574,covid19india,,
Tamil Nadu,2021-02-15,264283,4936,269219,covid19india,,
Tamil Nadu,2021-02-16,280892,9356,290248,covid19india,,
Tamil Nadu,2021-02-17,295338,14039,309377,covid19india,,
Tamil Nadu,2021-02-18,309692,20125,329817,covid19india,,
Tamil Nadu,2021-02-19,324537,25746,350283,covid19india,,
Tamil Nadu,2021-02-20,339686,31160,370846,covid19india,,
Tamil Nadu,2021-02-21,339686,31160,370846,covid19india,,
Tamil Nadu,2021-02-22,349527,36073,385600,covid19india,,
Tamil Nadu,2021-02-23,359063,41337,400400,covid19india,,
Tamil Nadu,2021-02-24,368678,46149,414827,covid19india,,
Tamil Nadu,2021-02-25,378411,50844,429255,covid19india,,
Tamil Nadu,2021-02-26,388896,56432,445328,covid19india,,
Tamil Nadu,2021-02-27,388896,56432,445328,covid19india,,
Tamil Nadu,2021-02-28,388896,56432,445328,covid19india,,
Tamil Nadu,2021-03-01,414032,66379,480411,covid19india,,
Tamil Nadu,2021-03-02,450651,71403,522054,covid19india,,
Tamil Nadu,2021-03-03,510361,78030,588391,covid19india,,
Tamil Nadu,2021-03-04,585353,84064,669417,covid19india,,
Tamil Nadu,2021-03-05,670563,91062,761625,covid19india,,
Tamil Nadu,2021-03-06,749180,97917,847097,covid19india,,
Tamil Nadu,2021-03-07,749180,97917,847097,covid19india,,
Tamil Nadu,2021-03-08,852767,104581,957348,covid19india,,
Tamil Nadu,2021-03-09,925927,111897,1037824,covid19india,,
Tamil Nadu,2021-03-10,1005619,119105,1124724,covid19india,,
Tamil Nadu,2021-03-11,1078862,126323,1205185,covid19india,,
Tamil Nadu,2021-03-12,1162732,135519,1298251,covid19india,,
Tamil Nadu,2021-03-13,1240261,143923,1384184,covid19india,,
Tamil Nadu,2021-03-14,1240261,143923,1384184,covid19india,,
Tamil Nadu,2021-03-15,1347180,152565,1499745,covid19india,,
Tamil Nadu,2021-03-16,1443532,163399,1606931,covid19india,,
Tamil Nadu,2021-03-17,1544770,173543,1718313,covid19india,,
Tamil Nadu,2021-03-18,1655864,184205,1840069,covid19india,,
Tamil Nadu,2021-03-19,1768349,196301,1964650,covid19india,,
Tamil Nadu,2021-03-20,1878339,207782,2086121,covid19india,,
Tamil Nadu,2021-03-21,1878339,207782,2086121,covid19india,,
Tamil Nadu,2021-03-22,2019260,219495,2238755,covid19india,,
Tamil Nadu,2021-03-23,2115424,228488,2343912,covid19india,,
Tamil Nadu,2021-03-24,2203535,234718,2438253,covid19india,,
Tamil Nadu,2021-03-25,2297100,240102,2537202,covid19india,,
Tamil Nadu,2021-03-26,2398870,246944,2645814,covid19india,,
Tamil Nadu,2021-03-27,2498283,253345,2751628,covid19india,,
Tamil Nadu,2021-03-28,2498283,253345,2751628,covid19india,,
Tamil Nadu,2021-03-29,2611426,260087,2871513,covid19india,,
Tamil Nadu,2021-03-30,2684001,268310,2952311,covid19india,,
Tamil Nadu,2021-03-31,2757835,273796,3031631,covid19india,,
Tamil Nadu,2021-04-01,2835444,279179,3114623,covid19india,,
Tamil Nadu,2021-04-02,2829190,272288,3101478,covid19india,,
Tamil Nadu,2021-04-03,2871776,279902,3151678,covid19india,,
Tamil Nadu,2021-04-04,2901208,285389,3186597,covid19india,,
Tamil Nadu,2021-04-05,2907580,298198,3205778,covid19india,,
Tamil Nadu,2021-04-06,2935315,304106,3239421,covid19india,,
Tamil Nadu,2021-04-07,2976866,315243,3292109,covid19india,,
Tamil Nadu,2021-04-08,3062266,339932,3402198,covid19india,,
Tamil Nadu,2021-04-09,3168084,365785,3533869,covid19india,,
Tamil Nadu,2021-04-10,3275326,391223,3666549,covid19india,,
Tamil Nadu,2021-04-11,3316627,398666,3715293,covid19india,,
Tamil Nadu,2021-04-12,3450649,431129,3881778,covid19india,,
Tamil Nadu,2021-04-13,3567442,453618,4021060,covid19india,,
Tamil Nadu,2021-04-14,3641255,469197,4110452,covid19india,,
Tamil Nadu,2021-04-15,3808634,515120,4323754,covid19india,,
Tamil Nadu,2021-04-16,3969605,562878,4532483,covid19india,,
Tamil Nadu,2021-04-17,4064944,605837,4670781,covid19india,,
Tamil Nadu,2021-04-18,4091849,620052,4711901,covid19india,,
Tamil Nadu,2021-04-19,4147880,666782,4814662,covid19india,,
Tamil Nadu,2021-04-20,4187801,704687,4892488,covid19india,,
Tamil Nadu,2021-04-21,4223499,742450,4965949,covid19india,,
Tamil Nadu,2021-04-22,4269535,807443,5076978,covid19india,,
Tamil Nadu,2021-04-23,4323789,883047,5206836,covid19india,,
Tamil Nadu,2021-04-24,4377101,951710,5328811,covid19india,,
Tamil Nadu,2021-04-25,4388488,962896,5351384,covid19india,,
Tamil Nadu,2021-04-26,4440851,1043782,5484633,covid19india,,
Tamil Nadu,2021-04-27,4496115,1129976,5626091,covid19india,,
Tamil Nadu,2021-04-28,4544687,1196900,5741587,covid19india,,
Tamil Nadu,2021-04-29,4590062,1255826,5845888,covid19india,,
Tamil Nadu,2021-04-30,4635447,1312353,5947800,covid19india,,
Tamil Nadu,2021-05-01,4683293,1362335,6045628,covid19india,,
Tamil Nadu,2021-05-02,4679186,1367098,6046284,covid19india,,
Tamil Nadu,2021-05-03,4705715,1417446,6123161,covid19india,,
Tamil Nadu,2021-05-04,4730022,1458823,6188845,covid19india,,
Tamil Nadu,2021-05-05,4753074,1496168,6249242,covid19india,,
Tamil Nadu,2021-05-06,4783045,1553407,6336452,covid19india,,
Tamil Nadu,2021-05-07,4814633,1608046,6422679,covid19india,,
Tamil Nadu,2021-05-08,4835514,1644773,6480287,covid19india,,
Tamil Nadu,2021-05-09,4842616,1656733,6499349,covid19india,,
Tamil Nadu,2021-05-10,4872906,1714175,6587081,covid19india,,
Tamil Nadu,2021-05-11,4902595,1759180,6661775,covid19india,,
Tamil Nadu,2021-05-12,4937244,1801679,6738923,covid19india,,
Tamil Nadu,2021-05-13,4978091,1844743,6822834,covid19india,,
Tamil Nadu,2021-05-14,5005098,1868492,6873590,covid19india,,
Tamil Nadu,2021-05-15,5034258,1894071,6928329,covid19india,,
Tamil Nadu,2021-05-16,5043505,1898439,6941944,covid19india,,
Tamil Nadu,2021-05-17,5083368,1912112,6995480,covid19india,,
Tamil Nadu,2021-05-18,5118546,1922153,7040699,covid19india,,
Tamil Nadu,2021-05-19,5152220,1930160,7082380,covid19india,,
Tamil Nadu,2021-05-20,5328541,1952159,7280700,covid19india,,
Tamil Nadu,2021-05-21,5364809,1957146,7321955,covid19india,,
Tamil Nadu,2021-05-22,5410694,1961304,7371998,covid19india,,
Tamil Nadu,2021-05-23,5428324,1962538,7390862,covid19india,,
Tamil Nadu,2021-05-24,5507034,1966455,7473489,covid19india,,
Tamil Nadu,2021-05-25,5679909,1970591,7650500,covid19india,,
Tamil Nadu,2021-05-26,5940657,1973620,7914277,covid19india,,
Tamil Nadu,2021-05-27,6230848,1978147,8208995,covid19india,,
Tamil Nadu,2021-05-28,6523932,1995551,8519483,covid19india,,
Tamil Nadu,2021-05-29,6782968,2013165,8796133,covid19india,,
Tamil Nadu,2021-05-30,6872673,2018876,8891549,covid19india,,
Tamil Nadu,2021-05-31,7061570,2032685,9094255,covid19india,,
Tamil Nadu,2021-06-01,7185963,2049689,9235652,covid19india,,
Tamil Nadu,2021-06-02,7277828,2061988,9339816,covid19india,,
Tamil Nadu,2021-06-03,7544779,2074419,9619198,covid19india,,
Tamil Nadu,2021-06-04,7783926,2085072,9868998,covid19india,,
Tamil Nadu,2021-06-05,7913888,2093048,10006936,covid19india,,
Tamil Nadu,2021-06-06,7960545,2095831,10056376,covid19india,,
Tamil Nadu,2021-06-07,8016934,2102648,10119582,covid19india,,
Tamil Nadu,2021-06-08,8060098,2107162,10167260,covid19india,,
Tamil Nadu,2021-06-09,8107953,2110972,10218925,covid19india,,
Tamil Nadu,2021-06-10,8146496,2114309,10260805,covid19india,,
Tamil Nadu,2021-06-11,8203122,2122163,10325285,covid19india,,
Tamil Nadu,2021-06-12,8486924,2142315,10629239,covid19india,,
Tamil Nadu,2021-06-13,8691807,2151121,10842928,covid19india,,
Tamil Nadu,2021-06-14,8964448,2167332,11131780,covid19india,,
Tamil Nadu,2021-06-15,9086953,2177116,11264069,covid19india,,
Tamil Nadu,2021-06-16,9419536,2197541,11617077,covid19india,,
Tamil Nadu,2021-06-17,9681761,2216577,11898338,covid19india,,
Tamil Nadu,2021-06-18,9872488,2231555,12104043,covid19india,,
Tamil Nadu,2021-06-19,10222636,2253051,12475687,covid19india,,
Tamil Nadu,2021-06-20,10416075,2264046,12680121,covid19india,,
Tamil Nadu,2021-06-21,10787914,2290247,13078161,covid19india,,
Tamil Nadu,2021-06-22,11064602,2311335,13375937,covid19india,,
Tamil Nadu,2021-06-23,11257029,2334154,13591183,covid19india,,
Tamil Nadu,2021-06-24,11613983,2374498,13988481,covid19india,,
Tamil Nadu,2021-06-25,12060839,2422366,14483205,covid19india,,
Tamil Nadu,2021-06-26,12423144,2470145,14893289,covid19india,,
Tamil Nadu,2021-06-27,12536293,2486780,15023073,covid19india,,
Tamil Nadu,2021-06-28,12718488,2514570,15233058,covid19india,,
Tamil Nadu,2021-06-29,12966132,2546796,15512928,covid19india,,
Tamil Nadu,2021-06-30,13073449,2569324,15642773,covid19india,,
Tamil Nadu,2021-07-01,13262371,2599021,15861392,covid19india,,
Tamil Nadu,2021-07-02,13526547,2648165,16174712,covid19india,,
Tamil Nadu,2021-07-03,13926336,2714557,16640893,covid19india,,
Tamil Nadu,2021-07-04,14015593,2732378,16747971,covid19india,,
Tamil Nadu,2021-07-05,14154348,2767357,16921705,covid19india,,
Tamil Nadu,2021-07-06,14225382,2792816,17018198,covid19india,,
Tamil Nadu,2021-07-07,14280590,2814007,17094597,covid19india,,
Tamil Nadu,2021-07-08,14363683,2879848,17243531,covid19india,,
Tamil Nadu,2021-07-09,14418168,2918241,17336409,covid19india,,
Tamil Nadu,2021-07-10,14464842,2940208,17405050,covid19india,,
Tamil Nadu,2021-07-11,14521761,2968689,17490450,covid19india,,
Tamil Nadu,2021-07-12,14781129,3066750,17847879,covid19india,,
Tamil Nadu,2021-07-13,15160088,3143822,18303910,covid19india,,
Tamil Nadu,2021-07-14,15323595,3226031,18549626,covid19india,,
Tamil Nadu,2021-07-15,15444736,3287279,18732015,covid19india,,
Tamil Nadu,2021-07-16,15657545,3374362,19031907,covid19india,,
Tamil Nadu,2021-07-17,15926560,3458016,19384576,covid19india,,
Tamil Nadu,2021-07-18,16014736,3483035,19497771,covid19india,,
Tamil Nadu,2021-07-19,16214280,3536983,19751263,covid19india,,
Tamil Nadu,2021-07-20,16353113,3568532,19921645,covid19india,,
Tamil Nadu,2021-07-21,16490501,3604425,20094926,covid19india,,
Tamil Nadu,2021-07-22,16742583,3659605,20402188,covid19india,,
Tamil Nadu,2021-07-23,17004414,3723525,20727939,covid19india,,
Tamil Nadu,2021-07-24,17247095,3783423,21030518,covid19india,,
Tamil Nadu,2021-07-25,17331932,3803839,21135771,covid19india,,
Tamil Nadu,2021-07-26,17581627,3852790,21434417,covid19india,,
Tamil Nadu,2021-07-27,17833698,3896575,21730273,covid19india,,
Tamil Nadu,2021-07-28,18046306,3938716,21985022,covid19india,,
Tamil Nadu,2021-07-29,18311781,4016258,22328039,covid19india,,
Tamil Nadu,2021-07-30,18560128,4105392,22665520,covid19india,,
Tamil Nadu,2021-07-31,18965422,4211196,23176618,covid19india,,
Tamil Nadu,2021-08-01,19066215,4241105,23307320,covid19india,,
Tamil Nadu,2021-08-02,19338030,4302608,23640638,covid19india,,
Tamil Nadu,2021-08-03,19560373,4356889,23917262,covid19india,,
Tamil Nadu,2021-08-04,19764021,4438905,24202926,covid19india,,
Tamil Nadu,2021-08-05,20013057,4498755,24511812,covid19india,,
Tamil Nadu,2021-08-06,20257346,4563660,24821006,covid19india,,
Tamil Nadu,2021-08-07,20519815,4619879,25139694,covid19india,,
Tamil Nadu,2021-08-08,20642170,4642265,25284435,covid19india,,
Tamil Nadu,2021-08-09,20857302,4689811,25547113,covid19india,,
Tamil Nadu,2021-08-10,21024528,4734496,25759024,covid19india,,
Tamil Nadu,2021-08-11,21146162,4763657,25909819,covid19india,,
Tamil Nadu,2021-08-12,21253260,4789216,26042476,covid19india,,
Tamil Nadu,2021-08-13,21444115,4838557,26282672,covid19india,,
Tamil Nadu,2021-08-14,21751355,4899529,26650884,covid19india,,
Tamil Nadu,2021-08-15,21860307,4919900,26780207,covid19india,,
Tamil Nadu,2021-08-16,22145445,4979701,27125146,covid19india,,
Tamil Nadu,2021-08-17,22351866,5037828,27389694,covid19india,,
Tamil Nadu,2021-08-18,22546418,5099903,27646321,covid19india,,
Tamil Nadu,2021-08-19,22725149,5163617,27888766,covid19india,,
Tamil Nadu,2021-08-20,22819618,5215511,28035129,covid19india,,
Tamil Nadu,2021-08-21,23051879,5351394,28403273,covid19india,,
Tamil Nadu,2021-08-22,23201583,5420622,28622205,covid19india,,
Tamil Nadu,2021-08-23,23488856,5552882,29041738,covid19india,,
Tamil Nadu,2021-08-24,23757677,5656347,29414024,covid19india,,
Tamil Nadu,2021-08-25,24033337,5757196,29790533,covid19india,,
Tamil Nadu,2021-08-26,24389276,5905023,30294299,covid19india,,
Tamil Nadu,2021-08-27,24728772,6045765,30774537,covid19india,,
Tamil Nadu,2021-08-29,25320506,6281760,31602266,covid19india,,
Tamil Nadu,2021-08-30,25725153,6407270,32132423,covid19india,,
Tamil Nadu,2021-08-31,26131095,6516016,32647111,covid19india,,
Tamil Nadu,2021-09-01,26551039,6610027,33161066,covid19india,,
Tamil Nadu,2021-09-02,26963346,6704744,33668090,covid19india,,
Tamil Nadu,2021-09-03,27364627,6804356,34168983,covid19india,,
Tamil Nadu,2021-09-04,27796558,6946180,34742738,covid19india,,
Tamil Nadu,2021-09-05,28071442,7028034,35099476,covid19india,,
Tamil Nadu,2021-09-06,28428563,7144838,35573401,covid19india,,
Tamil Nadu,2021-09-07,28765649,7250574,36016223,covid19india,,
Tamil Nadu,2021-09-08,29020727,7344888,36365615,covid19india,,
Tamil Nadu,2021-09-09,29231306,7433396,36664702,covid19india,,
Tamil Nadu,2021-09-10,29337821,7483661,36821482,covid19india,,
Tamil Nadu,2021-09-11,29465249,7568946,37034195,covid19india,,
Tamil Nadu,2021-09-12,31100538,7991867,39092405,covid19india,,
Tamil Nadu,2021-09-13,31579196,8126861,39706057,covid19india,,
Tamil Nadu,2021-09-14,31958019,8278912,40236931,covid19india,,
Tamil Nadu,2021-09-15,32206810,8385887,40592697,covid19india,,
Tamil Nadu,2021-09-16,32408264,8489999,40898263,covid19india,,
Tamil Nadu,2021-09-17,32639588,8643587,41283175,covid19india,,
Tamil Nadu,2021-09-18,32769868,8767996,41537864,covid19india,,
Tamil Nadu,2021-09-19,33726820,9276680,43003500,covid19india,,
Tamil Nadu,2021-09-20,33850889,9359425,43210314,covid19india,,
Tamil Nadu,2021-09-21,33929171,9430672,43359843,covid19india,,
Tamil Nadu,2021-09-22,34015521,9492744,43508265,covid19india,,
Tamil Nadu,2021-09-23,34118728,9580398,43699126,covid19india,,
Tamil Nadu,2021-09-24,34221002,9702501,43923503,covid19india,,
Tamil Nadu,2021-09-25,34320092,9832376,44152468,covid19india,,
Tamil Nadu,2021-09-26,35449125,10700326,46149451,covid19india,,
Tamil Nadu,2021-09-27,35590465,10817810,46408275,covid19india,,
Tamil Nadu,2021-09-28,35714117,10932685,46646802,covid19india,,
Tamil Nadu,2021-09-29,35834757,11036819,46871576,covid19india,,
Tamil Nadu,2021-09-30,36011832,11195278,47207110,covid19india,,
Tamil Nadu,2021-10-01,36169307,11353769,47523076,covid19india,,
Tamil Nadu,2021-10-02,36259199,11438853,47698052,covid19india,,
Tamil Nadu,2021-10-03,37076731,12066795,49143526,covid19india,,
Tamil Nadu,2021-10-04,37189005,12167438,49356443,covid19india,,
Tamil Nadu,2021-10-05,37286475,12267323,49553798,covid19india,,
Tamil Nadu,2021-10-06,37358962,12343102,49702064,covid19india,,
Tamil Nadu,2021-10-07,37438662,12428056,49866718,covid19india,,
Tamil Nadu,2021-10-08,37515518,12517281,50032799,covid19india,,
Tamil Nadu,2021-10-09,37582421,12592567,50174988,covid19india,,
Tamil Nadu,2021-10-10,38482153,13461845,51943998,covid19india,,
Tamil Nadu,2021-10-11,38611741,13589356,52201097,covid19india,,
Telangana,2021-01-16,3653,0,3653,covid19india,,
Telangana,2021-01-18,17408,0,17408,covid19india,,
Telangana,2021-01-19,69405,0,69405,covid19india,,
Telangana,2021-01-20,69405,0,69405,covid19india,,
Telangana,2021-01-21,97087,0,97087,covid19india,,
Telangana,2021-01-22,110031,0,110031,covid19india,,
Telangana,2021-01-23,110031,0,110031,covid19india,,
Telangana,2021-01-24,110031,0,110031,covid19india,,
Telangana,2021-01-25,130390,0,130390,covid19india,,
Telangana,2021-01-26,130425,0,130425,covid19india,,
Telangana,2021-01-27,130425,0,130425,covid19india,,
Telangana,2021-01-28,151246,0,151246,covid19india,,
Telangana,2021-01-29,166606,0,166606,covid19india,,
Telangana,2021-01-30,168606,0,168606,covid19india,,
Telangana,2021-01-31,168606,0,168606,covid19india,,
Telangana,2021-02-01,168771,0,168771,covid19india,,
Telangana,2021-02-02,170043,0,170043,covid19india,,
Telangana,2021-02-03,176732,0,176732,covid19india,,
Telangana,2021-02-04,188279,0,188279,covid19india,,
Telangana,2021-02-05,193667,0,193667,covid19india,,
Telangana,2021-02-06,209104,0,209104,covid19india,,
Telangana,2021-02-07,209104,0,209104,covid19india,,
Telangana,2021-02-08,229027,0,229027,covid19india,,
Telangana,2021-02-09,243665,0,243665,covid19india,,
Telangana,2021-02-10,258122,0,258122,covid19india,,
Telangana,2021-02-11,270615,0,270615,covid19india,,
Telangana,2021-02-12,278250,0,278250,covid19india,,
Telangana,2021-02-13,278915,3273,282188,covid19india,,
Telangana,2021-02-14,278915,3273,282188,covid19india,,
Telangana,2021-02-15,279237,14205,293442,covid19india,,
Telangana,2021-02-16,279497,53350,332847,covid19india,,
Telangana,2021-02-17,279534,53701,333235,covid19india,,
Telangana,2021-02-18,279832,73281,353113,covid19india,,
Telangana,2021-02-19,280277,86051,366328,covid19india,,
Telangana,2021-02-20,280973,87159,368132,covid19india,,
Telangana,2021-02-21,280973,87159,368132,covid19india,,
Telangana,2021-02-22,281365,105936,387301,covid19india,,
Telangana,2021-02-23,281382,106167,387549,covid19india,,
Telangana,2021-02-24,283387,106583,389970,covid19india,,
Telangana,2021-02-25,284058,114020,398078,covid19india,,
Telangana,2021-02-26,289772,130019,419791,covid19india,,
Telangana,2021-02-27,289772,130019,419791,covid19india,,
Telangana,2021-02-28,289772,130019,419791,covid19india,,
Telangana,2021-03-01,294255,130019,424274,covid19india,,
Telangana,2021-03-02,303387,131942,435329,covid19india,,
Telangana,2021-03-03,318861,131942,450803,covid19india,,
Telangana,2021-03-04,340068,131942,472010,covid19india,,
Telangana,2021-03-05,354107,131942,486049,covid19india,,
Telangana,2021-03-06,378962,131942,510904,covid19india,,
Telangana,2021-03-07,378962,131942,510904,covid19india,,
Telangana,2021-03-08,413824,143154,556978,covid19india,,
Telangana,2021-03-09,438673,155505,594178,covid19india,,
Telangana,2021-03-10,459769,163865,623634,covid19india,,
Telangana,2021-03-11,459769,163865,623634,covid19india,,
Telangana,2021-03-12,459769,163865,623634,covid19india,,
Telangana,2021-03-13,478458,168709,647167,covid19india,,
Telangana,2021-03-14,502323,173593,675916,covid19india,,
Telangana,2021-03-15,538053,177533,715586,covid19india,,
Telangana,2021-03-16,561948,180071,742019,covid19india,,
Telangana,2021-03-17,598871,181044,779915,covid19india,,
Telangana,2021-03-18,640285,191799,832084,covid19india,,
Telangana,2021-03-19,671506,202129,873635,covid19india,,
Telangana,2021-03-20,692820,202526,895346,covid19india,,
Telangana,2021-03-21,692820,202526,895346,covid19india,,
Telangana,2021-03-22,720982,203509,924491,covid19india,,
Telangana,2021-03-23,792008,218588,1010596,covid19india,,
Telangana,2021-03-24,831077,219090,1050167,covid19india,,
Telangana,2021-03-25,866810,221499,1088309,covid19india,,
Telangana,2021-03-26,903925,224707,1128632,covid19india,,
Telangana,2021-03-27,944950,225457,1170407,covid19india,,
Telangana,2021-03-28,950014,225462,1175476,covid19india,,
Telangana,2021-03-29,950014,225462,1175476,covid19india,,
Telangana,2021-03-30,1034705,227420,1262125,covid19india,,
Telangana,2021-03-31,1066073,229741,1295814,covid19india,,
Telangana,2021-04-01,1125512,232883,1358395,covid19india,,
Telangana,2021-04-02,1148692,245427,1394119,covid19india,,
Telangana,2021-04-03,1196610,249892,1446502,covid19india,,
Telangana,2021-04-04,1233204,252272,1485476,covid19india,,
Telangana,2021-04-05,1296813,257959,1554772,covid19india,,
Telangana,2021-04-06,1353143,264631,1617774,covid19india,,
Telangana,2021-04-07,1414009,271233,1685242,covid19india,,
Telangana,2021-04-08,1504810,278547,1783357,covid19india,,
Telangana,2021-04-09,1611571,286803,1898374,covid19india,,
Telangana,2021-04-10,1764351,296514,2060865,covid19india,,
Telangana,2021-04-11,1861828,299907,2161735,covid19india,,
Telangana,2021-04-12,1982661,309468,2292129,covid19india,,
Telangana,2021-04-13,2007123,311169,2318292,covid19india,,
Telangana,2021-04-14,2129830,323126,2452956,covid19india,,
Telangana,2021-04-15,2283977,338539,2622516,covid19india,,
Telangana,2021-04-16,2447944,354480,2802424,covid19india,,
Telangana,2021-04-17,2585616,367294,2952910,covid19india,,
Telangana,2021-04-18,2591197,369108,2960305,covid19india,,
Telangana,2021-04-19,2742190,390557,3132747,covid19india,,
Telangana,2021-04-20,2862110,410879,3272989,covid19india,,
Telangana,2021-04-21,2965900,429225,3395125,covid19india,,
Telangana,2021-04-22,3150499,456422,3606921,covid19india,,
Telangana,2021-04-23,3332794,479398,3812192,covid19india,,
Telangana,2021-04-24,3500805,503820,4004625,covid19india,,
Telangana,2021-04-25,3559283,512340,4071623,covid19india,,
Telangana,2021-04-26,3745507,542345,4287852,covid19india,,
Telangana,2021-04-27,3837585,562851,4400436,covid19india,,
Telangana,2021-04-28,3956425,586863,4543288,covid19india,,
Telangana,2021-04-29,4010945,602246,4613191,covid19india,,
Telangana,2021-04-30,4152684,628544,4781228,covid19india,,
Telangana,2021-05-01,4158702,630248,4788950,covid19india,,
Telangana,2021-05-02,4157895,629638,4787533,covid19india,,
Telangana,2021-05-03,4177282,637119,4814401,covid19india,,
Telangana,2021-05-04,4225048,653647,4878695,covid19india,,
Telangana,2021-05-05,4271681,685276,4956957,covid19india,,
Telangana,2021-05-06,4321827,715976,5037803,covid19india,,
Telangana,2021-05-07,4371198,745850,5117048,covid19india,,
Telangana,2021-05-08,4373909,813954,5187863,covid19india,,
Telangana,2021-05-09,4374338,815051,5189389,covid19india,,
Telangana,2021-05-10,4376576,906394,5282970,covid19india,,
Telangana,2021-05-11,4378806,983048,5361854,covid19india,,
Telangana,2021-05-12,4380920,1007437,5388357,covid19india,,
Telangana,2021-05-13,4383334,1036096,5419430,covid19india,,
Telangana,2021-05-14,4385309,1062232,5447541,covid19india,,
Telangana,2021-05-15,4385414,1062391,5447805,covid19india,,
Telangana,2021-05-16,4385414,1062391,5447805,covid19india,,
Telangana,2021-05-17,4385864,1062599,5448463,covid19india,,
Telangana,2021-05-18,4386463,1063960,5450423,covid19india,,
Telangana,2021-05-19,4386757,1066629,5453386,covid19india,,
Telangana,2021-05-20,4452048,1070313,5522361,covid19india,,
Telangana,2021-05-21,4452449,1070665,5523114,covid19india,,
Telangana,2021-05-22,4452963,1073098,5526061,covid19india,,
Telangana,2021-05-23,4453573,1073412,5526985,covid19india,,
Telangana,2021-05-24,4454220,1075607,5529827,covid19india,,
Telangana,2021-05-25,4462036,1126648,5588684,covid19india,,
Telangana,2021-05-26,4476636,1175633,5652269,covid19india,,
Telangana,2021-05-27,4494535,1208309,5702844,covid19india,,
Telangana,2021-05-28,4573867,1229488,5803355,covid19india,,
Telangana,2021-05-29,4667791,1245295,5913086,covid19india,,
Telangana,2021-05-30,4731033,1248050,5979083,covid19india,,
Telangana,2021-05-31,4796912,1261921,6058833,covid19india,,
Telangana,2021-06-01,4869942,1272112,6142054,covid19india,,
Telangana,2021-06-02,4935543,1278900,6214443,covid19india,,
Telangana,2021-06-03,5026935,1286784,6313719,covid19india,,
Telangana,2021-06-04,5122466,1294817,6417283,covid19india,,
Telangana,2021-06-05,5260886,1301765,6562651,covid19india,,
Telangana,2021-06-06,5377158,1303149,6680307,covid19india,,
Telangana,2021-06-07,5539018,1310592,6849610,covid19india,,
Telangana,2021-06-08,5704303,1316874,7021177,covid19india,,
Telangana,2021-06-09,5886806,1323042,7209848,covid19india,,
Telangana,2021-06-10,6057522,1328962,7386484,covid19india,,
Telangana,2021-06-11,6259168,1335190,7594358,covid19india,,
Telangana,2021-06-12,6463957,1341443,7805400,covid19india,,
Telangana,2021-06-13,6611795,1342756,7954551,covid19india,,
Telangana,2021-06-14,6800786,1347838,8148624,covid19india,,
Telangana,2021-06-15,6959296,1352504,8311800,covid19india,,
Telangana,2021-06-16,7129534,1357754,8487288,covid19india,,
Telangana,2021-06-17,7301566,1364764,8666330,covid19india,,
Telangana,2021-06-18,7470427,1372240,8842667,covid19india,,
Telangana,2021-06-19,7664742,1381773,9046515,covid19india,,
Telangana,2021-06-20,7767600,1385008,9152608,covid19india,,
Telangana,2021-06-21,7907825,1394386,9302211,covid19india,,
Telangana,2021-06-22,8050833,1405135,9455968,covid19india,,
Telangana,2021-06-23,8209687,1415734,9625421,covid19india,,
Telangana,2021-06-24,8400813,1429474,9830287,covid19india,,
Telangana,2021-06-25,8633026,1449466,10082492,covid19india,,
Telangana,2021-06-26,8850242,1476773,10327015,covid19india,,
Telangana,2021-06-27,8945614,1485529,10431143,covid19india,,
Telangana,2021-06-28,9139787,1514891,10654678,covid19india,,
Telangana,2021-06-29,9329680,1545519,10875199,covid19india,,
Telangana,2021-06-30,9493770,1577710,11071480,covid19india,,
Telangana,2021-07-01,9636298,1604298,11240596,covid19india,,
Telangana,2021-07-02,9783570,1639786,11423356,covid19india,,
Telangana,2021-07-03,9939448,1692217,11631665,covid19india,,
Telangana,2021-07-04,9945428,1702925,11648353,covid19india,,
Telangana,2021-07-05,10077503,1752938,11830441,covid19india,,
Telangana,2021-07-06,10173757,1792592,11966349,covid19india,,
Telangana,2021-07-07,10182863,1810039,11992902,covid19india,,
Telangana,2021-07-08,10249542,1856644,12106186,covid19india,,
Telangana,2021-07-09,10353234,1919742,12272976,covid19india,,
Telangana,2021-07-10,10417619,1977578,12395197,covid19india,,
Telangana,2021-07-11,10422316,1987596,12409912,covid19india,,
Telangana,2021-07-12,10533402,2056708,12590110,covid19india,,
Telangana,2021-07-13,10699363,2121117,12820480,covid19india,,
Telangana,2021-07-14,10707196,2133726,12840922,covid19india,,
Telangana,2021-07-15,10762048,2200543,12962591,covid19india,,
Telangana,2021-07-16,10833370,2315143,13148513,covid19india,,
Telangana,2021-07-17,10868400,2399366,13267766,covid19india,,
Telangana,2021-07-18,10872534,2407855,13280389,covid19india,,
Telangana,2021-07-19,10941218,2512879,13454097,covid19india,,
Telangana,2021-07-20,10956108,2545983,13502091,covid19india,,
Telangana,2021-07-21,10961028,2556298,13517326,covid19india,,
Telangana,2021-07-22,11025840,2673867,13699707,covid19india,,
Telangana,2021-07-23,11038921,2804295,13843216,covid19india,,
Telangana,2021-07-24,11070117,2940869,14010986,covid19india,,
Telangana,2021-07-25,11074124,2946097,14020221,covid19india,,
Telangana,2021-07-26,11107975,3059381,14167356,covid19india,,
Telangana,2021-07-27,11133590,3140911,14274501,covid19india,,
Telangana,2021-07-28,11140017,3151825,14291842,covid19india,,
Telangana,2021-07-29,11176337,3280505,14456842,covid19india,,
Telangana,2021-07-30,11205562,3380353,14585915,covid19india,,
Telangana,2021-07-31,11344451,3488581,14833032,covid19india,,
Telangana,2021-08-01,11350666,3492640,14843306,covid19india,,
Telangana,2021-08-02,11391724,3569232,14960956,covid19india,,
Telangana,2021-08-03,11437302,3642994,15080296,covid19india,,
Telangana,2021-08-04,11446097,3649818,15095915,covid19india,,
Telangana,2021-08-05,11485703,3752796,15238499,covid19india,,
Telangana,2021-08-06,11548293,3828778,15377071,covid19india,,
Telangana,2021-08-07,11589795,3893872,15483667,covid19india,,
Telangana,2021-08-08,11597340,3897011,15494351,covid19india,,
Telangana,2021-08-09,11649833,3966309,15616142,covid19india,,
Telangana,2021-08-10,11714148,4019069,15733217,covid19india,,
Telangana,2021-08-11,11746300,4025377,15771677,covid19india,,
Telangana,2021-08-12,11822212,4081905,15904117,covid19india,,
Telangana,2021-08-13,11944242,4117320,16061562,covid19india,,
Telangana,2021-08-14,12073758,4152143,16225901,covid19india,,
Telangana,2021-08-15,12076505,4154717,16231222,covid19india,,
Telangana,2021-08-16,12202581,4193488,16396069,covid19india,,
Telangana,2021-08-17,12313591,4222707,16536298,covid19india,,
Telangana,2021-08-18,12332154,4227316,16559470,covid19india,,
Telangana,2021-08-19,12444220,4256273,16700493,covid19india,,
Telangana,2021-08-20,12497174,4269682,16766856,covid19india,,
Telangana,2021-08-21,12568129,4294280,16862409,covid19india,,
Telangana,2021-08-22,12571034,4297875,16868909,covid19india,,
Telangana,2021-08-23,12670665,4327906,16998571,covid19india,,
Telangana,2021-08-24,12774060,4360097,17134157,covid19india,,
Telangana,2021-08-25,12810399,4373019,17183418,covid19india,,
Telangana,2021-08-26,12921816,4411050,17332866,covid19india,,
Telangana,2021-08-27,13022500,4457070,17479570,covid19india,,
Telangana,2021-08-29,13170051,4537430,17707481,covid19india,,
Telangana,2021-08-30,13290142,4590905,17881047,covid19india,,
Telangana,2021-08-31,13369090,4630022,17999112,covid19india,,
Telangana,2021-09-01,13406796,4658027,18064823,covid19india,,
Telangana,2021-09-02,13526690,4726501,18253191,covid19india,,
Telangana,2021-09-03,13624505,4799921,18424426,covid19india,,
Telangana,2021-09-04,13722847,4895330,18618177,covid19india,,
Telangana,2021-09-05,13742158,4925838,18667996,covid19india,,
Telangana,2021-09-06,13853637,5002194,18855831,covid19india,,
Telangana,2021-09-07,13940684,5072505,19013189,covid19india,,
Telangana,2021-09-08,13972953,5102696,19075649,covid19india,,
Telangana,2021-09-09,14102360,5182972,19285332,covid19india,,
Telangana,2021-09-10,14105262,5187443,19292705,covid19india,,
Telangana,2021-09-11,14212849,5293627,19506476,covid19india,,
Telangana,2021-09-12,14225375,5310538,19535913,covid19india,,
Telangana,2021-09-13,14362800,5408870,19771670,covid19india,,
Telangana,2021-09-14,14495056,5506846,20001902,covid19india,,
Telangana,2021-09-15,14525908,5539982,20065890,covid19india,,
Telangana,2021-09-16,14825401,5677525,20502926,covid19india,,
Telangana,2021-09-17,15235729,5833553,21069282,covid19india,,
Telangana,2021-09-18,15666279,6002318,21668597,covid19india,,
Telangana,2021-09-19,15973614,6052369,22025983,covid19india,,
Telangana,2021-09-20,16298384,6136270,22434654,covid19india,,
Telangana,2021-09-21,16694917,6276040,22970957,covid19india,,
Telangana,2021-09-22,16812778,6312182,23124960,covid19india,,
Telangana,2021-09-23,17185597,6443755,23629352,covid19india,,
Telangana,2021-09-24,17522521,6575871,24098392,covid19india,,
Telangana,2021-09-25,17895086,6729407,24624493,covid19india,,
Telangana,2021-09-26,17963636,6743032,24706668,covid19india,,
Telangana,2021-09-27,18211771,6839392,25051163,covid19india,,
Telangana,2021-09-28,18304448,6889840,25194288,covid19india,,
Telangana,2021-09-29,18357955,6920355,25278310,covid19india,,
Telangana,2021-09-30,18649783,7048629,25698412,covid19india,,
Telangana,2021-10-01,18872216,7135027,26007243,covid19india,,
Telangana,2021-10-02,19102459,7232051,26334510,covid19india,,
Telangana,2021-10-03,19142355,7248860,26391215,covid19india,,
Telangana,2021-10-04,19374256,7357654,26731910,covid19india,,
Telangana,2021-10-05,19531253,7430992,26962245,covid19india,,
Telangana,2021-10-06,19544334,7439067,26983401,covid19india,,
Telangana,2021-10-07,19747802,7545342,27293144,covid19india,,
Telangana,2021-10-08,19923954,7638237,27562191,covid19india,,
Telangana,2021-10-09,20088205,7734959,27823164,covid19india,,
Telangana,2021-10-10,20101149,7741834,27842983,covid19india,,
Telangana,2021-10-11,20241614,7831206,28072820,covid19india,,
Tripura,2021-01-16,355,0,355,covid19india,,
Tripura,2021-01-18,1736,0,1736,covid19india,,
Tripura,2021-01-19,3734,0,3734,covid19india,,
Tripura,2021-01-20,3734,0,3734,covid19india,,
Tripura,2021-01-21,9272,0,9272,covid19india,,
Tripura,2021-01-22,14252,0,14252,covid19india,,
Tripura,2021-01-23,14252,0,14252,covid19india,,
Tripura,2021-01-24,14252,0,14252,covid19india,,
Tripura,2021-01-25,19698,0,19698,covid19india,,
Tripura,2021-01-26,19698,0,19698,covid19india,,
Tripura,2021-01-27,19698,0,19698,covid19india,,
Tripura,2021-01-28,24302,0,24302,covid19india,,
Tripura,2021-01-29,27617,0,27617,covid19india,,
Tripura,2021-01-30,29796,0,29796,covid19india,,
Tripura,2021-01-31,29796,0,29796,covid19india,,
Tripura,2021-02-01,31190,0,31190,covid19india,,
Tripura,2021-02-02,32196,0,32196,covid19india,,
Tripura,2021-02-03,32340,0,32340,covid19india,,
Tripura,2021-02-04,35191,0,35191,covid19india,,
Tripura,2021-02-05,37359,0,37359,covid19india,,
Tripura,2021-02-06,40347,0,40347,covid19india,,
Tripura,2021-02-07,40405,0,40405,covid19india,,
Tripura,2021-02-08,45674,0,45674,covid19india,,
Tripura,2021-02-09,51449,0,51449,covid19india,,
Tripura,2021-02-10,52908,0,52908,covid19india,,
Tripura,2021-02-11,59438,0,59438,covid19india,,
Tripura,2021-02-12,65288,0,65288,covid19india,,
Tripura,2021-02-13,69196,366,69562,covid19india,,
Tripura,2021-02-14,69196,366,69562,covid19india,,
Tripura,2021-02-15,73814,1491,75305,covid19india,,
Tripura,2021-02-16,73924,1491,75415,covid19india,,
Tripura,2021-02-17,75565,2361,77926,covid19india,,
Tripura,2021-02-18,79030,6766,85796,covid19india,,
Tripura,2021-02-19,81042,11134,92176,covid19india,,
Tripura,2021-02-20,82369,11587,93956,covid19india,,
Tripura,2021-02-21,82369,11587,93956,covid19india,,
Tripura,2021-02-22,84254,15066,99320,covid19india,,
Tripura,2021-02-23,85789,16349,102138,covid19india,,
Tripura,2021-02-24,86336,16416,102752,covid19india,,
Tripura,2021-02-25,88487,19527,108014,covid19india,,
Tripura,2021-02-26,89449,21529,110978,covid19india,,
Tripura,2021-02-27,89449,21529,110978,covid19india,,
Tripura,2021-02-28,89449,21529,110978,covid19india,,
Tripura,2021-03-01,90990,22780,113770,covid19india,,
Tripura,2021-03-02,93639,24230,117869,covid19india,,
Tripura,2021-03-03,94404,25227,119631,covid19india,,
Tripura,2021-03-04,98906,26908,125814,covid19india,,
Tripura,2021-03-05,103590,29091,132681,covid19india,,
Tripura,2021-03-06,105394,29827,135221,covid19india,,
Tripura,2021-03-07,105394,29827,135221,covid19india,,
Tripura,2021-03-08,111205,33469,144674,covid19india,,
Tripura,2021-03-09,115500,37446,152946,covid19india,,
Tripura,2021-03-10,116345,38565,154910,covid19india,,
Tripura,2021-03-11,117161,39571,156732,covid19india,,
Tripura,2021-03-12,123437,45672,169109,covid19india,,
Tripura,2021-03-13,125251,47726,172977,covid19india,,
Tripura,2021-03-14,125758,47732,173490,covid19india,,
Tripura,2021-03-15,139577,54723,194300,covid19india,,
Tripura,2021-03-16,155463,58020,213483,covid19india,,
Tripura,2021-03-17,164782,58868,223650,covid19india,,
Tripura,2021-03-18,191661,62371,254032,covid19india,,
Tripura,2021-03-19,222282,65318,287600,covid19india,,
Tripura,2021-03-20,250032,66719,316751,covid19india,,
Tripura,2021-03-21,254907,66824,321731,covid19india,,
Tripura,2021-03-22,305064,69359,374423,covid19india,,
Tripura,2021-03-23,345072,71046,416118,covid19india,,
Tripura,2021-03-24,411819,72178,483997,covid19india,,
Tripura,2021-03-25,480134,73661,553795,covid19india,,
Tripura,2021-03-26,568092,75025,643117,covid19india,,
Tripura,2021-03-27,576738,75192,651930,covid19india,,
Tripura,2021-03-28,582814,75233,658047,covid19india,,
Tripura,2021-03-29,582814,75233,658047,covid19india,,
Tripura,2021-03-30,610584,76640,687224,covid19india,,
Tripura,2021-03-31,620166,77180,697346,covid19india,,
Tripura,2021-04-01,641213,78538,719751,covid19india,,
Tripura,2021-04-02,629858,79527,709385,covid19india,,
Tripura,2021-04-03,640102,81006,721108,covid19india,,
Tripura,2021-04-04,648769,81743,730512,covid19india,,
Tripura,2021-04-05,663699,82607,746306,covid19india,,
Tripura,2021-04-06,676313,83527,759840,covid19india,,
Tripura,2021-04-07,682191,84838,767029,covid19india,,
Tripura,2021-04-08,698444,87417,785861,covid19india,,
Tripura,2021-04-09,713357,89811,803168,covid19india,,
Tripura,2021-04-10,721022,91266,812288,covid19india,,
Tripura,2021-04-11,727231,91876,819107,covid19india,,
Tripura,2021-04-12,737756,95179,832935,covid19india,,
Tripura,2021-04-13,744971,97426,842397,covid19india,,
Tripura,2021-04-14,747029,98200,845229,covid19india,,
Tripura,2021-04-15,747072,98224,845296,covid19india,,
Tripura,2021-04-16,756499,106159,862658,covid19india,,
Tripura,2021-04-17,766319,114048,880367,covid19india,,
Tripura,2021-04-18,769529,116602,886131,covid19india,,
Tripura,2021-04-19,780220,130126,910346,covid19india,,
Tripura,2021-04-20,791007,143008,934015,covid19india,,
Tripura,2021-04-21,794923,146775,941698,covid19india,,
Tripura,2021-04-22,799805,153939,953744,covid19india,,
Tripura,2021-04-23,811546,173718,985264,covid19india,,
Tripura,2021-04-24,820756,191495,1012251,covid19india,,
Tripura,2021-04-25,824664,196271,1020935,covid19india,,
Tripura,2021-04-26,840474,226827,1067301,covid19india,,
Tripura,2021-04-27,856929,257028,1113957,covid19india,,
Tripura,2021-04-28,866472,274202,1140674,covid19india,,
Tripura,2021-04-29,882553,308069,1190622,covid19india,,
Tripura,2021-04-30,898932,338806,1237738,covid19india,,
Tripura,2021-05-01,907588,353849,1261437,covid19india,,
Tripura,2021-05-02,909643,357419,1267062,covid19india,,
Tripura,2021-05-03,912966,369401,1282367,covid19india,,
Tripura,2021-05-04,915984,385274,1301258,covid19india,,
Tripura,2021-05-05,918570,401043,1319613,covid19india,,
Tripura,2021-05-06,922039,425865,1347904,covid19india,,
Tripura,2021-05-07,926237,449290,1375527,covid19india,,
Tripura,2021-05-08,928883,464774,1393657,covid19india,,
Tripura,2021-05-09,929101,466520,1395621,covid19india,,
Tripura,2021-05-10,932494,483620,1416114,covid19india,,
Tripura,2021-05-11,935719,496365,1432084,covid19india,,
Tripura,2021-05-12,936558,498748,1435306,covid19india,,
Tripura,2021-05-13,939723,502556,1442279,covid19india,,
Tripura,2021-05-14,940372,503059,1443431,covid19india,,
Tripura,2021-05-15,941806,503826,1445632,covid19india,,
Tripura,2021-05-16,942167,504009,1446176,covid19india,,
Tripura,2021-05-17,949974,504066,1454040,covid19india,,
Tripura,2021-05-18,970370,504172,1474542,covid19india,,
Tripura,2021-05-19,978951,504185,1483136,covid19india,,
Tripura,2021-05-20,1020480,506727,1527207,covid19india,,
Tripura,2021-05-21,1027700,506752,1534452,covid19india,,
Tripura,2021-05-22,1044024,506794,1550818,covid19india,,
Tripura,2021-05-23,1046759,506808,1553567,covid19india,,
Tripura,2021-05-24,1052913,506924,1559837,covid19india,,
Tripura,2021-05-25,1058049,507029,1565078,covid19india,,
Tripura,2021-05-26,1060345,507111,1567456,covid19india,,
Tripura,2021-05-27,1062996,507211,1570207,covid19india,,
Tripura,2021-05-28,1067107,507489,1574596,covid19india,,
Tripura,2021-05-29,1080642,507573,1588215,covid19india,,
Tripura,2021-05-30,1094440,507578,1602018,covid19india,,
Tripura,2021-05-31,1103052,507671,1610723,covid19india,,
Tripura,2021-06-01,1107254,507716,1614970,covid19india,,
Tripura,2021-06-02,1110591,507776,1618367,covid19india,,
Tripura,2021-06-03,1116702,507852,1624554,covid19india,,
Tripura,2021-06-04,1123271,507979,1631250,covid19india,,
Tripura,2021-06-05,1127414,508044,1635458,covid19india,,
Tripura,2021-06-06,1128411,508061,1636472,covid19india,,
Tripura,2021-06-07,1132250,508241,1640491,covid19india,,
Tripura,2021-06-08,1135563,508430,1643993,covid19india,,
Tripura,2021-06-09,1137676,508536,1646212,covid19india,,
Tripura,2021-06-10,1140843,508864,1649707,covid19india,,
Tripura,2021-06-11,1142891,509165,1652056,covid19india,,
Tripura,2021-06-12,1146919,512535,1659454,covid19india,,
Tripura,2021-06-13,1147923,512652,1660575,covid19india,,
Tripura,2021-06-14,1164324,516990,1681314,covid19india,,
Tripura,2021-06-15,1184687,520273,1704960,covid19india,,
Tripura,2021-06-16,1212328,522437,1734765,covid19india,,
Tripura,2021-06-17,1262230,526702,1788932,covid19india,,
Tripura,2021-06-18,1325721,531847,1857568,covid19india,,
Tripura,2021-06-19,1382756,536998,1919754,covid19india,,
Tripura,2021-06-20,1403650,538996,1942646,covid19india,,
Tripura,2021-06-21,1549970,544039,2094009,covid19india,,
Tripura,2021-06-22,1733943,551437,2285380,covid19india,,
Tripura,2021-06-23,1787332,556560,2343892,covid19india,,
Tripura,2021-06-24,1831611,562472,2394083,covid19india,,
Tripura,2021-06-25,1862233,566572,2428805,covid19india,,
Tripura,2021-06-26,1894052,573672,2467724,covid19india,,
Tripura,2021-06-27,1899649,574902,2474551,covid19india,,
Tripura,2021-06-28,1926486,584819,2511305,covid19india,,
Tripura,2021-06-29,1946161,590952,2537113,covid19india,,
Tripura,2021-06-30,1955931,594420,2550351,covid19india,,
Tripura,2021-07-01,1969633,599487,2569120,covid19india,,
Tripura,2021-07-02,1987810,608325,2596135,covid19india,,
Tripura,2021-07-03,1998977,614628,2613605,covid19india,,
Tripura,2021-07-04,2000452,615117,2615569,covid19india,,
Tripura,2021-07-05,2009334,620862,2630196,covid19india,,
Tripura,2021-07-06,2017992,624699,2642691,covid19india,,
Tripura,2021-07-07,2022226,626396,2648622,covid19india,,
Tripura,2021-07-08,2031660,631163,2662823,covid19india,,
Tripura,2021-07-09,2043421,637853,2681274,covid19india,,
Tripura,2021-07-10,2058044,647462,2705506,covid19india,,
Tripura,2021-07-11,2060295,648572,2708867,covid19india,,
Tripura,2021-07-12,2074754,659043,2733797,covid19india,,
Tripura,2021-07-13,2103011,667511,2770522,covid19india,,
Tripura,2021-07-14,2109410,673197,2782607,covid19india,,
Tripura,2021-07-15,2126208,682453,2808661,covid19india,,
Tripura,2021-07-16,2137905,690001,2827906,covid19india,,
Tripura,2021-07-17,2140335,692203,2832538,covid19india,,
Tripura,2021-07-18,2141163,692737,2833900,covid19india,,
Tripura,2021-07-19,2153732,702134,2855866,covid19india,,
Tripura,2021-07-20,2163519,710671,2874190,covid19india,,
Tripura,2021-07-21,2165763,712852,2878615,covid19india,,
Tripura,2021-07-22,2177347,722290,2899637,covid19india,,
Tripura,2021-07-23,2190422,731158,2921580,covid19india,,
Tripura,2021-07-24,2210177,741838,2952015,covid19india,,
Tripura,2021-07-25,2226540,746270,2972810,covid19india,,
Tripura,2021-07-26,2246085,754341,3000426,covid19india,,
Tripura,2021-07-27,2272909,762637,3035546,covid19india,,
Tripura,2021-07-28,2305576,771107,3076683,covid19india,,
Tripura,2021-07-29,2326235,776570,3102805,covid19india,,
Tripura,2021-07-30,2343384,781356,3124740,covid19india,,
Tripura,2021-07-31,2375328,785291,3160619,covid19india,,
Tripura,2021-08-01,2378516,785848,3164364,covid19india,,
Tripura,2021-08-02,2384038,788884,3172922,covid19india,,
Tripura,2021-08-03,2389535,791715,3181250,covid19india,,
Tripura,2021-08-04,2393111,793578,3186689,covid19india,,
Tripura,2021-08-05,2396762,795888,3192650,covid19india,,
Tripura,2021-08-06,2402133,798053,3200186,covid19india,,
Tripura,2021-08-07,2405540,800129,3205669,covid19india,,
Tripura,2021-08-08,2406618,800317,3206935,covid19india,,
Tripura,2021-08-09,2411801,804137,3215938,covid19india,,
Tripura,2021-08-10,2417276,808369,3225645,covid19india,,
Tripura,2021-08-11,2420681,812468,3233149,covid19india,,
Tripura,2021-08-12,2425207,817306,3242513,covid19india,,
Tripura,2021-08-13,2429343,820863,3250206,covid19india,,
Tripura,2021-08-14,2433700,826786,3260486,covid19india,,
Tripura,2021-08-15,2434672,826885,3261557,covid19india,,
Tripura,2021-08-16,2436491,830685,3267176,covid19india,,
Tripura,2021-08-17,2438542,833679,3272221,covid19india,,
Tripura,2021-08-18,2440148,835860,3276008,covid19india,,
Tripura,2021-08-19,2441658,838627,3280285,covid19india,,
Tripura,2021-08-20,2444101,842471,3286572,covid19india,,
Tripura,2021-08-21,2445746,846611,3292357,covid19india,,
Tripura,2021-08-22,2446263,846727,3292990,covid19india,,
Tripura,2021-08-23,2448217,853705,3301922,covid19india,,
Tripura,2021-08-24,2450268,859674,3309942,covid19india,,
Tripura,2021-08-25,2451748,864002,3315750,covid19india,,
Tripura,2021-08-26,2453894,870446,3324340,covid19india,,
Tripura,2021-08-27,2455633,872619,3328252,covid19india,,
Tripura,2021-08-29,2458222,878522,3336744,covid19india,,
Tripura,2021-08-30,2459025,879902,3338927,covid19india,,
Tripura,2021-08-31,2460629,885651,3346280,covid19india,,
Tripura,2021-09-01,2461354,888642,3349996,covid19india,,
Tripura,2021-09-02,2462687,893047,3355734,covid19india,,
Tripura,2021-09-03,2463855,896930,3360785,covid19india,,
Tripura,2021-09-04,2464917,901086,3366003,covid19india,,
Tripura,2021-09-05,2465033,901147,3366180,covid19india,,
Tripura,2021-09-06,2466273,906283,3372556,covid19india,,
Tripura,2021-09-07,2467497,912964,3380461,covid19india,,
Tripura,2021-09-08,2468108,916379,3384487,covid19india,,
Tripura,2021-09-09,2469706,927404,3397110,covid19india,,
Tripura,2021-09-10,2470655,935850,3406505,covid19india,,
Tripura,2021-09-11,2471952,950279,3422231,covid19india,,
Tripura,2021-09-12,2472024,950722,3422746,covid19india,,
Tripura,2021-09-13,2474866,994835,3469701,covid19india,,
Tripura,2021-09-14,2477947,1054402,3532349,covid19india,,
Tripura,2021-09-15,2480912,1114656,3595568,covid19india,,
Tripura,2021-09-16,2482097,1135710,3617807,covid19india,,
Tripura,2021-09-17,2482380,1139006,3621386,covid19india,,
Tripura,2021-09-18,2483473,1158216,3641689,covid19india,,
Tripura,2021-09-19,2483504,1158811,3642315,covid19india,,
Tripura,2021-09-20,2485131,1193704,3678835,covid19india,,
Tripura,2021-09-21,2486766,1225080,3711846,covid19india,,
Tripura,2021-09-22,2487528,1240244,3727772,covid19india,,
Tripura,2021-09-23,2489252,1271721,3760973,covid19india,,
Tripura,2021-09-24,2489764,1281243,3771007,covid19india,,
Tripura,2021-09-25,2490974,1303467,3794441,covid19india,,
Tripura,2021-09-26,2491018,1304077,3795095,covid19india,,
Tripura,2021-09-27,2492448,1331076,3823524,covid19india,,
Tripura,2021-09-28,2493464,1353671,3847135,covid19india,,
Tripura,2021-09-29,2494132,1365537,3859669,covid19india,,
Tripura,2021-09-30,2495235,1387737,3882972,covid19india,,
Tripura,2021-10-01,2496265,1405321,3901586,covid19india,,
Tripura,2021-10-02,2496520,1410574,3907094,covid19india,,
Tripura,2021-10-03,2496558,1411377,3907935,covid19india,,
Tripura,2021-10-04,2497697,1431379,3929076,covid19india,,
Tripura,2021-10-05,2498591,1451300,3949891,covid19india,,
Tripura,2021-10-06,2498635,1453031,3951666,covid19india,,
Tripura,2021-10-07,2499675,1471660,3971335,covid19india,,
Tripura,2021-10-08,2499855,1475687,3975542,covid19india,,
Tripura,2021-10-09,2500459,1486643,3987102,covid19india,,
Tripura,2021-10-10,2500507,1487101,3987608,covid19india,,
Tripura,2021-10-11,2500998,1493501,3994499,covid19india,,
Uttar Pradesh,2021-01-16,21291,0,21291,covid19india,,
Uttar Pradesh,2021-01-18,22644,0,22644,covid19india,,
Uttar Pradesh,2021-01-19,22644,0,22644,covid19india,,
Uttar Pradesh,2021-01-20,22644,0,22644,covid19india,,
Uttar Pradesh,2021-01-21,22644,0,22644,covid19india,,
Uttar Pradesh,2021-01-22,123761,0,123761,covid19india,,
Uttar Pradesh,2021-01-23,123761,0,123761,covid19india,,
Uttar Pradesh,2021-01-24,123761,0,123761,covid19india,,
Uttar Pradesh,2021-01-25,123761,0,123761,covid19india,,
Uttar Pradesh,2021-01-26,123761,0,123761,covid19india,,
Uttar Pradesh,2021-01-27,123761,0,123761,covid19india,,
Uttar Pradesh,2021-01-28,294959,0,294959,covid19india,,
Uttar Pradesh,2021-01-29,463793,0,463793,covid19india,,
Uttar Pradesh,2021-01-30,463793,0,463793,covid19india,,
Uttar Pradesh,2021-01-31,463793,0,463793,covid19india,,
Uttar Pradesh,2021-02-01,463793,0,463793,covid19india,,
Uttar Pradesh,2021-02-02,463793,0,463793,covid19india,,
Uttar Pradesh,2021-02-03,463793,0,463793,covid19india,,
Uttar Pradesh,2021-02-04,589101,0,589101,covid19india,,
Uttar Pradesh,2021-02-05,673542,0,673542,covid19india,,
Uttar Pradesh,2021-02-06,673542,0,673542,covid19india,,
Uttar Pradesh,2021-02-07,673542,0,673542,covid19india,,
Uttar Pradesh,2021-02-08,673542,0,673542,covid19india,,
Uttar Pradesh,2021-02-09,673542,0,673542,covid19india,,
Uttar Pradesh,2021-02-10,673542,0,673542,covid19india,,
Uttar Pradesh,2021-02-11,763421,0,763421,covid19india,,
Uttar Pradesh,2021-02-12,858602,0,858602,covid19india,,
Uttar Pradesh,2021-02-13,858602,0,858602,covid19india,,
Uttar Pradesh,2021-02-14,858602,0,858602,covid19india,,
Uttar Pradesh,2021-02-15,916568,18394,934962,covid19india,,
Uttar Pradesh,2021-02-16,916568,18394,934962,covid19india,,
Uttar Pradesh,2021-02-17,916568,18394,934962,covid19india,,
Uttar Pradesh,2021-02-18,1052431,18464,1070895,covid19india,,
Uttar Pradesh,2021-02-19,1066290,85752,1152042,covid19india,,
Uttar Pradesh,2021-02-20,1066290,85752,1152042,covid19india,,
Uttar Pradesh,2021-02-21,1066290,85752,1152042,covid19india,,
Uttar Pradesh,2021-02-22,1140754,86021,1226775,covid19india,,
Uttar Pradesh,2021-02-23,1140754,86021,1226775,covid19india,,
Uttar Pradesh,2021-02-24,1140754,86021,1226775,covid19india,,
Uttar Pradesh,2021-02-25,1167285,203454,1370739,covid19india,,
Uttar Pradesh,2021-02-26,1170925,310058,1480983,covid19india,,
Uttar Pradesh,2021-02-27,1170925,310058,1480983,covid19india,,
Uttar Pradesh,2021-02-28,1170925,310058,1480983,covid19india,,
Uttar Pradesh,2021-03-01,1178302,310119,1488421,covid19india,,
Uttar Pradesh,2021-03-02,1178302,310119,1488421,covid19india,,
Uttar Pradesh,2021-03-03,1178302,310119,1488421,covid19india,,
Uttar Pradesh,2021-03-04,1228226,364486,1592712,covid19india,,
Uttar Pradesh,2021-03-05,1291419,410242,1701661,covid19india,,
Uttar Pradesh,2021-03-06,1300671,411044,1711715,covid19india,,
Uttar Pradesh,2021-03-07,1300671,411044,1711715,covid19india,,
Uttar Pradesh,2021-03-08,1501803,416526,1918329,covid19india,,
Uttar Pradesh,2021-03-09,1518536,416986,1935522,covid19india,,
Uttar Pradesh,2021-03-10,1539060,417448,1956508,covid19india,,
Uttar Pradesh,2021-03-11,1541820,417492,1959312,covid19india,,
Uttar Pradesh,2021-03-12,1790224,499242,2289466,covid19india,,
Uttar Pradesh,2021-03-13,1813437,501476,2314913,covid19india,,
Uttar Pradesh,2021-03-14,1818627,501527,2320154,covid19india,,
Uttar Pradesh,2021-03-15,2398586,568148,2966734,covid19india,,
Uttar Pradesh,2021-03-16,2510657,632615,3143272,covid19india,,
Uttar Pradesh,2021-03-17,2607439,638884,3246323,covid19india,,
Uttar Pradesh,2021-03-18,2912986,755959,3668945,covid19india,,
Uttar Pradesh,2021-03-19,3224855,783705,4008560,covid19india,,
Uttar Pradesh,2021-03-20,3336540,789966,4126506,covid19india,,
Uttar Pradesh,2021-03-21,3341941,790194,4132135,covid19india,,
Uttar Pradesh,2021-03-22,3668823,865048,4533871,covid19india,,
Uttar Pradesh,2021-03-23,3779843,873862,4653705,covid19india,,
Uttar Pradesh,2021-03-24,3878953,877846,4756799,covid19india,,
Uttar Pradesh,2021-03-25,4121612,900996,5022608,covid19india,,
Uttar Pradesh,2021-03-26,4332916,908053,5240969,covid19india,,
Uttar Pradesh,2021-03-27,4393060,910382,5303442,covid19india,,
Uttar Pradesh,2021-03-28,4393145,910385,5303530,covid19india,,
Uttar Pradesh,2021-03-29,4393145,910385,5303530,covid19india,,
Uttar Pradesh,2021-03-30,4417459,910960,5328419,covid19india,,
Uttar Pradesh,2021-03-31,4483979,914705,5398684,covid19india,,
Uttar Pradesh,2021-04-01,4766418,931369,5697787,covid19india,,
Uttar Pradesh,2021-04-02,5366904,1061169,6428073,covid19india,,
Uttar Pradesh,2021-04-03,5571181,1071915,6643096,covid19india,,
Uttar Pradesh,2021-04-04,5683248,1078039,6761287,covid19india,,
Uttar Pradesh,2021-04-05,6071090,1127282,7198372,covid19india,,
Uttar Pradesh,2021-04-06,6478775,1162710,7641485,covid19india,,
Uttar Pradesh,2021-04-07,6672131,1175491,7847622,covid19india,,
Uttar Pradesh,2021-04-08,6951956,1193205,8145161,covid19india,,
Uttar Pradesh,2021-04-09,7170213,1226991,8397204,covid19india,,
Uttar Pradesh,2021-04-10,7255844,1238115,8493959,covid19india,,
Uttar Pradesh,2021-04-11,7559629,1265790,8825419,covid19india,,
Uttar Pradesh,2021-04-12,8016090,1343474,9359564,covid19india,,
Uttar Pradesh,2021-04-13,8331287,1388612,9719899,covid19india,,
Uttar Pradesh,2021-04-14,8606878,1421961,10028839,covid19india,,
Uttar Pradesh,2021-04-15,8791482,1482514,10273996,covid19india,,
Uttar Pradesh,2021-04-16,8978586,1560116,10538702,covid19india,,
Uttar Pradesh,2021-04-17,9102697,1610042,10712739,covid19india,,
Uttar Pradesh,2021-04-18,9106356,1612019,10718375,covid19india,,
Uttar Pradesh,2021-04-19,9225108,1684657,10909765,covid19india,,
Uttar Pradesh,2021-04-20,9356397,1764383,11120780,covid19india,,
Uttar Pradesh,2021-04-21,9450086,1809660,11259746,covid19india,,
Uttar Pradesh,2021-04-22,9564334,1877394,11441728,covid19india,,
Uttar Pradesh,2021-04-23,9679894,1943801,11623695,covid19india,,
Uttar Pradesh,2021-04-24,9779846,1997363,11777209,covid19india,,
Uttar Pradesh,2021-04-25,9783416,2000464,11783880,covid19india,,
Uttar Pradesh,2021-04-26,9883945,2063783,11947728,covid19india,,
Uttar Pradesh,2021-04-27,9953815,2107488,12061303,covid19india,,
Uttar Pradesh,2021-04-28,10019065,2150445,12169510,covid19india,,
Uttar Pradesh,2021-04-29,10126798,2228757,12355555,covid19india,,
Uttar Pradesh,2021-04-30,10241537,2317497,12559034,covid19india,,
Uttar Pradesh,2021-05-01,10349479,2371315,12720794,covid19india,,
Uttar Pradesh,2021-05-02,10334378,2371136,12705514,covid19india,,
Uttar Pradesh,2021-05-03,10420459,2444846,12865305,covid19india,,
Uttar Pradesh,2021-05-04,10507449,2517434,13024883,covid19india,,
Uttar Pradesh,2021-05-05,10590061,2585264,13175325,covid19india,,
Uttar Pradesh,2021-05-06,10671374,2659209,13330583,covid19india,,
Uttar Pradesh,2021-05-07,10745272,2725710,13470982,covid19india,,
Uttar Pradesh,2021-05-08,10815768,2778193,13593961,covid19india,,
Uttar Pradesh,2021-05-09,10817123,2778728,13595851,covid19india,,
Uttar Pradesh,2021-05-10,10908035,2852627,13760662,covid19india,,
Uttar Pradesh,2021-05-11,11006879,2929331,13936210,covid19india,,
Uttar Pradesh,2021-05-12,11134848,3006688,14141536,covid19india,,
Uttar Pradesh,2021-05-13,11280730,3112966,14393696,covid19india,,
Uttar Pradesh,2021-05-14,11391619,3177256,14568875,covid19india,,
Uttar Pradesh,2021-05-15,11508030,3256912,14764942,covid19india,,
Uttar Pradesh,2021-05-16,11509435,3257469,14766904,covid19india,,
Uttar Pradesh,2021-05-17,11721943,3275889,14997832,covid19india,,
Uttar Pradesh,2021-05-18,11918603,3289048,15207651,covid19india,,
Uttar Pradesh,2021-05-19,12091369,3298622,15389991,covid19india,,
Uttar Pradesh,2021-05-20,12499628,3314026,15813654,covid19india,,
Uttar Pradesh,2021-05-21,12699287,3329388,16028675,covid19india,,
Uttar Pradesh,2021-05-22,12897520,3344183,16241703,covid19india,,
Uttar Pradesh,2021-05-23,12910356,3344794,16255150,covid19india,,
Uttar Pradesh,2021-05-24,13180187,3363047,16543234,covid19india,,
Uttar Pradesh,2021-05-25,13436943,3379393,16816336,covid19india,,
Uttar Pradesh,2021-05-26,13681405,3392753,17074158,covid19india,,
Uttar Pradesh,2021-05-27,13948710,3406590,17355300,covid19india,,
Uttar Pradesh,2021-05-28,14243499,3424389,17667888,covid19india,,
Uttar Pradesh,2021-05-29,14542802,3449797,17992599,covid19india,,
Uttar Pradesh,2021-05-30,14558288,3450316,18008604,covid19india,,
Uttar Pradesh,2021-05-31,14851890,3480426,18332316,covid19india,,
Uttar Pradesh,2021-06-01,15173873,3505447,18679320,covid19india,,
Uttar Pradesh,2021-06-02,15501696,3532960,19034656,covid19india,,
Uttar Pradesh,2021-06-03,15869421,3561731,19431152,covid19india,,
Uttar Pradesh,2021-06-04,16242637,3595560,19838197,covid19india,,
Uttar Pradesh,2021-06-05,16607371,3627227,20234598,covid19india,,
Uttar Pradesh,2021-06-06,16625016,3628984,20254000,covid19india,,
Uttar Pradesh,2021-06-07,17055927,3655756,20711683,covid19india,,
Uttar Pradesh,2021-06-08,17471652,3678606,21150258,covid19india,,
Uttar Pradesh,2021-06-09,17864149,3701174,21565323,covid19india,,
Uttar Pradesh,2021-06-10,18270797,3728751,21999548,covid19india,,
Uttar Pradesh,2021-06-11,18705919,3763040,22468959,covid19india,,
Uttar Pradesh,2021-06-12,19141183,3794632,22935815,covid19india,,
Uttar Pradesh,2021-06-13,19160094,3795916,22956010,covid19india,,
Uttar Pradesh,2021-06-14,19576091,3836897,23412988,covid19india,,
Uttar Pradesh,2021-06-15,19953946,3875540,23829486,covid19india,,
Uttar Pradesh,2021-06-16,20292946,3910074,24203020,covid19india,,
Uttar Pradesh,2021-06-17,20667368,3947686,24615054,covid19india,,
Uttar Pradesh,2021-06-18,21096533,3986514,25083047,covid19india,,
Uttar Pradesh,2021-06-19,21550317,4022263,25572580,covid19india,,
Uttar Pradesh,2021-06-20,21569948,4023450,25593398,covid19india,,
Uttar Pradesh,2021-06-21,22260842,4061935,26322777,covid19india,,
Uttar Pradesh,2021-06-22,23083768,4101579,27185347,covid19india,,
Uttar Pradesh,2021-06-23,23877037,4140430,28017467,covid19india,,
Uttar Pradesh,2021-06-24,24730651,4191954,28922605,covid19india,,
Uttar Pradesh,2021-06-25,25607271,4258859,29866130,covid19india,,
Uttar Pradesh,2021-06-26,26132272,4321651,30453923,covid19india,,
Uttar Pradesh,2021-06-27,26154182,4325246,30479428,covid19india,,
Uttar Pradesh,2021-06-28,26594487,4410414,31004901,covid19india,,
Uttar Pradesh,2021-06-29,26741158,4468894,31210052,covid19india,,
Uttar Pradesh,2021-06-30,26792830,4488619,31281449,covid19india,,
Uttar Pradesh,2021-07-01,27048814,4586490,31635304,covid19india,,
Uttar Pradesh,2021-07-02,27365460,4703917,32069377,covid19india,,
Uttar Pradesh,2021-07-03,27780215,4820131,32600346,covid19india,,
Uttar Pradesh,2021-07-04,27802597,4826538,32629135,covid19india,,
Uttar Pradesh,2021-07-05,28482688,5012080,33494768,covid19india,,
Uttar Pradesh,2021-07-06,29315028,5209652,34524680,covid19india,,
Uttar Pradesh,2021-07-07,29896371,5375629,35272000,covid19india,,
Uttar Pradesh,2021-07-08,30540558,5532965,36073523,covid19india,,
Uttar Pradesh,2021-07-09,31128043,5689999,36818042,covid19india,,
Uttar Pradesh,2021-07-10,31368938,5797454,37166392,covid19india,,
Uttar Pradesh,2021-07-11,31381029,5801264,37182293,covid19india,,
Uttar Pradesh,2021-07-12,31759463,5939597,37699060,covid19india,,
Uttar Pradesh,2021-07-13,32468531,6084096,38552627,covid19india,,
Uttar Pradesh,2021-07-14,32666360,6171492,38837852,covid19india,,
Uttar Pradesh,2021-07-15,33212075,6308010,39520085,covid19india,,
Uttar Pradesh,2021-07-16,33523481,6412237,39935718,covid19india,,
Uttar Pradesh,2021-07-17,33831002,6521498,40352500,covid19india,,
Uttar Pradesh,2021-07-18,33842285,6525898,40368183,covid19india,,
Uttar Pradesh,2021-07-19,34394183,6657551,41051734,covid19india,,
Uttar Pradesh,2021-07-20,34795562,6764570,41560132,covid19india,,
Uttar Pradesh,2021-07-21,35198077,6838114,42036191,covid19india,,
Uttar Pradesh,2021-07-22,35835165,6961973,42797138,covid19india,,
Uttar Pradesh,2021-07-23,36710535,7103218,43813753,covid19india,,
Uttar Pradesh,2021-07-24,37180784,7209264,44390048,covid19india,,
Uttar Pradesh,2021-07-25,37199189,7213587,44412776,covid19india,,
Uttar Pradesh,2021-07-26,37897452,7335881,45233333,covid19india,,
Uttar Pradesh,2021-07-27,38287571,7429885,45717456,covid19india,,
Uttar Pradesh,2021-07-28,38818078,7517474,46335552,covid19india,,
Uttar Pradesh,2021-07-29,39185216,7595764,46780980,covid19india,,
Uttar Pradesh,2021-07-30,39911639,7697281,47608920,covid19india,,
Uttar Pradesh,2021-07-31,40631196,7792225,48423421,covid19india,,
Uttar Pradesh,2021-08-01,40647594,7795548,48443142,covid19india,,
Uttar Pradesh,2021-08-02,40960377,7865902,48826279,covid19india,,
Uttar Pradesh,2021-08-03,43576972,8071927,51648899,covid19india,,
Uttar Pradesh,2021-08-04,44001463,8141787,52143250,covid19india,,
Uttar Pradesh,2021-08-05,44606802,8242205,52849007,covid19india,,
Uttar Pradesh,2021-08-06,44974649,8320884,53295533,covid19india,,
Uttar Pradesh,2021-08-07,45201804,8391745,53593549,covid19india,,
Uttar Pradesh,2021-08-08,45211784,8396910,53608694,covid19india,,
Uttar Pradesh,2021-08-09,45976210,8518342,54494552,covid19india,,
Uttar Pradesh,2021-08-10,46430534,8618231,55048765,covid19india,,
Uttar Pradesh,2021-08-11,46821033,8702570,55523603,covid19india,,
Uttar Pradesh,2021-08-12,47516971,8822171,56339142,covid19india,,
Uttar Pradesh,2021-08-13,48142591,8936965,57079556,covid19india,,
Uttar Pradesh,2021-08-14,48248445,9180335,57428780,covid19india,,
Uttar Pradesh,2021-08-15,48253717,9185356,57439073,covid19india,,
Uttar Pradesh,2021-08-16,50440291,9366645,59806936,covid19india,,
Uttar Pradesh,2021-08-17,51123307,9483456,60606763,covid19india,,
Uttar Pradesh,2021-08-18,51806164,9597189,61403353,covid19india,,
Uttar Pradesh,2021-08-19,52669567,9731134,62400701,covid19india,,
Uttar Pradesh,2021-08-20,53315030,9834701,63149731,covid19india,,
Uttar Pradesh,2021-08-21,53347031,10092169,63439200,covid19india,,
Uttar Pradesh,2021-08-22,53392600,10097742,63490342,covid19india,,
Uttar Pradesh,2021-08-23,54026148,10201807,64227955,covid19india,,
Uttar Pradesh,2021-08-24,54879964,10343473,65223437,covid19india,,
Uttar Pradesh,2021-08-25,55594890,10487559,66082449,covid19india,,
Uttar Pradesh,2021-08-26,56219796,10627522,66847318,covid19india,,
Uttar Pradesh,2021-08-27,58903342,10948748,69852090,covid19india,,
Uttar Pradesh,2021-08-29,59147931,11333234,70481165,covid19india,,
Uttar Pradesh,2021-08-30,60065480,11483906,71549386,covid19india,,
Uttar Pradesh,2021-08-31,61439591,11702670,73142261,covid19india,,
Uttar Pradesh,2021-09-01,62281084,11879444,74160528,covid19india,,
Uttar Pradesh,2021-09-02,63688853,12128425,75817278,covid19india,,
Uttar Pradesh,2021-09-03,64651792,12341350,76993142,covid19india,,
Uttar Pradesh,2021-09-04,64755164,12753189,77508353,covid19india,,
Uttar Pradesh,2021-09-05,64767451,12766680,77534131,covid19india,,
Uttar Pradesh,2021-09-06,67673551,13204584,80878135,covid19india,,
Uttar Pradesh,2021-09-07,69001007,13477757,82478764,covid19india,,
Uttar Pradesh,2021-09-08,69822355,13670519,83492874,covid19india,,
Uttar Pradesh,2021-09-09,70826725,13893983,84720708,covid19india,,
Uttar Pradesh,2021-09-10,72068749,14169133,86237882,covid19india,,
Uttar Pradesh,2021-09-11,72239995,14645020,86885015,covid19india,,
Uttar Pradesh,2021-09-12,72257443,14659873,86917316,covid19india,,
Uttar Pradesh,2021-09-13,73669266,14969809,88639075,covid19india,,
Uttar Pradesh,2021-09-14,74535619,15236150,89771769,covid19india,,
Uttar Pradesh,2021-09-15,74813403,15365885,90179288,covid19india,,
Uttar Pradesh,2021-09-16,75109310,15514895,90624205,covid19india,,
Uttar Pradesh,2021-09-17,77351323,16153353,93504676,covid19india,,
Uttar Pradesh,2021-09-18,77509869,16643990,94153859,covid19india,,
Uttar Pradesh,2021-09-19,77546189,16663030,94209219,covid19india,,
Uttar Pradesh,2021-09-20,78733864,17084035,95817899,covid19india,,
Uttar Pradesh,2021-09-21,79440480,17389284,96829764,covid19india,,
Uttar Pradesh,2021-09-22,79970763,17634231,97604994,covid19india,,
Uttar Pradesh,2021-09-23,80885097,17998110,98883207,covid19india,,
Uttar Pradesh,2021-09-24,81451866,18264565,99716431,covid19india,,
Uttar Pradesh,2021-09-25,81602185,18687479,100289664,covid19india,,
Uttar Pradesh,2021-09-26,81608288,18701290,100309578,covid19india,,
Uttar Pradesh,2021-09-27,84271713,19671679,103943392,covid19india,,
Uttar Pradesh,2021-09-28,85114937,20101555,105216492,covid19india,,
Uttar Pradesh,2021-09-29,85574378,20372369,105946747,covid19india,,
Uttar Pradesh,2021-09-30,86138105,20706553,106844658,covid19india,,
Uttar Pradesh,2021-10-01,87422789,21401400,108824189,covid19india,,
Uttar Pradesh,2021-10-02,87504304,21648144,109152448,covid19india,,
Uttar Pradesh,2021-10-03,87526234,21664277,109190511,covid19india,,
Uttar Pradesh,2021-10-04,88558148,22305145,110863293,covid19india,,
Uttar Pradesh,2021-10-05,89047649,22686604,111734253,covid19india,,
Uttar Pradesh,2021-10-06,89261805,22897302,112159107,covid19india,,
Uttar Pradesh,2021-10-07,89612148,23181430,112793578,covid19india,,
Uttar Pradesh,2021-10-08,90623349,23898974,114522323,covid19india,,
Uttar Pradesh,2021-10-09,90777695,24244637,115022332,covid19india,,
Uttar Pradesh,2021-10-10,90815820,24272961,115088781,covid19india,,
Uttar Pradesh,2021-10-11,91657826,24897205,116555031,covid19india,,
Uttarakhand,2021-01-16,2276,0,2276,covid19india,,
Uttarakhand,2021-01-18,4237,0,4237,covid19india,,
Uttarakhand,2021-01-19,6107,0,6107,covid19india,,
Uttarakhand,2021-01-20,6119,0,6119,covid19india,,
Uttarakhand,2021-01-21,8206,0,8206,covid19india,,
Uttarakhand,2021-01-22,10514,0,10514,covid19india,,
Uttarakhand,2021-01-23,10514,0,10514,covid19india,,
Uttarakhand,2021-01-24,10514,0,10514,covid19india,,
Uttarakhand,2021-01-25,14546,0,14546,covid19india,,
Uttarakhand,2021-01-26,14546,0,14546,covid19india,,
Uttarakhand,2021-01-27,14690,0,14690,covid19india,,
Uttarakhand,2021-01-28,19517,0,19517,covid19india,,
Uttarakhand,2021-01-29,25818,0,25818,covid19india,,
Uttarakhand,2021-01-30,28791,0,28791,covid19india,,
Uttarakhand,2021-01-31,31228,0,31228,covid19india,,
Uttarakhand,2021-02-01,37505,0,37505,covid19india,,
Uttarakhand,2021-02-02,43430,0,43430,covid19india,,
Uttarakhand,2021-02-03,54153,0,54153,covid19india,,
Uttarakhand,2021-02-04,62858,0,62858,covid19india,,
Uttarakhand,2021-02-05,70292,0,70292,covid19india,,
Uttarakhand,2021-02-06,73762,0,73762,covid19india,,
Uttarakhand,2021-02-07,74607,0,74607,covid19india,,
Uttarakhand,2021-02-08,79283,0,79283,covid19india,,
Uttarakhand,2021-02-09,85359,0,85359,covid19india,,
Uttarakhand,2021-02-10,90483,0,90483,covid19india,,
Uttarakhand,2021-02-11,97618,0,97618,covid19india,,
Uttarakhand,2021-02-12,104052,0,104052,covid19india,,
Uttarakhand,2021-02-13,108974,0,108974,covid19india,,
Uttarakhand,2021-02-14,110326,0,110326,covid19india,,
Uttarakhand,2021-02-15,115281,1421,116702,covid19india,,
Uttarakhand,2021-02-16,119060,2666,121726,covid19india,,
Uttarakhand,2021-02-17,123656,3063,126719,covid19india,,
Uttarakhand,2021-02-18,126454,4246,130700,covid19india,,
Uttarakhand,2021-02-19,129221,6231,135452,covid19india,,
Uttarakhand,2021-02-20,130908,7146,138054,covid19india,,
Uttarakhand,2021-02-21,131384,7166,138550,covid19india,,
Uttarakhand,2021-02-22,133636,9682,143318,covid19india,,
Uttarakhand,2021-02-23,136058,11242,147300,covid19india,,
Uttarakhand,2021-02-24,139169,11833,151002,covid19india,,
Uttarakhand,2021-02-25,140671,14323,154994,covid19india,,
Uttarakhand,2021-02-26,142340,19446,161786,covid19india,,
Uttarakhand,2021-02-27,142340,19446,161786,covid19india,,
Uttarakhand,2021-02-28,142340,19446,161786,covid19india,,
Uttarakhand,2021-03-01,143835,21677,165512,covid19india,,
Uttarakhand,2021-03-02,149030,25532,174562,covid19india,,
Uttarakhand,2021-03-03,154382,31411,185793,covid19india,,
Uttarakhand,2021-03-04,164776,41582,206358,covid19india,,
Uttarakhand,2021-03-05,176012,49018,225030,covid19india,,
Uttarakhand,2021-03-06,188803,54089,242892,covid19india,,
Uttarakhand,2021-03-07,189624,54158,243782,covid19india,,
Uttarakhand,2021-03-08,206404,59922,266326,covid19india,,
Uttarakhand,2021-03-09,223578,65695,289273,covid19india,,
Uttarakhand,2021-03-10,234765,69933,304698,covid19india,,
Uttarakhand,2021-03-11,237395,70576,307971,covid19india,,
Uttarakhand,2021-03-12,259612,78008,337620,covid19india,,
Uttarakhand,2021-03-13,272857,82735,355592,covid19india,,
Uttarakhand,2021-03-14,274020,83136,357156,covid19india,,
Uttarakhand,2021-03-15,299320,88414,387734,covid19india,,
Uttarakhand,2021-03-16,324643,93825,418468,covid19india,,
Uttarakhand,2021-03-17,339854,97213,437067,covid19india,,
Uttarakhand,2021-03-18,366801,101592,468393,covid19india,,
Uttarakhand,2021-03-19,394919,105105,500024,covid19india,,
Uttarakhand,2021-03-20,409592,107659,517251,covid19india,,
Uttarakhand,2021-03-21,412214,107713,519927,covid19india,,
Uttarakhand,2021-03-22,439317,110284,549601,covid19india,,
Uttarakhand,2021-03-23,464298,112637,576935,covid19india,,
Uttarakhand,2021-03-24,481990,113980,595970,covid19india,,
Uttarakhand,2021-03-25,508638,115457,624095,covid19india,,
Uttarakhand,2021-03-26,532889,116611,649500,covid19india,,
Uttarakhand,2021-03-27,548177,117507,665684,covid19india,,
Uttarakhand,2021-03-28,548314,117507,665821,covid19india,,
Uttarakhand,2021-03-29,548314,117507,665821,covid19india,,
Uttarakhand,2021-03-30,563392,119615,683007,covid19india,,
Uttarakhand,2021-03-31,577234,121665,698899,covid19india,,
Uttarakhand,2021-04-01,615072,124889,739961,covid19india,,
Uttarakhand,2021-04-02,690893,135781,826674,covid19india,,
Uttarakhand,2021-04-03,730947,139958,870905,covid19india,,
Uttarakhand,2021-04-04,773465,143083,916548,covid19india,,
Uttarakhand,2021-04-05,836601,149062,985663,covid19india,,
Uttarakhand,2021-04-06,905908,155827,1061735,covid19india,,
Uttarakhand,2021-04-07,953024,161002,1114026,covid19india,,
Uttarakhand,2021-04-08,1015393,167519,1182912,covid19india,,
Uttarakhand,2021-04-09,1070169,173613,1243782,covid19india,,
Uttarakhand,2021-04-10,1104878,178795,1283673,covid19india,,
Uttarakhand,2021-04-11,1127424,181457,1308881,covid19india,,
Uttarakhand,2021-04-12,1171271,190795,1362066,covid19india,,
Uttarakhand,2021-04-13,1205293,197902,1403195,covid19india,,
Uttarakhand,2021-04-14,1228455,203622,1432077,covid19india,,
Uttarakhand,2021-04-15,1254098,212872,1466970,covid19india,,
Uttarakhand,2021-04-16,1291499,227568,1519067,covid19india,,
Uttarakhand,2021-04-17,1324657,240780,1565437,covid19india,,
Uttarakhand,2021-04-18,1326582,241590,1568172,covid19india,,
Uttarakhand,2021-04-19,1366829,261362,1628191,covid19india,,
Uttarakhand,2021-04-20,1400682,277957,1678639,covid19india,,
Uttarakhand,2021-04-21,1426520,289319,1715839,covid19india,,
Uttarakhand,2021-04-22,1461335,306216,1767551,covid19india,,
Uttarakhand,2021-04-23,1491031,319350,1810381,covid19india,,
Uttarakhand,2021-04-24,1518489,332316,1850805,covid19india,,
Uttarakhand,2021-04-25,1530925,337062,1867987,covid19india,,
Uttarakhand,2021-04-26,1563590,354901,1918491,covid19india,,
Uttarakhand,2021-04-27,1585720,365797,1951517,covid19india,,
Uttarakhand,2021-04-28,1610775,379456,1990231,covid19india,,
Uttarakhand,2021-04-29,1637791,395796,2033587,covid19india,,
Uttarakhand,2021-04-30,1662261,413882,2076143,covid19india,,
Uttarakhand,2021-05-01,1672477,424276,2096753,covid19india,,
Uttarakhand,2021-05-02,1674216,427663,2101879,covid19india,,
Uttarakhand,2021-05-03,1677190,433875,2111065,covid19india,,
Uttarakhand,2021-05-04,1686003,453620,2139623,covid19india,,
Uttarakhand,2021-05-05,1698434,484551,2182985,covid19india,,
Uttarakhand,2021-05-06,1719526,521939,2241465,covid19india,,
Uttarakhand,2021-05-07,1733697,554298,2287995,covid19india,,
Uttarakhand,2021-05-08,1745564,580745,2326309,covid19india,,
Uttarakhand,2021-05-09,1752485,595178,2347663,covid19india,,
Uttarakhand,2021-05-10,1780970,631832,2412802,covid19india,,
Uttarakhand,2021-05-11,1814212,660526,2474738,covid19india,,
Uttarakhand,2021-05-12,1841778,666114,2507892,covid19india,,
Uttarakhand,2021-05-13,1868151,670832,2538983,covid19india,,
Uttarakhand,2021-05-14,1896860,675687,2572547,covid19india,,
Uttarakhand,2021-05-15,1923811,679909,2603720,covid19india,,
Uttarakhand,2021-05-16,1941293,680073,2621366,covid19india,,
Uttarakhand,2021-05-17,1969899,680224,2650123,covid19india,,
Uttarakhand,2021-05-18,1993013,680283,2673296,covid19india,,
Uttarakhand,2021-05-19,2005269,680315,2685584,covid19india,,
Uttarakhand,2021-05-20,2062874,680791,2743665,covid19india,,
Uttarakhand,2021-05-21,2077777,680831,2758608,covid19india,,
Uttarakhand,2021-05-22,2091453,680913,2772366,covid19india,,
Uttarakhand,2021-05-23,2102378,681001,2783379,covid19india,,
Uttarakhand,2021-05-24,2125998,681290,2807288,covid19india,,
Uttarakhand,2021-05-25,2147406,681667,2829073,covid19india,,
Uttarakhand,2021-05-26,2155996,681803,2837799,covid19india,,
Uttarakhand,2021-05-27,2174819,682047,2856866,covid19india,,
Uttarakhand,2021-05-28,2192106,682624,2874730,covid19india,,
Uttarakhand,2021-05-29,2207776,683083,2890859,covid19india,,
Uttarakhand,2021-05-30,2217786,683288,2901074,covid19india,,
Uttarakhand,2021-05-31,2234626,683922,2918548,covid19india,,
Uttarakhand,2021-06-01,2247605,684445,2932050,covid19india,,
Uttarakhand,2021-06-02,2259267,684980,2944247,covid19india,,
Uttarakhand,2021-06-03,2276549,685595,2962144,covid19india,,
Uttarakhand,2021-06-04,2301283,686353,2987636,covid19india,,
Uttarakhand,2021-06-05,2337978,686962,3024940,covid19india,,
Uttarakhand,2021-06-06,2361977,687405,3049382,covid19india,,
Uttarakhand,2021-06-07,2395248,688565,3083813,covid19india,,
Uttarakhand,2021-06-08,2428067,689460,3117527,covid19india,,
Uttarakhand,2021-06-09,2465354,690452,3155806,covid19india,,
Uttarakhand,2021-06-10,2515088,691433,3206521,covid19india,,
Uttarakhand,2021-06-11,2557107,692620,3249727,covid19india,,
Uttarakhand,2021-06-12,2589789,694797,3284586,covid19india,,
Uttarakhand,2021-06-13,2620670,698506,3319176,covid19india,,
Uttarakhand,2021-06-14,2670335,705783,3376118,covid19india,,
Uttarakhand,2021-06-15,2704226,713802,3418028,covid19india,,
Uttarakhand,2021-06-16,2724296,719094,3443390,covid19india,,
Uttarakhand,2021-06-17,2750630,724798,3475428,covid19india,,
Uttarakhand,2021-06-18,2784984,728699,3513683,covid19india,,
Uttarakhand,2021-06-19,2808952,732005,3540957,covid19india,,
Uttarakhand,2021-06-20,2821308,733986,3555294,covid19india,,
Uttarakhand,2021-06-21,2937889,737689,3675578,covid19india,,
Uttarakhand,2021-06-22,3055862,741777,3797639,covid19india,,
Uttarakhand,2021-06-23,3175155,745556,3920711,covid19india,,
Uttarakhand,2021-06-24,3273006,750877,4023883,covid19india,,
Uttarakhand,2021-06-25,3366413,758285,4124698,covid19india,,
Uttarakhand,2021-06-26,3426029,768022,4194051,covid19india,,
Uttarakhand,2021-06-27,3443234,771457,4214691,covid19india,,
Uttarakhand,2021-06-28,3478702,784497,4263199,covid19india,,
Uttarakhand,2021-06-29,3536468,803295,4339763,covid19india,,
Uttarakhand,2021-06-30,3579840,821974,4401814,covid19india,,
Uttarakhand,2021-07-01,3609949,836737,4446686,covid19india,,
Uttarakhand,2021-07-02,3631811,847666,4479477,covid19india,,
Uttarakhand,2021-07-03,3664348,863059,4527407,covid19india,,
Uttarakhand,2021-07-04,3710393,878599,4588992,covid19india,,
Uttarakhand,2021-07-05,3774468,913800,4688268,covid19india,,
Uttarakhand,2021-07-06,3821396,941582,4762978,covid19india,,
Uttarakhand,2021-07-07,3843931,957668,4801599,covid19india,,
Uttarakhand,2021-07-08,3865593,970930,4836523,covid19india,,
Uttarakhand,2021-07-09,3882097,982302,4864399,covid19india,,
Uttarakhand,2021-07-10,3899305,990048,4889353,covid19india,,
Uttarakhand,2021-07-11,3914022,993205,4907227,covid19india,,
Uttarakhand,2021-07-12,3930271,1000918,4931189,covid19india,,
Uttarakhand,2021-07-13,3957266,1021926,4979192,covid19india,,
Uttarakhand,2021-07-14,3968239,1056218,5024457,covid19india,,
Uttarakhand,2021-07-15,3992337,1100284,5092621,covid19india,,
Uttarakhand,2021-07-16,4014370,1130985,5145355,covid19india,,
Uttarakhand,2021-07-17,4036250,1165577,5201827,covid19india,,
Uttarakhand,2021-07-18,4052746,1177604,5230350,covid19india,,
Uttarakhand,2021-07-19,4088707,1210234,5298941,covid19india,,
Uttarakhand,2021-07-20,4132940,1240959,5373899,covid19india,,
Uttarakhand,2021-07-21,4150734,1255384,5406118,covid19india,,
Uttarakhand,2021-07-22,4169200,1279521,5448721,covid19india,,
Uttarakhand,2021-07-23,4195487,1303123,5498610,covid19india,,
Uttarakhand,2021-07-24,4210352,1316369,5526721,covid19india,,
Uttarakhand,2021-07-25,4213935,1323550,5537485,covid19india,,
Uttarakhand,2021-07-26,4229674,1344347,5574021,covid19india,,
Uttarakhand,2021-07-27,4248463,1367633,5616096,covid19india,,
Uttarakhand,2021-07-28,4268481,1380203,5648684,covid19india,,
Uttarakhand,2021-07-29,4346685,1396549,5743234,covid19india,,
Uttarakhand,2021-07-30,4413594,1418451,5832045,covid19india,,
Uttarakhand,2021-07-31,4497424,1436698,5934122,covid19india,,
Uttarakhand,2021-08-01,4558159,1444775,6002934,covid19india,,
Uttarakhand,2021-08-02,4626002,1464021,6090023,covid19india,,
Uttarakhand,2021-08-03,4682678,1483173,6165851,covid19india,,
Uttarakhand,2021-08-04,4768700,1503537,6272237,covid19india,,
Uttarakhand,2021-08-05,4842769,1527641,6370410,covid19india,,
Uttarakhand,2021-08-06,4882205,1542125,6424330,covid19india,,
Uttarakhand,2021-08-07,5025325,1575317,6600642,covid19india,,
Uttarakhand,2021-08-08,5042017,1583476,6625493,covid19india,,
Uttarakhand,2021-08-09,5071246,1596762,6668008,covid19india,,
Uttarakhand,2021-08-10,5171059,1622492,6793551,covid19india,,
Uttarakhand,2021-08-11,5243250,1646346,6889596,covid19india,,
Uttarakhand,2021-08-12,5338887,1672280,7011167,covid19india,,
Uttarakhand,2021-08-13,5416661,1696411,7113072,covid19india,,
Uttarakhand,2021-08-14,5496113,1722511,7218624,covid19india,,
Uttarakhand,2021-08-15,5502399,1724273,7226672,covid19india,,
Uttarakhand,2021-08-16,5582903,1748355,7331258,covid19india,,
Uttarakhand,2021-08-17,5661593,1773164,7434757,covid19india,,
Uttarakhand,2021-08-18,5714455,1790770,7505225,covid19india,,
Uttarakhand,2021-08-19,5780488,1811372,7591860,covid19india,,
Uttarakhand,2021-08-20,5830322,1826284,7656606,covid19india,,
Uttarakhand,2021-08-21,5882856,1844581,7727437,covid19india,,
Uttarakhand,2021-08-22,5884620,1845616,7730236,covid19india,,
Uttarakhand,2021-08-23,5958754,1868470,7827224,covid19india,,
Uttarakhand,2021-08-24,6025170,1891225,7916395,covid19india,,
Uttarakhand,2021-08-25,6074762,1909954,7984716,covid19india,,
Uttarakhand,2021-08-26,6155569,1932219,8087788,covid19india,,
Uttarakhand,2021-08-27,6239680,1954548,8194228,covid19india,,
Uttarakhand,2021-08-29,6385413,1997908,8383321,covid19india,,
Uttarakhand,2021-08-30,6414077,2006088,8420165,covid19india,,
Uttarakhand,2021-08-31,6484731,2031134,8515865,covid19india,,
Uttarakhand,2021-09-01,6545990,2054319,8600309,covid19india,,
Uttarakhand,2021-09-02,6606251,2082083,8688334,covid19india,,
Uttarakhand,2021-09-03,6665305,2111460,8776765,covid19india,,
Uttarakhand,2021-09-04,6713619,2141039,8854658,covid19india,,
Uttarakhand,2021-09-05,6749628,2161566,8911194,covid19india,,
Uttarakhand,2021-09-06,6794439,2194344,8988783,covid19india,,
Uttarakhand,2021-09-07,6835661,2225886,9061547,covid19india,,
Uttarakhand,2021-09-08,6875064,2254177,9129241,covid19india,,
Uttarakhand,2021-09-09,6915203,2281574,9196777,covid19india,,
Uttarakhand,2021-09-10,6953972,2309793,9263765,covid19india,,
Uttarakhand,2021-09-11,6990832,2342255,9333087,covid19india,,
Uttarakhand,2021-09-12,7010409,2357835,9368244,covid19india,,
Uttarakhand,2021-09-13,7041342,2393882,9435224,covid19india,,
Uttarakhand,2021-09-14,7070268,2434640,9504908,covid19india,,
Uttarakhand,2021-09-15,7094981,2477019,9572000,covid19india,,
Uttarakhand,2021-09-16,7114868,2518626,9633494,covid19india,,
Uttarakhand,2021-09-17,7184454,2652529,9836983,covid19india,,
Uttarakhand,2021-09-18,7210386,2711414,9921800,covid19india,,
Uttarakhand,2021-09-19,7220478,2736051,9956529,covid19india,,
Uttarakhand,2021-09-20,7243882,2787816,10031698,covid19india,,
Uttarakhand,2021-09-21,7262791,2836302,10099093,covid19india,,
Uttarakhand,2021-09-22,7278318,2877911,10156229,covid19india,,
Uttarakhand,2021-09-23,7294328,2923712,10218040,covid19india,,
Uttarakhand,2021-09-24,7307760,2962316,10270076,covid19india,,
Uttarakhand,2021-09-25,7319604,3000525,10320129,covid19india,,
Uttarakhand,2021-09-26,7324133,3016086,10340219,covid19india,,
Uttarakhand,2021-09-27,7334465,3049787,10384252,covid19india,,
Uttarakhand,2021-09-28,7343596,3080236,10423832,covid19india,,
Uttarakhand,2021-09-29,7351418,3105481,10456899,covid19india,,
Uttarakhand,2021-09-30,7360564,3139340,10499904,covid19india,,
Uttarakhand,2021-10-01,7367956,3167086,10535042,covid19india,,
Uttarakhand,2021-10-02,7373114,3186653,10559767,covid19india,,
Uttarakhand,2021-10-03,7375336,3196381,10571717,covid19india,,
Uttarakhand,2021-10-04,7383687,3226496,10610183,covid19india,,
Uttarakhand,2021-10-05,7390450,3250883,10641333,covid19india,,
Uttarakhand,2021-10-06,7395473,3269032,10664505,covid19india,,
Uttarakhand,2021-10-07,7399499,3282565,10682064,covid19india,,
Uttarakhand,2021-10-08,7405970,3308673,10714643,covid19india,,
Uttarakhand,2021-10-09,7410725,3328222,10738947,covid19india,,
Uttarakhand,2021-10-10,7412369,3336666,10749035,covid19india,,
Uttarakhand,2021-10-11,7418049,3362309,10780358,covid19india,,
West Bengal,2021-01-16,9730,0,9730,covid19india,,
West Bengal,2021-01-18,29866,0,29866,covid19india,,
West Bengal,2021-01-19,42093,0,42093,covid19india,,
West Bengal,2021-01-20,46310,0,46310,covid19india,,
West Bengal,2021-01-21,53988,0,53988,covid19india,,
West Bengal,2021-01-22,84505,0,84505,covid19india,,
West Bengal,2021-01-23,84505,0,84505,covid19india,,
West Bengal,2021-01-24,84505,0,84505,covid19india,,
West Bengal,2021-01-25,122851,0,122851,covid19india,,
West Bengal,2021-01-26,122851,0,122851,covid19india,,
West Bengal,2021-01-27,158193,0,158193,covid19india,,
West Bengal,2021-01-28,187485,0,187485,covid19india,,
West Bengal,2021-01-29,221994,0,221994,covid19india,,
West Bengal,2021-01-30,243069,0,243069,covid19india,,
West Bengal,2021-01-31,243143,0,243143,covid19india,,
West Bengal,2021-02-01,266407,0,266407,covid19india,,
West Bengal,2021-02-02,288245,0,288245,covid19india,,
West Bengal,2021-02-03,301091,0,301091,covid19india,,
West Bengal,2021-02-04,320668,0,320668,covid19india,,
West Bengal,2021-02-05,344227,0,344227,covid19india,,
West Bengal,2021-02-06,354000,0,354000,covid19india,,
West Bengal,2021-02-07,354000,0,354000,covid19india,,
West Bengal,2021-02-08,377608,0,377608,covid19india,,
West Bengal,2021-02-09,404001,0,404001,covid19india,,
West Bengal,2021-02-10,427042,0,427042,covid19india,,
West Bengal,2021-02-11,453303,0,453303,covid19india,,
West Bengal,2021-02-12,485054,0,485054,covid19india,,
West Bengal,2021-02-13,512772,2345,515117,covid19india,,
West Bengal,2021-02-14,514570,2382,516952,covid19india,,
West Bengal,2021-02-15,545299,9821,555120,covid19india,,
West Bengal,2021-02-16,546433,10017,556450,covid19india,,
West Bengal,2021-02-17,557880,15866,573746,covid19india,,
West Bengal,2021-02-18,583613,23922,607535,covid19india,,
West Bengal,2021-02-19,609987,40989,650976,covid19india,,
West Bengal,2021-02-20,633271,49786,683057,covid19india,,
West Bengal,2021-02-21,639252,49912,689164,covid19india,,
West Bengal,2021-02-22,673939,69651,743590,covid19india,,
West Bengal,2021-02-23,720569,81108,801677,covid19india,,
West Bengal,2021-02-24,787013,99478,886491,covid19india,,
West Bengal,2021-02-25,872999,120107,993106,covid19india,,
West Bengal,2021-02-26,961416,144765,1106181,covid19india,,
West Bengal,2021-02-27,961416,144765,1106181,covid19india,,
West Bengal,2021-02-28,961416,144765,1106181,covid19india,,
West Bengal,2021-03-01,975574,148584,1124158,covid19india,,
West Bengal,2021-03-02,1025696,167186,1192882,covid19india,,
West Bengal,2021-03-03,1090793,189165,1279958,covid19india,,
West Bengal,2021-03-04,1165605,210948,1376553,covid19india,,
West Bengal,2021-03-05,1253831,233229,1487060,covid19india,,
West Bengal,2021-03-06,1332857,247942,1580799,covid19india,,
West Bengal,2021-03-07,1343071,248797,1591868,covid19india,,
West Bengal,2021-03-08,1460507,269515,1730022,covid19india,,
West Bengal,2021-03-09,1596083,292981,1889064,covid19india,,
West Bengal,2021-03-10,1712338,313261,2025599,covid19india,,
West Bengal,2021-03-11,1768499,323763,2092262,covid19india,,
West Bengal,2021-03-12,1940615,350871,2291486,covid19india,,
West Bengal,2021-03-13,2050790,370634,2421424,covid19india,,
West Bengal,2021-03-14,2063801,372182,2435983,covid19india,,
West Bengal,2021-03-15,2286467,402288,2688755,covid19india,,
West Bengal,2021-03-16,2462432,424523,2886955,covid19india,,
West Bengal,2021-03-17,2577103,439932,3017035,covid19india,,
West Bengal,2021-03-18,2691400,457950,3149350,covid19india,,
West Bengal,2021-03-19,3000505,481943,3482448,covid19india,,
West Bengal,2021-03-20,3130942,499968,3630910,covid19india,,
West Bengal,2021-03-21,3147921,501784,3649705,covid19india,,
West Bengal,2021-03-22,3406689,534591,3941280,covid19india,,
West Bengal,2021-03-23,3563759,561450,4125209,covid19india,,
West Bengal,2021-03-24,3669065,581075,4250140,covid19india,,
West Bengal,2021-03-25,3771752,600615,4372367,covid19india,,
West Bengal,2021-03-26,4064503,623669,4688172,covid19india,,
West Bengal,2021-03-27,4229323,636122,4865445,covid19india,,
West Bengal,2021-03-28,4230496,636238,4866734,covid19india,,
West Bengal,2021-03-29,4250981,637644,4888625,covid19india,,
West Bengal,2021-03-30,4437985,653118,5091103,covid19india,,
West Bengal,2021-03-31,4561135,669031,5230166,covid19india,,
West Bengal,2021-04-01,4733333,685936,5419269,covid19india,,
West Bengal,2021-04-02,5100255,672027,5772282,covid19india,,
West Bengal,2021-04-03,5271541,686947,5958488,covid19india,,
West Bengal,2021-04-04,5416000,696805,6112805,covid19india,,
West Bengal,2021-04-05,5791392,749978,6541370,covid19india,,
West Bengal,2021-04-06,6095641,777848,6873489,covid19india,,
West Bengal,2021-04-07,6252846,802674,7055520,covid19india,,
West Bengal,2021-04-08,6465955,846739,7312694,covid19india,,
West Bengal,2021-04-09,6785233,889401,7674634,covid19india,,
West Bengal,2021-04-10,6973057,918593,7891650,covid19india,,
West Bengal,2021-04-11,7051379,931261,7982640,covid19india,,
West Bengal,2021-04-12,7242839,983187,8226026,covid19india,,
West Bengal,2021-04-13,7328568,1017185,8345753,covid19india,,
West Bengal,2021-04-14,7398835,1044502,8443337,covid19india,,
West Bengal,2021-04-15,7415397,1053441,8468838,covid19india,,
West Bengal,2021-04-16,7499557,1109748,8609305,covid19india,,
West Bengal,2021-04-17,7577349,1162724,8740073,covid19india,,
West Bengal,2021-04-18,7593079,1171094,8764173,covid19india,,
West Bengal,2021-04-19,7701573,1275170,8976743,covid19india,,
West Bengal,2021-04-20,7831331,1379825,9211156,covid19india,,
West Bengal,2021-04-21,7934485,1461792,9396277,covid19india,,
West Bengal,2021-04-22,8024983,1533949,9558932,covid19india,,
West Bengal,2021-04-23,8139618,1641308,9780926,covid19india,,
West Bengal,2021-04-24,8227260,1711451,9938711,covid19india,,
West Bengal,2021-04-25,8243729,1725523,9969252,covid19india,,
West Bengal,2021-04-26,8363952,1866546,10230498,covid19india,,
West Bengal,2021-04-27,8467479,1970756,10438235,covid19india,,
West Bengal,2021-04-28,8540388,2091699,10632087,covid19india,,
West Bengal,2021-04-29,8596500,2185636,10782136,covid19india,,
West Bengal,2021-04-30,8662504,2309974,10972478,covid19india,,
West Bengal,2021-05-01,8694518,2370153,11064671,covid19india,,
West Bengal,2021-05-02,8692801,2373485,11066286,covid19india,,
West Bengal,2021-05-03,8712185,2530899,11243084,covid19india,,
West Bengal,2021-05-04,8725790,2659546,11385336,covid19india,,
West Bengal,2021-05-05,8733710,2741661,11475371,covid19india,,
West Bengal,2021-05-06,8743034,2816845,11559879,covid19india,,
West Bengal,2021-05-07,8755459,3030490,11785949,covid19india,,
West Bengal,2021-05-08,8764229,3127188,11891417,covid19india,,
West Bengal,2021-05-09,8765395,3135928,11901323,covid19india,,
West Bengal,2021-05-10,8774324,3261016,12035340,covid19india,,
West Bengal,2021-05-11,8785144,3361343,12146487,covid19india,,
West Bengal,2021-05-12,8799321,3514495,12313816,covid19india,,
West Bengal,2021-05-13,8814904,3642664,12457568,covid19india,,
West Bengal,2021-05-14,8824252,3676768,12501020,covid19india,,
West Bengal,2021-05-15,8846834,3714322,12561156,covid19india,,
West Bengal,2021-05-16,8850282,3716314,12566596,covid19india,,
West Bengal,2021-05-17,8891796,3736383,12628179,covid19india,,
West Bengal,2021-05-18,8935993,3754843,12690836,covid19india,,
West Bengal,2021-05-19,8983654,3770294,12753948,covid19india,,
West Bengal,2021-05-20,9145516,3787295,12932811,covid19india,,
West Bengal,2021-05-21,9201086,3802876,13003962,covid19india,,
West Bengal,2021-05-22,9272120,3814427,13086547,covid19india,,
West Bengal,2021-05-23,9328620,3814903,13143523,covid19india,,
West Bengal,2021-05-24,9506287,3826830,13333117,covid19india,,
West Bengal,2021-05-25,9650872,3835335,13486207,covid19india,,
West Bengal,2021-05-26,9717657,3836569,13554226,covid19india,,
West Bengal,2021-05-27,9886306,3842006,13728312,covid19india,,
West Bengal,2021-05-28,10137192,3852295,13989487,covid19india,,
West Bengal,2021-05-29,10403305,3864000,14267305,covid19india,,
West Bengal,2021-05-30,10542706,3865890,14408596,covid19india,,
West Bengal,2021-05-31,10834957,3879574,14714531,covid19india,,
West Bengal,2021-06-01,11071085,3893629,14964714,covid19india,,
West Bengal,2021-06-02,11278440,3902916,15181356,covid19india,,
West Bengal,2021-06-03,11511500,3915428,15426928,covid19india,,
West Bengal,2021-06-04,11789618,3930952,15720570,covid19india,,
West Bengal,2021-06-05,12083132,3940815,16023947,covid19india,,
West Bengal,2021-06-06,12198576,3942887,16141463,covid19india,,
West Bengal,2021-06-07,12482843,3960543,16443386,covid19india,,
West Bengal,2021-06-08,12730150,3973884,16704034,covid19india,,
West Bengal,2021-06-09,12948388,3985843,16934231,covid19india,,
West Bengal,2021-06-10,13135205,3995296,17130501,covid19india,,
West Bengal,2021-06-11,13353003,4016602,17369605,covid19india,,
West Bengal,2021-06-12,13546001,4037759,17583760,covid19india,,
West Bengal,2021-06-13,13598946,4041058,17640004,covid19india,,
West Bengal,2021-06-14,13786129,4068319,17854448,covid19india,,
West Bengal,2021-06-15,13994245,4108521,18102766,covid19india,,
West Bengal,2021-06-16,14104949,4120167,18225116,covid19india,,
West Bengal,2021-06-17,14256345,4147260,18403605,covid19india,,
West Bengal,2021-06-18,14422580,4188380,18610960,covid19india,,
West Bengal,2021-06-19,14662623,4258178,18920801,covid19india,,
West Bengal,2021-06-20,14728426,4272006,19000432,covid19india,,
West Bengal,2021-06-21,14978061,4350152,19328213,covid19india,,
West Bengal,2021-06-22,15223543,4413123,19636666,covid19india,,
West Bengal,2021-06-23,15517555,4483433,20000988,covid19india,,
West Bengal,2021-06-24,15773246,4550426,20323672,covid19india,,
West Bengal,2021-06-25,16100088,4641195,20741283,covid19india,,
West Bengal,2021-06-26,16320708,4723595,21044303,covid19india,,
West Bengal,2021-06-27,16382716,4746182,21128898,covid19india,,
West Bengal,2021-06-28,16563751,4863946,21427697,covid19india,,
West Bengal,2021-06-29,16729599,4982743,21712342,covid19india,,
West Bengal,2021-06-30,16833415,5056919,21890334,covid19india,,
West Bengal,2021-07-01,16900326,5109791,22010117,covid19india,,
West Bengal,2021-07-02,17019201,5301150,22320351,covid19india,,
West Bengal,2021-07-03,17135555,5455784,22591339,covid19india,,
West Bengal,2021-07-04,17165994,5494551,22660545,covid19india,,
West Bengal,2021-07-05,17286349,5674459,22960808,covid19india,,
West Bengal,2021-07-06,17382766,5822638,23205404,covid19india,,
West Bengal,2021-07-07,17454774,5912029,23366803,covid19india,,
West Bengal,2021-07-08,17550459,6062514,23612973,covid19india,,
West Bengal,2021-07-09,17633337,6220264,23853601,covid19india,,
West Bengal,2021-07-10,17705276,6363044,24068320,covid19india,,
West Bengal,2021-07-11,17733441,6424246,24157687,covid19india,,
West Bengal,2021-07-12,17798492,6558807,24357299,covid19india,,
West Bengal,2021-07-13,18021482,6691305,24712787,covid19india,,
West Bengal,2021-07-14,18136408,6898498,25034906,covid19india,,
West Bengal,2021-07-15,18247588,7026027,25273615,covid19india,,
West Bengal,2021-07-16,18379958,7230472,25610430,covid19india,,
West Bengal,2021-07-17,18540767,7460076,26000843,covid19india,,
West Bengal,2021-07-18,18590415,7508202,26098617,covid19india,,
West Bengal,2021-07-19,18751077,7674598,26425675,covid19india,,
West Bengal,2021-07-20,18892817,7793725,26686542,covid19india,,
West Bengal,2021-07-21,18951531,7827137,26778668,covid19india,,
West Bengal,2021-07-22,19069675,7927787,26997462,covid19india,,
West Bengal,2021-07-23,19262049,8079439,27341488,covid19india,,
West Bengal,2021-07-24,19487580,8194575,27682155,covid19india,,
West Bengal,2021-07-25,19549648,8210268,27759916,covid19india,,
West Bengal,2021-07-26,19763014,8302952,28065966,covid19india,,
West Bengal,2021-07-27,19957376,8376243,28333619,covid19india,,
West Bengal,2021-07-28,20136326,8461201,28597527,covid19india,,
West Bengal,2021-07-29,20302311,8524617,28826928,covid19india,,
West Bengal,2021-07-30,20540439,8611188,29151627,covid19india,,
West Bengal,2021-07-31,20972394,8685073,29657467,covid19india,,
West Bengal,2021-08-01,21103280,8704093,29807373,covid19india,,
West Bengal,2021-08-02,21459942,8789496,30249438,covid19india,,
West Bengal,2021-08-03,21820114,8860725,30680839,covid19india,,
West Bengal,2021-08-04,22062392,8909045,30971437,covid19india,,
West Bengal,2021-08-05,22407281,8971103,31378384,covid19india,,
West Bengal,2021-08-06,22747208,9028218,31775426,covid19india,,
West Bengal,2021-08-07,22961883,9070602,32032485,covid19india,,
West Bengal,2021-08-08,23018390,9081172,32099562,covid19india,,
West Bengal,2021-08-09,23264439,9134008,32398447,covid19india,,
West Bengal,2021-08-10,23559058,9184539,32743597,covid19india,,
West Bengal,2021-08-11,23818895,9229370,33048265,covid19india,,
West Bengal,2021-08-12,24098951,9279837,33378788,covid19india,,
West Bengal,2021-08-13,24482797,9338980,33821777,covid19india,,
West Bengal,2021-08-14,24817288,9389226,34206514,covid19india,,
West Bengal,2021-08-15,24878940,9396251,34275191,covid19india,,
West Bengal,2021-08-16,25138845,9462389,34601234,covid19india,,
West Bengal,2021-08-17,25424857,9532936,34957793,covid19india,,
West Bengal,2021-08-18,25622075,9611001,35233076,covid19india,,
West Bengal,2021-08-19,25846259,9687580,35533839,covid19india,,
West Bengal,2021-08-20,25986028,9751734,35737762,covid19india,,
West Bengal,2021-08-21,26206635,9881166,36087801,covid19india,,
West Bengal,2021-08-22,26272395,9917517,36189912,covid19india,,
West Bengal,2021-08-23,26583407,10126854,36710261,covid19india,,
West Bengal,2021-08-24,26859543,10310410,37169953,covid19india,,
West Bengal,2021-08-25,27150037,10499392,37649429,covid19india,,
West Bengal,2021-08-26,27405125,10661444,38066569,covid19india,,
West Bengal,2021-08-27,27755795,10876093,38631888,covid19india,,
West Bengal,2021-08-29,28297952,11143625,39441577,covid19india,,
West Bengal,2021-08-30,28575948,11264794,39840742,covid19india,,
West Bengal,2021-08-31,29543733,11555735,41099468,covid19india,,
West Bengal,2021-09-01,29905145,11709751,41614896,covid19india,,
West Bengal,2021-09-02,30365143,11881117,42246260,covid19india,,
West Bengal,2021-09-03,30744316,12044273,42788589,covid19india,,
West Bengal,2021-09-04,31013543,12191426,43204969,covid19india,,
West Bengal,2021-09-05,31134891,12260296,43395187,covid19india,,
West Bengal,2021-09-06,31629038,12475916,44104954,covid19india,,
West Bengal,2021-09-07,32023124,12657854,44680978,covid19india,,
West Bengal,2021-09-08,32522234,12856143,45378377,covid19india,,
West Bengal,2021-09-09,32869253,13020751,45890004,covid19india,,
West Bengal,2021-09-10,33378808,13232946,46611754,covid19india,,
West Bengal,2021-09-11,33750742,13422829,47173571,covid19india,,
West Bengal,2021-09-12,33875066,13463916,47338982,covid19india,,
West Bengal,2021-09-13,34151525,13623203,47774728,covid19india,,
West Bengal,2021-09-14,34373312,13756291,48129603,covid19india,,
West Bengal,2021-09-15,34564159,13967629,48531788,covid19india,,
West Bengal,2021-09-16,34765201,14173775,48938976,covid19india,,
West Bengal,2021-09-17,35015423,14333719,49349142,covid19india,,
West Bengal,2021-09-18,35952517,14665263,50617780,covid19india,,
West Bengal,2021-09-19,36177522,14735459,50912981,covid19india,,
West Bengal,2021-09-20,36811951,14995078,51807029,covid19india,,
West Bengal,2021-09-21,37684269,15262471,52946740,covid19india,,
West Bengal,2021-09-22,38095804,15458360,53554164,covid19india,,
West Bengal,2021-09-23,38407873,15635624,54043497,covid19india,,
West Bengal,2021-09-24,39108233,15881712,54989945,covid19india,,
West Bengal,2021-09-25,39511522,16063488,55575010,covid19india,,
West Bengal,2021-09-26,39636898,16097103,55734001,covid19india,,
West Bengal,2021-09-27,40049336,16270043,56319379,covid19india,,
West Bengal,2021-09-28,40350088,16421238,56771326,covid19india,,
West Bengal,2021-09-29,40720078,16540656,57260734,covid19india,,
West Bengal,2021-09-30,41082569,16682732,57765301,covid19india,,
West Bengal,2021-10-01,41549955,16856856,58406811,covid19india,,
West Bengal,2021-10-02,41772227,16934511,58706738,covid19india,,
West Bengal,2021-10-03,41840108,16960925,58801033,covid19india,,
West Bengal,2021-10-04,42247529,17123221,59370750,covid19india,,
West Bengal,2021-10-05,43078909,17310807,60389716,covid19india,,
West Bengal,2021-10-06,43358133,17391379,60749512,covid19india,,
West Bengal,2021-10-07,44320614,17583444,61904058,covid19india,,
West Bengal,2021-10-08,45073552,17762598,62836150,covid19india,,
West Bengal,2021-10-09,46206046,17953133,64159179,covid19india,,
West Bengal,2021-10-10,46421169,17990275,64411444,covid19india,,
West Bengal,2021-10-11,46847503,18080427,64927930,covid19india,,
Andaman and Nicobar Islands,2021-10-12,291867,169971,461838,cowin,,
Andhra Pradesh,2021-10-12,29470836,15927920,45398756,cowin,,
Arunachal Pradesh,2021-10-12,764333,476553,1240886,cowin,,
Assam,2021-10-12,19688597,6500966,26189563,cowin,,
Bihar,2021-10-12,47159599,14068833,61228432,cowin,,
Chandigarh,2021-10-12,915577,492999,1408576,cowin,,
Chhattisgarh,2021-10-12,13201973,6067036,19269009,cowin,,
Delhi,2021-10-12,12629890,6660579,19290469,cowin,,
Goa,2021-10-12,1243250,795982,2039232,cowin,,
Gujarat,2021-10-12,43670551,22041657,65712208,cowin,,
Haryana,2021-10-12,17237660,7021028,24258688,cowin,,
Himachal Pradesh,2021-10-12,5683038,2963532,8646570,cowin,,
Jammu and Kashmir,2021-10-12,9222644,4084249,13306893,cowin,,
Jharkhand,2021-10-12,14333711,4661289,18995000,cowin,,
Karnataka,2021-10-12,40454675,19420857,59875532,cowin,,
Kerala,2021-10-12,25011209,11884300,36895509,cowin,,
Ladakh,2021-10-12,207247,145097,352344,cowin,,
Lakshadweep,2021-10-12,55001,43930,98931,cowin,,
Madhya Pradesh,2021-10-12,49050310,16572012,65622322,cowin,,
Maharashtra,2021-10-12,61915614,27368548,89284162,cowin,,
Manipur,2021-10-12,1233103,561694,1794797,cowin,,
Meghalaya,2021-10-12,1083684,536132,1619816,cowin,,
Mizoram,2021-10-12,702745,478995,1181740,cowin,,
Nagaland,2021-10-12,697456,423059,1120515,cowin,,
Odisha,2021-10-12,23671568,9627897,33299465,cowin,,
Puducherry,2021-10-12,716581,354572,1071153,cowin,,
Punjab,2021-10-12,15261067,5591797,20852864,cowin,,
Rajasthan,2021-10-12,41641791,17807992,59449783,cowin,,
Sikkim,2021-10-12,520231,420705,940936,cowin,,
Tamil Nadu,2021-10-12,38680914,13671683,52352597,cowin,,
Telangana,2021-10-12,20370760,7909120,28279880,cowin,,
Tripura,2021-10-12,2501022,1493851,3994873,cowin,,
Uttar Pradesh,2021-10-12,91956511,25169831,117126342,cowin,,
Uttarakhand,2021-10-12,7421282,3381089,10802371,cowin,,
West Bengal,2021-10-12,47357335,18120122,65477457,cowin,,
Dadra and Nagar Haveli and Daman and Diu,2021-10-12,653256,325814,979070,cowin,,
India,2021-10-12,686676888,273241691,959918579,cowin,,
Andaman and Nicobar Islands,2021-10-13,292064,170691,462755,"",2021-10-13T17:39:50Z,2021-10-13T14:01:43.944313Z
Andhra Pradesh,2021-10-13,29660771,16156139,45816910,"",2021-10-13T17:39:50Z,2021-10-13T14:01:43.944313Z
Arunachal Pradesh,2021-10-13,764830,480403,1245233,"",2021-10-13T17:39:50Z,2021-10-13T14:01:43.944313Z
Assam,2021-10-13,19693512,6506003,26199515,"",2021-10-13T17:39:50Z,2021-10-13T14:01:43.944313Z
Bihar,2021-10-13,47195470,14121629,61317099,"",2021-10-13T17:39:50Z,2021-10-13T14:01:43.944313Z
Chandigarh,2021-10-13,916368,495511,1411879,"",2021-10-13T17:39:50Z,2021-10-13T14:01:43.944313Z
Chhattisgarh,2021-10-13,13235714,6118650,19354364,"",2021-10-13T17:39:50Z,2021-10-13T14:01:43.944313Z
Delhi,2021-10-13,12659970,6705303,19365273,"",2021-10-13T17:39:50Z,2021-10-13T14:01:43.944313Z
Goa,2021-10-13,1244329,802100,2046429,"",2021-10-13T17:39:50Z,2021-10-13T14:01:43.944313Z
Gujarat,2021-10-13,43774514,22223534,65998048,"",2021-10-13T17:39:50Z,2021-10-13T14:01:43.944313Z
Haryana,2021-10-13,17292338,7107341,24399679,"",2021-10-13T17:39:50Z,2021-10-13T14:01:43.944313Z
Himachal Pradesh,2021-10-13,5684757,2981851,8666608,"",2021-10-13T17:39:50Z,2021-10-13T14:01:43.944313Z
Jammu and Kashmir,2021-10-13,9288749,4133177,13421926,"",2021-10-13T17:39:50Z,2021-10-13T14:01:43.944313Z
Jharkhand,2021-10-13,14349408,4678578,19027986,"",2021-10-13T17:39:50Z,2021-10-13T14:01:43.944313Z
Karnataka,2021-10-13,40636915,19754815,60391730,"",2021-10-13T17:39:50Z,2021-10-13T14:01:43.944313Z
Kerala,2021-10-13,25029201,11939624,36968825,"",2021-10-13T17:39:50Z,2021-10-13T14:01:43.944313Z
Ladakh,2021-10-13,207341,146007,353348,"",2021-10-13T17:39:50Z,2021-10-13T14:01:43.944313Z
Lakshadweep,2021-10-13,55003,44003,99006,"",2021-10-13T17:39:50Z,2021-10-13T14:01:43.944313Z
Madhya Pradesh,2021-10-13,49078367,16713441,65791808,"",2021-10-13T17:39:50Z,2021-10-13T14:01:43.944313Z
Maharashtra,2021-10-13,62398757,27605795,90004552,"",2021-10-13T17:39:50Z,2021-10-13T14:01:43.944313Z
Manipur,2021-10-13,1233690,566668,1800358,"",2021-10-13T17:39:50Z,2021-10-13T14:01:43.944313Z
Meghalaya,2021-10-13,1084860,541241,1626101,"",2021-10-13T17:39:50Z,2021-10-13T14:01:43.944313Z
Mizoram,2021-10-13,703060,482775,1185835,"",2021-10-13T17:39:50Z,2021-10-13T14:01:43.944313Z
Nagaland,2021-10-13,698797,430070,1128867,"",2021-10-13T17:39:50Z,2021-10-13T14:01:43.944313Z
Odisha,2021-10-13,23813076,9711998,33525074,"",2021-10-13T17:39:50Z,2021-10-13T14:01:43.944313Z
Puducherry,2021-10-13,717322,356544,1073866,"",2021-10-13T17:39:50Z,2021-10-13T14:01:43.944313Z
Punjab,2021-10-13,15307293,5626697,20933990,"",2021-10-13T17:39:50Z,2021-10-13T14:01:43.944313Z
Rajasthan,2021-10-13,41672537,17886445,59558982,"",2021-10-13T17:39:50Z,2021-10-13T14:01:43.944313Z
Sikkim,2021-10-13,520253,420997,941250,"",2021-10-13T17:39:50Z,2021-10-13T14:01:43.944313Z
Tamil Nadu,2021-10-13,38754609,13753984,52508593,"",2021-10-13T17:39:50Z,2021-10-13T14:01:43.944313Z
Telangana,2021-10-13,20480996,7956751,28437747,"",2021-10-13T17:39:50Z,2021-10-13T14:01:43.944313Z
Tripura,2021-10-13,2501022,1493862,3994884,"",2021-10-13T17:39:50Z,2021-10-13T14:01:43.944313Z
Uttar Pradesh,2021-10-13,92112853,25346672,117459525,"",2021-10-13T17:39:50Z,2021-10-13T14:01:43.944313Z
Uttarakhand,2021-10-13,7424007,3399140,10823147,"",2021-10-13T17:39:50Z,2021-10-13T14:01:43.944313Z
West Bengal,2021-10-13,47392130,18123740,65515870,"",2021-10-13T17:39:50Z,2021-10-13T14:01:43.944313Z
Dadra and Nagar Haveli and Daman and Diu,2021-10-13,653676,328135,981811,"",2021-10-13T17:39:50Z,2021-10-13T14:01:43.944313Z
India,2021-10-13,688528559,275310314,963838873,"",2021-10-13T17:39:50Z,2021-10-13T14:01:43.944313Z
Andaman and Nicobar Islands,2021-10-14,292196,172178,464374,"",2021-10-14T17:39:15Z,2021-10-14T13:59:00.919462Z
Andhra Pradesh,2021-10-14,29858528,16415301,46273829,"",2021-10-14T17:39:15Z,2021-10-14T13:59:00.919462Z
Arunachal Pradesh,2021-10-14,764947,481496,1246443,"",2021-10-14T17:39:15Z,2021-10-14T13:59:00.919462Z
Assam,2021-10-14,19696599,6510923,26207522,"",2021-10-14T17:39:15Z,2021-10-14T13:59:00.919462Z
Bihar,2021-10-14,47222574,14161482,61384056,"",2021-10-14T17:39:15Z,2021-10-14T13:59:00.919462Z
Chandigarh,2021-10-14,917093,498375,1415468,"",2021-10-14T17:39:15Z,2021-10-14T13:59:00.919462Z
Chhattisgarh,2021-10-14,13261497,6157758,19419255,"",2021-10-14T17:39:15Z,2021-10-14T13:59:00.919462Z
Delhi,2021-10-14,12688364,6752659,19441023,"",2021-10-14T17:39:15Z,2021-10-14T13:59:00.919462Z
Goa,2021-10-14,1245262,807130,2052392,"",2021-10-14T17:39:15Z,2021-10-14T13:59:00.919462Z
Gujarat,2021-10-14,43861053,22470425,66331478,"",2021-10-14T17:39:15Z,2021-10-14T13:59:00.919462Z
Haryana,2021-10-14,17351338,7196290,24547628,"",2021-10-14T17:39:15Z,2021-10-14T13:59:00.919462Z
Himachal Pradesh,2021-10-14,5686434,3005548,8691982,"",2021-10-14T17:39:15Z,2021-10-14T13:59:00.919462Z
Jammu and Kashmir,2021-10-14,9326795,4174744,13501539,"",2021-10-14T17:39:15Z,2021-10-14T13:59:00.919462Z
Jharkhand,2021-10-14,14357489,4687424,19044913,"",2021-10-14T17:39:15Z,2021-10-14T13:59:00.919462Z
Karnataka,2021-10-14,40694005,19843217,60537222,"",2021-10-14T17:39:15Z,2021-10-14T13:59:00.919462Z
Kerala,2021-10-14,25038681,11978816,37017497,"",2021-10-14T17:39:15Z,2021-10-14T13:59:00.919462Z
Ladakh,2021-10-14,207495,146483,353978,"",2021-10-14T17:39:15Z,2021-10-14T13:59:00.919462Z
Lakshadweep,2021-10-14,55026,44380,99406,"",2021-10-14T17:39:15Z,2021-10-14T13:59:00.919462Z
Madhya Pradesh,2021-10-14,49095003,16833686,65928689,"",2021-10-14T17:39:15Z,2021-10-14T13:59:00.919462Z
Maharashtra,2021-10-14,62858281,27835016,90693297,"",2021-10-14T17:39:15Z,2021-10-14T13:59:00.919462Z
Manipur,2021-10-14,1234661,574812,1809473,"",2021-10-14T17:39:15Z,2021-10-14T13:59:00.919462Z
Meghalaya,2021-10-14,1086226,547335,1633561,"",2021-10-14T17:39:15Z,2021-10-14T13:59:00.919462Z
Mizoram,2021-10-14,704218,486972,1191190,"",2021-10-14T17:39:15Z,2021-10-14T13:59:00.919462Z
Nagaland,2021-10-14,699092,431669,1130761,"",2021-10-14T17:39:15Z,2021-10-14T13:59:00.919462Z
Odisha,2021-10-14,23973103,9797001,33770104,"",2021-10-14T17:39:15Z,2021-10-14T13:59:00.919462Z
Puducherry,2021-10-14,717521,357083,1074604,"",2021-10-14T17:39:15Z,2021-10-14T13:59:00.919462Z
Punjab,2021-10-14,15376500,5683355,21059855,"",2021-10-14T17:39:15Z,2021-10-14T13:59:00.919462Z
Rajasthan,2021-10-14,41723283,18007604,59730887,"",2021-10-14T17:39:15Z,2021-10-14T13:59:00.919462Z
Sikkim,2021-10-14,520259,421181,941440,"",2021-10-14T17:39:15Z,2021-10-14T13:59:00.919462Z
Tamil Nadu,2021-10-14,38785917,13794075,52579992,"",2021-10-14T17:39:15Z,2021-10-14T13:59:00.919462Z
Telangana,2021-10-14,20507111,7965068,28472179,"",2021-10-14T17:39:15Z,2021-10-14T13:59:00.919462Z
Tripura,2021-10-14,2501052,1494060,3995112,"",2021-10-14T17:39:15Z,2021-10-14T13:59:00.919462Z
Uttar Pradesh,2021-10-14,92230224,25475849,117706073,"",2021-10-14T17:39:15Z,2021-10-14T13:59:00.919462Z
Uttarakhand,2021-10-14,7427890,3427683,10855573,"",2021-10-14T17:39:15Z,2021-10-14T13:59:00.919462Z
West Bengal,2021-10-14,47432899,18133619,65566518,"",2021-10-14T17:39:15Z,2021-10-14T13:59:00.919462Z
Dadra and Nagar Haveli and Daman and Diu,2021-10-14,654087,331153,985240,"",2021-10-14T17:39:15Z,2021-10-14T13:59:00.919462Z
India,2021-10-14,690052703,277101850,967154553,"",2021-10-14T17:39:15Z,2021-10-14T13:59:00.919462Z
Andaman and Nicobar Islands,2021-10-15,292209,172327,464536,"",2021-10-15T17:34:22Z,2021-10-15T14:01:19.043413Z
Andhra Pradesh,2021-10-15,29902995,16463925,46366920,"",2021-10-15T17:34:22Z,2021-10-15T14:01:19.043413Z
Arunachal Pradesh,2021-10-15,764996,482431,1247427,"",2021-10-15T17:34:22Z,2021-10-15T14:01:19.043413Z
Assam,2021-10-15,19698685,6514435,26213120,"",2021-10-15T17:34:22Z,2021-10-15T14:01:19.043413Z
Bihar,2021-10-15,47243567,14195602,61439169,"",2021-10-15T17:34:22Z,2021-10-15T14:01:19.043413Z
Chandigarh,2021-10-15,917285,499111,1416396,"",2021-10-15T17:34:22Z,2021-10-15T14:01:19.043413Z
Chhattisgarh,2021-10-15,13267351,6168806,19436157,"",2021-10-15T17:34:22Z,2021-10-15T14:01:19.043413Z
Delhi,2021-10-15,12688976,6754878,19443854,"",2021-10-15T17:34:22Z,2021-10-15T14:01:19.043413Z
Goa,2021-10-15,1245724,809806,2055530,"",2021-10-15T17:34:22Z,2021-10-15T14:01:19.043413Z
Gujarat,2021-10-15,43892733,22528906,66421639,"",2021-10-15T17:34:22Z,2021-10-15T14:01:19.043413Z
Haryana,2021-10-15,17360860,7219187,24580047,"",2021-10-15T17:34:22Z,2021-10-15T14:01:19.043413Z
Himachal Pradesh,2021-10-15,5686900,3012168,8699068,"",2021-10-15T17:34:22Z,2021-10-15T14:01:19.043413Z
Jammu and Kashmir,2021-10-15,9355813,4213866,13569679,"",2021-10-15T17:34:22Z,2021-10-15T14:01:19.043413Z
Jharkhand,2021-10-15,14361520,4690598,19052118,"",2021-10-15T17:34:22Z,2021-10-15T14:01:19.043413Z
Karnataka,2021-10-15,40713974,19879689,60593663,"",2021-10-15T17:34:22Z,2021-10-15T14:01:19.043413Z
Kerala,2021-10-15,25047183,12014274,37061457,"",2021-10-15T17:34:22Z,2021-10-15T14:01:19.043413Z
Ladakh,2021-10-15,207495,146523,354018,"",2021-10-15T17:34:22Z,2021-10-15T14:01:19.043413Z
Lakshadweep,2021-10-15,55027,44497,99524,"",2021-10-15T17:34:22Z,2021-10-15T14:01:19.043413Z
Madhya Pradesh,2021-10-15,49097660,16849611,65947271,"",2021-10-15T17:34:22Z,2021-10-15T14:01:19.043413Z
Maharashtra,2021-10-15,62918973,27863407,90782380,"",2021-10-15T17:34:22Z,2021-10-15T14:01:19.043413Z
Manipur,2021-10-15,1235196,580254,1815450,"",2021-10-15T17:34:22Z,2021-10-15T14:01:19.043413Z
Meghalaya,2021-10-15,1087231,552197,1639428,"",2021-10-15T17:34:22Z,2021-10-15T14:01:19.043413Z
Mizoram,2021-10-15,704571,488358,1192929,"",2021-10-15T17:34:22Z,2021-10-15T14:01:19.043413Z
Nagaland,2021-10-15,699366,432929,1132295,"",2021-10-15T17:34:22Z,2021-10-15T14:01:19.043413Z
Odisha,2021-10-15,24063177,9840931,33904108,"",2021-10-15T17:34:22Z,2021-10-15T14:01:19.043413Z
Puducherry,2021-10-15,718349,359588,1077937,"",2021-10-15T17:34:22Z,2021-10-15T14:01:19.043413Z
Punjab,2021-10-15,15390097,5690488,21080585,"",2021-10-15T17:34:22Z,2021-10-15T14:01:19.043413Z
Rajasthan,2021-10-15,41781632,18123495,59905127,"",2021-10-15T17:34:22Z,2021-10-15T14:01:19.043413Z
Sikkim,2021-10-15,520263,421301,941564,"",2021-10-15T17:34:22Z,2021-10-15T14:01:19.043413Z
Tamil Nadu,2021-10-15,38816645,13836825,52653470,"",2021-10-15T17:34:22Z,2021-10-15T14:01:19.043413Z
Telangana,2021-10-15,20510259,7966925,28477184,"",2021-10-15T17:34:22Z,2021-10-15T14:01:19.043413Z
Tripura,2021-10-15,2501053,1494072,3995125,"",2021-10-15T17:34:22Z,2021-10-15T14:01:19.043413Z
Uttar Pradesh,2021-10-15,92267525,25532859,117800384,"",2021-10-15T17:34:22Z,2021-10-15T14:01:19.043413Z
Uttarakhand,2021-10-15,7428665,3435670,10864335,"",2021-10-15T17:34:22Z,2021-10-15T14:01:19.043413Z
West Bengal,2021-10-15,47471424,18141731,65613155,"",2021-10-15T17:34:22Z,2021-10-15T14:01:19.043413Z
Dadra and Nagar Haveli and Daman and Diu,2021-10-15,654239,332222,986461,"",2021-10-15T17:34:22Z,2021-10-15T14:01:19.043413Z
India,2021-10-15,690569618,277753892,968323510,"",2021-10-15T17:34:22Z,2021-10-15T14:01:19.043413Z
Andaman and Nicobar Islands,2021-10-16,292321,174754,467075,"",2021-10-16T17:38:35Z,2021-10-16T14:04:49.615540Z
Andhra Pradesh,2021-10-16,30006768,16616032,46622800,"",2021-10-16T17:38:35Z,2021-10-16T14:04:49.615540Z
Arunachal Pradesh,2021-10-16,765280,484789,1250069,"",2021-10-16T17:38:35Z,2021-10-16T14:04:49.615540Z
Assam,2021-10-16,19711817,6556838,26268655,"",2021-10-16T17:38:35Z,2021-10-16T14:04:49.615540Z
Bihar,2021-10-16,47273640,14263389,61537029,"",2021-10-16T17:38:35Z,2021-10-16T14:04:49.615540Z
Chandigarh,2021-10-16,918179,503635,1421814,"",2021-10-16T17:38:35Z,2021-10-16T14:04:49.615540Z
Chhattisgarh,2021-10-16,13294909,6215448,19510357,"",2021-10-16T17:38:35Z,2021-10-16T14:04:49.615540Z
Delhi,2021-10-16,12725596,6830034,19555630,"",2021-10-16T17:38:35Z,2021-10-16T14:04:49.615540Z
Goa,2021-10-16,1246925,817386,2064311,"",2021-10-16T17:38:35Z,2021-10-16T14:04:49.615540Z
Gujarat,2021-10-16,43954158,22763754,66717912,"",2021-10-16T17:38:35Z,2021-10-16T14:04:49.615540Z
Haryana,2021-10-16,17390732,7268149,24658881,"",2021-10-16T17:38:35Z,2021-10-16T14:04:49.615540Z
Himachal Pradesh,2021-10-16,5689013,3043327,8732340,"",2021-10-16T17:38:35Z,2021-10-16T14:04:49.615540Z
Jammu and Kashmir,2021-10-16,9384471,4273788,13658259,"",2021-10-16T17:38:35Z,2021-10-16T14:04:49.615540Z
Jharkhand,2021-10-16,14377274,4715019,19092293,"",2021-10-16T17:38:35Z,2021-10-16T14:04:49.615540Z
Karnataka,2021-10-16,40780939,20051427,60832366,"",2021-10-16T17:38:35Z,2021-10-16T14:04:49.615540Z
Kerala,2021-10-16,25076783,12158735,37235518,"",2021-10-16T17:38:35Z,2021-10-16T14:04:49.615540Z
Ladakh,2021-10-16,207613,147061,354674,"",2021-10-16T17:38:35Z,2021-10-16T14:04:49.615540Z
Lakshadweep,2021-10-16,55034,44700,99734,"",2021-10-16T17:38:35Z,2021-10-16T14:04:49.615540Z
Madhya Pradesh,2021-10-16,49110157,16953370,66063527,"",2021-10-16T17:38:35Z,2021-10-16T14:04:49.615540Z
Maharashtra,2021-10-16,63177955,28102942,91280897,"",2021-10-16T17:38:35Z,2021-10-16T14:04:49.615540Z
Manipur,2021-10-16,1236085,591202,1827287,"",2021-10-16T17:38:35Z,2021-10-16T14:04:49.615540Z
Meghalaya,2021-10-16,1088032,556475,1644507,"",2021-10-16T17:38:35Z,2021-10-16T14:04:49.615540Z
Mizoram,2021-10-16,704815,489159,1193974,"",2021-10-16T17:38:35Z,2021-10-16T14:04:49.615540Z
Nagaland,2021-10-16,699758,435317,1135075,"",2021-10-16T17:38:35Z,2021-10-16T14:04:49.615540Z
Odisha,2021-10-16,24153231,9911582,34064813,"",2021-10-16T17:38:35Z,2021-10-16T14:04:49.615540Z
Puducherry,2021-10-16,719484,363802,1083286,"",2021-10-16T17:38:35Z,2021-10-16T14:04:49.615540Z
Punjab,2021-10-16,15442276,5740271,21182547,"",2021-10-16T17:38:35Z,2021-10-16T14:04:49.615540Z
Rajasthan,2021-10-16,41894850,18367085,60261935,"",2021-10-16T17:38:35Z,2021-10-16T14:04:49.615540Z
Sikkim,2021-10-16,520272,421510,941782,"",2021-10-16T17:38:35Z,2021-10-16T14:04:49.615540Z
Tamil Nadu,2021-10-16,38888050,13953565,52841615,"",2021-10-16T17:38:35Z,2021-10-16T14:04:49.615540Z
Telangana,2021-10-16,20513393,7971951,28485344,"",2021-10-16T17:38:35Z,2021-10-16T14:04:49.615540Z
Tripura,2021-10-16,2501314,1497226,3998540,"",2021-10-16T17:38:35Z,2021-10-16T14:04:49.615540Z
Uttar Pradesh,2021-10-16,92359277,25816080,118175357,"",2021-10-16T17:38:35Z,2021-10-16T14:04:49.615540Z
Uttarakhand,2021-10-16,7431927,3459998,10891925,"",2021-10-16T17:38:35Z,2021-10-16T14:04:49.615540Z
West Bengal,2021-10-16,47939098,18247049,66186147,"",2021-10-16T17:38:35Z,2021-10-16T14:04:49.615540Z
Dadra and Nagar Haveli and Daman and Diu,2021-10-16,654798,335416,990214,"",2021-10-16T17:38:35Z,2021-10-16T14:04:49.615540Z
India,2021-10-16,692186224,280142265,972328489,"",2021-10-16T17:38:35Z,2021-10-16T14:04:49.615540Z
Andaman and Nicobar Islands,2021-10-18,292518,177510,470028,"",2021-10-18T17:09:34Z,2021-10-18T13:32:52.832330Z
Andhra Pradesh,2021-10-18,30267153,17088928,47356081,"",2021-10-18T17:09:34Z,2021-10-18T13:32:52.832330Z
Arunachal Pradesh,2021-10-18,765958,490967,1256925,"",2021-10-18T17:09:34Z,2021-10-18T13:32:52.832330Z
Assam,2021-10-18,19748995,6660199,26409194,"",2021-10-18T17:09:34Z,2021-10-18T13:32:52.832330Z
Bihar,2021-10-18,47614825,14958448,62573273,"",2021-10-18T17:09:34Z,2021-10-18T13:32:52.832330Z
Chandigarh,2021-10-18,919338,509359,1428697,"",2021-10-18T17:09:34Z,2021-10-18T13:32:52.832330Z
Chhattisgarh,2021-10-18,13376689,6337595,19714284,"",2021-10-18T17:09:34Z,2021-10-18T13:32:52.832330Z
Delhi,2021-10-18,12773160,6922536,19695696,"",2021-10-18T17:09:34Z,2021-10-18T13:32:52.832330Z
Goa,2021-10-18,1248761,829539,2078300,"",2021-10-18T17:09:34Z,2021-10-18T13:32:52.832330Z
Gujarat,2021-10-18,44054809,23136617,67191426,"",2021-10-18T17:09:34Z,2021-10-18T13:32:52.832330Z
Haryana,2021-10-18,17439083,7370582,24809665,"",2021-10-18T17:09:34Z,2021-10-18T13:32:52.832330Z
Himachal Pradesh,2021-10-18,5691382,3079823,8771205,"",2021-10-18T17:09:34Z,2021-10-18T13:32:52.832330Z
Jammu and Kashmir,2021-10-18,9416944,4388713,13805657,"",2021-10-18T17:09:34Z,2021-10-18T13:32:52.832330Z
Jharkhand,2021-10-18,14440872,4800800,19241672,"",2021-10-18T17:09:34Z,2021-10-18T13:32:52.832330Z
Karnataka,2021-10-18,40886067,20282329,61168396,"",2021-10-18T17:09:34Z,2021-10-18T13:32:52.832330Z
Kerala,2021-10-18,25106518,12313685,37420203,"",2021-10-18T17:09:34Z,2021-10-18T13:32:52.832330Z
Ladakh,2021-10-18,207866,147645,355511,"",2021-10-18T17:09:34Z,2021-10-18T13:32:52.832330Z
Lakshadweep,2021-10-18,55040,44819,99859,"",2021-10-18T17:09:34Z,2021-10-18T13:32:52.832330Z
Madhya Pradesh,2021-10-18,49160156,17458414,66618570,"",2021-10-18T17:09:34Z,2021-10-18T13:32:52.832330Z
Maharashtra,2021-10-18,63598724,28436300,92035024,"",2021-10-18T17:09:34Z,2021-10-18T13:32:52.832330Z
Manipur,2021-10-18,1237528,604336,1841864,"",2021-10-18T17:09:34Z,2021-10-18T13:32:52.832330Z
Meghalaya,2021-10-18,1089238,564356,1653594,"",2021-10-18T17:09:34Z,2021-10-18T13:32:52.832330Z
Mizoram,2021-10-18,705617,491434,1197051,"",2021-10-18T17:09:34Z,2021-10-18T13:32:52.832330Z
Nagaland,2021-10-18,701132,444551,1145683,"",2021-10-18T17:09:34Z,2021-10-18T13:32:52.832330Z
Odisha,2021-10-18,24323146,10039438,34362584,"",2021-10-18T17:09:34Z,2021-10-18T13:32:52.832330Z
Puducherry,2021-10-18,721202,369306,1090508,"",2021-10-18T17:09:34Z,2021-10-18T13:32:52.832330Z
Punjab,2021-10-18,15507811,5798663,21306474,"",2021-10-18T17:09:34Z,2021-10-18T13:32:52.832330Z
Rajasthan,2021-10-18,42017386,18619571,60636957,"",2021-10-18T17:09:34Z,2021-10-18T13:32:52.832330Z
Sikkim,2021-10-18,520368,423166,943534,"",2021-10-18T17:09:34Z,2021-10-18T13:32:52.832330Z
Tamil Nadu,2021-10-18,39049663,14228112,53277775,"",2021-10-18T17:09:34Z,2021-10-18T13:32:52.832330Z
Telangana,2021-10-18,20663251,8098172,28761423,"",2021-10-18T17:09:34Z,2021-10-18T13:32:52.832330Z
Tripura,2021-10-18,2501951,1505542,4007493,"",2021-10-18T17:09:34Z,2021-10-18T13:32:52.832330Z
Uttar Pradesh,2021-10-18,93145518,26737842,119883360,"",2021-10-18T17:09:34Z,2021-10-18T13:32:52.832330Z
Uttarakhand,2021-10-18,7435698,3491305,10927003,"",2021-10-18T17:09:34Z,2021-10-18T13:32:52.832330Z
West Bengal,2021-10-18,49014398,18495272,67509670,"",2021-10-18T17:09:34Z,2021-10-18T13:32:52.832330Z
Dadra and Nagar Haveli and Daman and Diu,2021-10-18,655478,339886,995364,"",2021-10-18T17:09:34Z,2021-10-18T13:32:52.832330Z
India,2021-10-18,696354243,285685760,982040003,"",2021-10-18T17:09:34Z,2021-10-18T13:32:52.832330Z
Andaman and Nicobar Islands,2021-10-19,292660,179817,472477,"",2021-10-19T17:34:25Z,2021-10-19T13:35:01.276803Z
Andhra Pradesh,2021-10-19,30407306,17286465,47693771,"",2021-10-19T17:34:25Z,2021-10-19T13:35:01.276803Z
Arunachal Pradesh,2021-10-19,766385,494356,1260741,"",2021-10-19T17:34:25Z,2021-10-19T13:35:01.276803Z
Assam,2021-10-19,19775449,6764725,26540174,"",2021-10-19T17:34:25Z,2021-10-19T13:35:01.276803Z
Bihar,2021-10-19,47775349,15239134,63014483,"",2021-10-19T17:34:25Z,2021-10-19T13:35:01.276803Z
Chandigarh,2021-10-19,920048,512834,1432882,"",2021-10-19T17:34:25Z,2021-10-19T13:35:01.276803Z
Chhattisgarh,2021-10-19,13409086,6396187,19805273,"",2021-10-19T17:34:25Z,2021-10-19T13:35:01.276803Z
Delhi,2021-10-19,12797859,6972588,19770447,"",2021-10-19T17:34:25Z,2021-10-19T13:35:01.276803Z
Goa,2021-10-19,1249641,835045,2084686,"",2021-10-19T17:34:25Z,2021-10-19T13:35:01.276803Z
Gujarat,2021-10-19,44095670,23256071,67351741,"",2021-10-19T17:34:25Z,2021-10-19T13:35:01.276803Z
Haryana,2021-10-19,17476082,7431076,24907158,"",2021-10-19T17:34:25Z,2021-10-19T13:35:01.276803Z
Himachal Pradesh,2021-10-19,5693484,3109865,8803349,"",2021-10-19T17:34:25Z,2021-10-19T13:35:01.276803Z
Jammu and Kashmir,2021-10-19,9433325,4445851,13879176,"",2021-10-19T17:34:25Z,2021-10-19T13:35:01.276803Z
Jharkhand,2021-10-19,14484112,4863726,19347838,"",2021-10-19T17:34:25Z,2021-10-19T13:35:01.276803Z
Karnataka,2021-10-19,40946397,20386010,61332407,"",2021-10-19T17:34:25Z,2021-10-19T13:35:01.276803Z
Kerala,2021-10-19,25115686,12363835,37479521,"",2021-10-19T17:34:25Z,2021-10-19T13:35:01.276803Z
Ladakh,2021-10-19,207873,147661,355534,"",2021-10-19T17:34:25Z,2021-10-19T13:35:01.276803Z
Lakshadweep,2021-10-19,55040,44828,99868,"",2021-10-19T17:34:25Z,2021-10-19T13:35:01.276803Z
Madhya Pradesh,2021-10-19,49176908,17604122,66781030,"",2021-10-19T17:34:25Z,2021-10-19T13:35:01.276803Z
Maharashtra,2021-10-19,63740991,28577281,92318272,"",2021-10-19T17:34:25Z,2021-10-19T13:35:01.276803Z
Manipur,2021-10-19,1238075,610346,1848421,"",2021-10-19T17:34:25Z,2021-10-19T13:35:01.276803Z
Meghalaya,2021-10-19,1090526,571555,1662081,"",2021-10-19T17:34:25Z,2021-10-19T13:35:01.276803Z
Mizoram,2021-10-19,705793,491775,1197568,"",2021-10-19T17:34:25Z,2021-10-19T13:35:01.276803Z
Nagaland,2021-10-19,701817,448278,1150095,"",2021-10-19T17:34:25Z,2021-10-19T13:35:01.276803Z
Odisha,2021-10-19,24486378,10155707,34642085,"",2021-10-19T17:34:25Z,2021-10-19T13:35:01.276803Z
Puducherry,2021-10-19,721695,371185,1092880,"",2021-10-19T17:34:25Z,2021-10-19T13:35:01.276803Z
Punjab,2021-10-19,15573209,5852281,21425490,"",2021-10-19T17:34:25Z,2021-10-19T13:35:01.276803Z
Rajasthan,2021-10-19,42059930,18712523,60772453,"",2021-10-19T17:34:25Z,2021-10-19T13:35:01.276803Z
Sikkim,2021-10-19,520440,425277,945717,"",2021-10-19T17:34:25Z,2021-10-19T13:35:01.276803Z
Tamil Nadu,2021-10-19,39117662,14353119,53470781,"",2021-10-19T17:34:25Z,2021-10-19T13:35:01.276803Z
Telangana,2021-10-19,20817986,8216939,29034925,"",2021-10-19T17:34:25Z,2021-10-19T13:35:01.276803Z
Tripura,2021-10-19,2502028,1507451,4009479,"",2021-10-19T17:34:25Z,2021-10-19T13:35:01.276803Z
Uttar Pradesh,2021-10-19,93565122,27256671,120821793,"",2021-10-19T17:34:25Z,2021-10-19T13:35:01.276803Z
Uttarakhand,2021-10-19,7438320,3510821,10949141,"",2021-10-19T17:34:25Z,2021-10-19T13:35:01.276803Z
West Bengal,2021-10-19,49533213,18656747,68189960,"",2021-10-19T17:34:25Z,2021-10-19T13:35:01.276803Z
Dadra and Nagar Haveli and Daman and Diu,2021-10-19,655665,342098,997763,"",2021-10-19T17:34:25Z,2021-10-19T13:35:01.276803Z
India,2021-10-19,698547210,288394250,986941460,"",2021-10-19T17:34:25Z,2021-10-19T13:35:01.276803Z
Andaman and Nicobar Islands,2021-10-20,292668,180074,472742,"",2021-10-20T23:00:00Z,2021-10-20T14:22:48.758488Z
Andhra Pradesh,2021-10-20,30558435,17503984,48062419,"",2021-10-20T23:00:00Z,2021-10-20T14:22:48.758488Z
Arunachal Pradesh,2021-10-20,766825,498045,1264870,"",2021-10-20T23:00:00Z,2021-10-20T14:22:48.758488Z
Assam,2021-10-20,19790011,6813176,26603187,"",2021-10-20T23:00:00Z,2021-10-20T14:22:48.758488Z
Bihar,2021-10-20,47884029,15421433,63305462,"",2021-10-20T23:00:00Z,2021-10-20T14:22:48.758488Z
Chandigarh,2021-10-20,920442,515071,1435513,"",2021-10-20T23:00:00Z,2021-10-20T14:22:48.758488Z
Chhattisgarh,2021-10-20,13457565,6473081,19930646,"",2021-10-20T23:00:00Z,2021-10-20T14:22:48.758488Z
Delhi,2021-10-20,12819591,7014172,19833763,"",2021-10-20T23:00:00Z,2021-10-20T14:22:48.758488Z
Goa,2021-10-20,1250493,840643,2091136,"",2021-10-20T23:00:00Z,2021-10-20T14:22:48.758488Z
Gujarat,2021-10-20,44159224,23488677,67647901,"",2021-10-20T23:00:00Z,2021-10-20T14:22:48.758488Z
Haryana,2021-10-20,17494403,7474617,24969020,"",2021-10-20T23:00:00Z,2021-10-20T14:22:48.758488Z
Himachal Pradesh,2021-10-20,5694246,3120668,8814914,"",2021-10-20T23:00:00Z,2021-10-20T14:22:48.758488Z
Jammu and Kashmir,2021-10-20,9447427,4509997,13957424,"",2021-10-20T23:00:00Z,2021-10-20T14:22:48.758488Z
Jharkhand,2021-10-20,14528546,4924424,19452970,"",2021-10-20T23:00:00Z,2021-10-20T14:22:48.758488Z
Karnataka,2021-10-20,41020451,20520877,61541328,"",2021-10-20T23:00:00Z,2021-10-20T14:22:48.758488Z
Kerala,2021-10-20,25130725,12436571,37567296,"",2021-10-20T23:00:00Z,2021-10-20T14:22:48.758488Z
Ladakh,2021-10-20,208021,148131,356152,"",2021-10-20T23:00:00Z,2021-10-20T14:22:48.758488Z
Lakshadweep,2021-10-20,55040,44871,99911,"",2021-10-20T23:00:00Z,2021-10-20T14:22:48.758488Z
Madhya Pradesh,2021-10-20,49194170,17714530,66908700,"",2021-10-20T23:00:00Z,2021-10-20T14:22:48.758488Z
Maharashtra,2021-10-20,64010125,28798343,92808468,"",2021-10-20T23:00:00Z,2021-10-20T14:22:48.758488Z
Manipur,2021-10-20,1238671,615986,1854657,"",2021-10-20T23:00:00Z,2021-10-20T14:22:48.758488Z
Meghalaya,2021-10-20,1091575,577519,1669094,"",2021-10-20T23:00:00Z,2021-10-20T14:22:48.758488Z
Mizoram,2021-10-20,706010,494578,1200588,"",2021-10-20T23:00:00Z,2021-10-20T14:22:48.758488Z
Nagaland,2021-10-20,702856,454423,1157279,"",2021-10-20T23:00:00Z,2021-10-20T14:22:48.758488Z
Odisha,2021-10-20,24599931,10244274,34844205,"",2021-10-20T23:00:00Z,2021-10-20T14:22:48.758488Z
Puducherry,2021-10-20,722731,374688,1097419,"",2021-10-20T23:00:00Z,2021-10-20T14:22:48.758488Z
Punjab,2021-10-20,15592567,5865073,21457640,"",2021-10-20T23:00:00Z,2021-10-20T14:22:48.758488Z
Rajasthan,2021-10-20,42120511,18865168,60985679,"",2021-10-20T23:00:00Z,2021-10-20T14:22:48.758488Z
Sikkim,2021-10-20,520553,428628,949181,"",2021-10-20T23:00:00Z,2021-10-20T14:22:48.758488Z
Tamil Nadu,2021-10-20,39171327,14462593,53633920,"",2021-10-20T23:00:00Z,2021-10-20T14:22:48.758488Z
Telangana,2021-10-20,20935777,8307994,29243771,"",2021-10-20T23:00:00Z,2021-10-20T14:22:48.758488Z
Tripura,2021-10-20,2502032,1507970,4010002,"",2021-10-20T23:00:00Z,2021-10-20T14:22:48.758488Z
Uttar Pradesh,2021-10-20,94059996,27791223,121851219,"",2021-10-20T23:00:00Z,2021-10-20T14:22:48.758488Z
Uttarakhand,2021-10-20,7440637,3529748,10970385,"",2021-10-20T23:00:00Z,2021-10-20T14:22:48.758488Z
West Bengal,2021-10-20,49747540,18735495,68483035,"",2021-10-20T23:00:00Z,2021-10-20T14:22:48.758488Z
Dadra and Nagar Haveli and Daman and Diu,2021-10-20,656198,345345,1001543,"",2021-10-20T23:00:00Z,2021-10-20T14:22:48.758488Z
India,2021-10-20,700491349,291042090,991533439,"",2021-10-20T23:00:00Z,2021-10-20T14:22:48.758488Z
Andaman and Nicobar Islands,2021-10-21,292798,183712,476510,"",2021-10-21T23:30:00Z,2021-10-21T14:23:20.860579Z
Andhra Pradesh,2021-10-21,31239218,17754916,48994134,"",2021-10-21T23:30:00Z,2021-10-21T14:23:20.860579Z
Arunachal Pradesh,2021-10-21,767344,502547,1269891,"",2021-10-21T23:30:00Z,2021-10-21T14:23:20.860579Z
Assam,2021-10-21,19818471,6937205,26755676,"",2021-10-21T23:30:00Z,2021-10-21T14:23:20.860579Z
Bihar,2021-10-21,48224986,15664989,63889975,"",2021-10-21T23:30:00Z,2021-10-21T14:23:20.860579Z
Chandigarh,2021-10-21,921057,518377,1439434,"",2021-10-21T23:30:00Z,2021-10-21T14:23:20.860579Z
Chhattisgarh,2021-10-21,14369901,6572837,20942738,"",2021-10-21T23:30:00Z,2021-10-21T14:23:20.860579Z
Delhi,2021-10-21,12845147,7063549,19908696,"",2021-10-21T23:30:00Z,2021-10-21T14:23:20.860579Z
Goa,2021-10-21,1251297,845689,2096986,"",2021-10-21T23:30:00Z,2021-10-21T14:23:20.860579Z
Gujarat,2021-10-21,44233269,23777204,68010473,"",2021-10-21T23:30:00Z,2021-10-21T14:23:20.860579Z
Haryana,2021-10-21,17541123,7586411,25127534,"",2021-10-21T23:30:00Z,2021-10-21T14:23:20.860579Z
Himachal Pradesh,2021-10-21,5696385,3150141,8846526,"",2021-10-21T23:30:00Z,2021-10-21T14:23:20.860579Z
Jammu and Kashmir,2021-10-21,9461071,4580067,14041138,"",2021-10-21T23:30:00Z,2021-10-21T14:23:20.860579Z
Jharkhand,2021-10-21,14569975,4982771,19552746,"",2021-10-21T23:30:00Z,2021-10-21T14:23:20.860579Z
Karnataka,2021-10-21,41513767,20647088,62160855,"",2021-10-21T23:30:00Z,2021-10-21T14:23:20.860579Z
Kerala,2021-10-21,25153189,12564060,37717249,"",2021-10-21T23:30:00Z,2021-10-21T14:23:20.860579Z
Ladakh,2021-10-21,208113,148409,356522,"",2021-10-21T23:30:00Z,2021-10-21T14:23:20.860579Z
Lakshadweep,2021-10-21,55048,44926,99974,"",2021-10-21T23:30:00Z,2021-10-21T14:23:20.860579Z
Madhya Pradesh,2021-10-21,49695232,18125802,67821034,"",2021-10-21T23:30:00Z,2021-10-21T14:23:20.860579Z
Maharashtra,2021-10-21,64913396,29065236,93978632,"",2021-10-21T23:30:00Z,2021-10-21T14:23:20.860579Z
Manipur,2021-10-21,1239476,624631,1864107,"",2021-10-21T23:30:00Z,2021-10-21T14:23:20.860579Z
Meghalaya,2021-10-21,1093086,585863,1678949,"",2021-10-21T23:30:00Z,2021-10-21T14:23:20.860579Z
Mizoram,2021-10-21,706621,497260,1203881,"",2021-10-21T23:30:00Z,2021-10-21T14:23:20.860579Z
Nagaland,2021-10-21,703548,458957,1162505,"",2021-10-21T23:30:00Z,2021-10-21T14:23:20.860579Z
Odisha,2021-10-21,24742888,10365120,35108008,"",2021-10-21T23:30:00Z,2021-10-21T14:23:20.860579Z
Puducherry,2021-10-21,723579,377526,1101105,"",2021-10-21T23:30:00Z,2021-10-21T14:23:20.860579Z
Punjab,2021-10-21,15649014,5923032,21572046,"",2021-10-21T23:30:00Z,2021-10-21T14:23:20.860579Z
Rajasthan,2021-10-21,42170694,18981311,61152005,"",2021-10-21T23:30:00Z,2021-10-21T14:23:20.860579Z
Sikkim,2021-10-21,520700,432311,953011,"",2021-10-21T23:30:00Z,2021-10-21T14:23:20.860579Z
Tamil Nadu,2021-10-21,39725462,14602812,54328274,"",2021-10-21T23:30:00Z,2021-10-21T14:23:20.860579Z
Telangana,2021-10-21,21096599,8463199,29559798,"",2021-10-21T23:30:00Z,2021-10-21T14:23:20.860579Z
Tripura,2021-10-21,2502773,1518579,4021352,"",2021-10-21T23:30:00Z,2021-10-21T14:23:20.860579Z
Uttar Pradesh,2021-10-21,94833652,28365077,123198729,"",2021-10-21T23:30:00Z,2021-10-21T14:23:20.860579Z
Uttarakhand,2021-10-21,7444627,3562098,11006725,"",2021-10-21T23:30:00Z,2021-10-21T14:23:20.860579Z
West Bengal,2021-10-21,50424684,18992749,69417433,"",2021-10-21T23:30:00Z,2021-10-21T14:23:20.860579Z
Dadra and Nagar Haveli and Daman and Diu,2021-10-21,656730,348777,1005507,"",2021-10-21T23:30:00Z,2021-10-21T14:23:20.860579Z
India,2021-10-21,707004920,294815238,1001820158,"",2021-10-21T23:30:00Z,2021-10-21T14:23:20.860579Z
Andaman and Nicobar Islands,2021-10-22,292971,186360,479331,"",2021-10-22T23:30:00Z,2021-10-22T14:23:20.275808Z
Andhra Pradesh,2021-10-22,31428803,18013456,49442259,"",2021-10-22T23:30:00Z,2021-10-22T14:23:20.275808Z
Arunachal Pradesh,2021-10-22,767984,507172,1275156,"",2021-10-22T23:30:00Z,2021-10-22T14:23:20.275808Z
Assam,2021-10-22,19852197,7070505,26922702,"",2021-10-22T23:30:00Z,2021-10-22T14:23:20.275808Z
Bihar,2021-10-22,48379711,15897452,64277163,"",2021-10-22T23:30:00Z,2021-10-22T14:23:20.275808Z
Chandigarh,2021-10-22,921706,521513,1443219,"",2021-10-22T23:30:00Z,2021-10-22T14:23:20.275808Z
Chhattisgarh,2021-10-22,14412473,6641481,21053954,"",2021-10-22T23:30:00Z,2021-10-22T14:23:20.275808Z
Delhi,2021-10-22,12867930,7104798,19972728,"",2021-10-22T23:30:00Z,2021-10-22T14:23:20.275808Z
Goa,2021-10-22,1252221,851615,2103836,"",2021-10-22T23:30:00Z,2021-10-22T14:23:20.275808Z
Gujarat,2021-10-22,44304567,24026769,68331336,"",2021-10-22T23:30:00Z,2021-10-22T14:23:20.275808Z
Haryana,2021-10-22,17579555,7675192,25254747,"",2021-10-22T23:30:00Z,2021-10-22T14:23:20.275808Z
Himachal Pradesh,2021-10-22,5698536,3179941,8878477,"",2021-10-22T23:30:00Z,2021-10-22T14:23:20.275808Z
Jammu and Kashmir,2021-10-22,9468491,4639530,14108021,"",2021-10-22T23:30:00Z,2021-10-22T14:23:20.275808Z
Jharkhand,2021-10-22,14612032,5044103,19656135,"",2021-10-22T23:30:00Z,2021-10-22T14:23:20.275808Z
Karnataka,2021-10-22,41756929,21230861,62987790,"",2021-10-22T23:30:00Z,2021-10-22T14:23:20.275808Z
Kerala,2021-10-22,25175673,12709299,37884972,"",2021-10-22T23:30:00Z,2021-10-22T14:23:20.275808Z
Ladakh,2021-10-22,208209,149351,357560,"",2021-10-22T23:30:00Z,2021-10-22T14:23:20.275808Z
Lakshadweep,2021-10-22,55048,45022,100070,"",2021-10-22T23:30:00Z,2021-10-22T14:23:20.275808Z
Madhya Pradesh,2021-10-22,49721057,18373106,68094163,"",2021-10-22T23:30:00Z,2021-10-22T14:23:20.275808Z
Maharashtra,2021-10-22,65217696,29345204,94562900,"",2021-10-22T23:30:00Z,2021-10-22T14:23:20.275808Z
Manipur,2021-10-22,1240395,635789,1876184,"",2021-10-22T23:30:00Z,2021-10-22T14:23:20.275808Z
Meghalaya,2021-10-22,1094412,593702,1688114,"",2021-10-22T23:30:00Z,2021-10-22T14:23:20.275808Z
Mizoram,2021-10-22,707172,500452,1207624,"",2021-10-22T23:30:00Z,2021-10-22T14:23:20.275808Z
Nagaland,2021-10-22,704358,464336,1168694,"",2021-10-22T23:30:00Z,2021-10-22T14:23:20.275808Z
Odisha,2021-10-22,24874342,10487489,35361831,"",2021-10-22T23:30:00Z,2021-10-22T14:23:20.275808Z
Puducherry,2021-10-22,724354,380217,1104571,"",2021-10-22T23:30:00Z,2021-10-22T14:23:20.275808Z
Punjab,2021-10-22,15686384,5961082,21647466,"",2021-10-22T23:30:00Z,2021-10-22T14:23:20.275808Z
Rajasthan,2021-10-22,42225554,19115626,61341180,"",2021-10-22T23:30:00Z,2021-10-22T14:23:20.275808Z
Sikkim,2021-10-22,520901,436481,957382,"",2021-10-22T23:30:00Z,2021-10-22T14:23:20.275808Z
Tamil Nadu,2021-10-22,39773592,14717517,54491109,"",2021-10-22T23:30:00Z,2021-10-22T14:23:20.275808Z
Telangana,2021-10-22,21251681,8619928,29871609,"",2021-10-22T23:30:00Z,2021-10-22T14:23:20.275808Z
Tripura,2021-10-22,2503528,1531590,4035118,"",2021-10-22T23:30:00Z,2021-10-22T14:23:20.275808Z
Uttar Pradesh,2021-10-22,95408485,28979915,124388400,"",2021-10-22T23:30:00Z,2021-10-22T14:23:20.275808Z
Uttarakhand,2021-10-22,7448739,3598219,11046958,"",2021-10-22T23:30:00Z,2021-10-22T14:23:20.275808Z
West Bengal,2021-10-22,51217510,19309738,70527248,"",2021-10-22T23:30:00Z,2021-10-22T14:23:20.275808Z
Dadra and Nagar Haveli and Daman and Diu,2021-10-22,657196,352142,1009338,"",2021-10-22T23:30:00Z,2021-10-22T14:23:20.275808Z
India,2021-10-22,710012392,298896953,1008909345,"",2021-10-22T23:30:00Z,2021-10-22T14:23:20.275808Z
Andaman and Nicobar Islands,2021-10-23,293094,189123,482217,"",2021-10-23T23:30:00Z,2021-10-23T14:23:29.584093Z
Andhra Pradesh,2021-10-23,31608909,18271069,49879978,"",2021-10-23T23:30:00Z,2021-10-23T14:23:29.584093Z
Arunachal Pradesh,2021-10-23,768461,510252,1278713,"",2021-10-23T23:30:00Z,2021-10-23T14:23:29.584093Z
Assam,2021-10-23,19882959,7184364,27067323,"",2021-10-23T23:30:00Z,2021-10-23T14:23:29.584093Z
Bihar,2021-10-23,48520401,16112767,64633168,"",2021-10-23T23:30:00Z,2021-10-23T14:23:29.584093Z
Chandigarh,2021-10-23,922278,524853,1447131,"",2021-10-23T23:30:00Z,2021-10-23T14:23:29.584093Z
Chhattisgarh,2021-10-23,14457269,6709662,21166931,"",2021-10-23T23:30:00Z,2021-10-23T14:23:29.584093Z
Delhi,2021-10-23,12893300,7153396,20046696,"",2021-10-23T23:30:00Z,2021-10-23T14:23:29.584093Z
Goa,2021-10-23,1253496,859536,2113032,"",2021-10-23T23:30:00Z,2021-10-23T14:23:29.584093Z
Gujarat,2021-10-23,44376479,24252819,68629298,"",2021-10-23T23:30:00Z,2021-10-23T14:23:29.584093Z
Haryana,2021-10-23,17607797,7738584,25346381,"",2021-10-23T23:30:00Z,2021-10-23T14:23:29.584093Z
Himachal Pradesh,2021-10-23,5700382,3208482,8908864,"",2021-10-23T23:30:00Z,2021-10-23T14:23:29.584093Z
Jammu and Kashmir,2021-10-23,9473572,4692532,14166104,"",2021-10-23T23:30:00Z,2021-10-23T14:23:29.584093Z
Jharkhand,2021-10-23,14651622,5098384,19750006,"",2021-10-23T23:30:00Z,2021-10-23T14:23:29.584093Z
Karnataka,2021-10-23,41847421,21444114,63291535,"",2021-10-23T23:30:00Z,2021-10-23T14:23:29.584093Z
Kerala,2021-10-23,25194741,12849776,38044517,"",2021-10-23T23:30:00Z,2021-10-23T14:23:29.584093Z
Ladakh,2021-10-23,208273,150667,358940,"",2021-10-23T23:30:00Z,2021-10-23T14:23:29.584093Z
Lakshadweep,2021-10-23,55060,45145,100205,"",2021-10-23T23:30:00Z,2021-10-23T14:23:29.584093Z
Madhya Pradesh,2021-10-23,49759488,18762073,68521561,"",2021-10-23T23:30:00Z,2021-10-23T14:23:29.584093Z
Maharashtra,2021-10-23,65502567,29639064,95141631,"",2021-10-23T23:30:00Z,2021-10-23T14:23:29.584093Z
Manipur,2021-10-23,1241394,645820,1887214,"",2021-10-23T23:30:00Z,2021-10-23T14:23:29.584093Z
Meghalaya,2021-10-23,1095292,599528,1694820,"",2021-10-23T23:30:00Z,2021-10-23T14:23:29.584093Z
Mizoram,2021-10-23,707280,500636,1207916,"",2021-10-23T23:30:00Z,2021-10-23T14:23:29.584093Z
Nagaland,2021-10-23,704661,465902,1170563,"",2021-10-23T23:30:00Z,2021-10-23T14:23:29.584093Z
Odisha,2021-10-23,24980014,10618799,35598813,"",2021-10-23T23:30:00Z,2021-10-23T14:23:29.584093Z
Puducherry,2021-10-23,725316,383455,1108771,"",2021-10-23T23:30:00Z,2021-10-23T14:23:29.584093Z
Punjab,2021-10-23,15734448,6009320,21743768,"",2021-10-23T23:30:00Z,2021-10-23T14:23:29.584093Z
Rajasthan,2021-10-23,42263668,19207133,61470801,"",2021-10-23T23:30:00Z,2021-10-23T14:23:29.584093Z
Sikkim,2021-10-23,520981,437464,958445,"",2021-10-23T23:30:00Z,2021-10-23T14:23:29.584093Z
Tamil Nadu,2021-10-23,40352531,15845347,56197878,"",2021-10-23T23:30:00Z,2021-10-23T14:23:29.584093Z
Telangana,2021-10-23,21395771,8781291,30177062,"",2021-10-23T23:30:00Z,2021-10-23T14:23:29.584093Z
Tripura,2021-10-23,2504191,1544307,4048498,"",2021-10-23T23:30:00Z,2021-10-23T14:23:29.584093Z
Uttar Pradesh,2021-10-23,95856114,29509147,125365261,"",2021-10-23T23:30:00Z,2021-10-23T14:23:29.584093Z
Uttarakhand,2021-10-23,7452024,3630731,11082755,"",2021-10-23T23:30:00Z,2021-10-23T14:23:29.584093Z
West Bengal,2021-10-23,52150403,19626759,71777162,"",2021-10-23T23:30:00Z,2021-10-23T14:23:29.584093Z
Dadra and Nagar Haveli and Daman and Diu,2021-10-23,657901,355814,1013715,"",2021-10-23T23:30:00Z,2021-10-23T14:23:29.584093Z
India,2021-10-23,713319558,303558115,1016877673,"",2021-10-23T23:30:00Z,2021-10-23T14:23:29.584093Z
Andaman and Nicobar Islands,2021-10-24,293117,189455,482572,"",2021-10-24T23:30:00Z,2021-10-24T14:23:59.750632Z
Andhra Pradesh,2021-10-24,31745337,18478911,50224248,"",2021-10-24T23:30:00Z,2021-10-24T14:23:59.750632Z
Arunachal Pradesh,2021-10-24,768563,510839,1279402,"",2021-10-24T23:30:00Z,2021-10-24T14:23:59.750632Z
Assam,2021-10-24,19895908,7217864,27113772,"",2021-10-24T23:30:00Z,2021-10-24T14:23:59.750632Z
Bihar,2021-10-24,48584137,16198086,64782223,"",2021-10-24T23:30:00Z,2021-10-24T14:23:59.750632Z
Chandigarh,2021-10-24,922344,525282,1447626,"",2021-10-24T23:30:00Z,2021-10-24T14:23:59.750632Z
Chhattisgarh,2021-10-24,14471433,6737187,21208620,"",2021-10-24T23:30:00Z,2021-10-24T14:23:59.750632Z
Delhi,2021-10-24,12895313,7156258,20051571,"",2021-10-24T23:30:00Z,2021-10-24T14:23:59.750632Z
Goa,2021-10-24,1254150,864619,2118769,"",2021-10-24T23:30:00Z,2021-10-24T14:23:59.750632Z
Gujarat,2021-10-24,44399587,24311003,68710590,"",2021-10-24T23:30:00Z,2021-10-24T14:23:59.750632Z
Haryana,2021-10-24,17611391,7747098,25358489,"",2021-10-24T23:30:00Z,2021-10-24T14:23:59.750632Z
Himachal Pradesh,2021-10-24,5700444,3209791,8910235,"",2021-10-24T23:30:00Z,2021-10-24T14:23:59.750632Z
Jammu and Kashmir,2021-10-24,9476615,4729659,14206274,"",2021-10-24T23:30:00Z,2021-10-24T14:23:59.750632Z
Jharkhand,2021-10-24,14683932,5153800,19837732,"",2021-10-24T23:30:00Z,2021-10-24T14:23:59.750632Z
Karnataka,2021-10-24,41871662,21483284,63354946,"",2021-10-24T23:30:00Z,2021-10-24T14:23:59.750632Z
Kerala,2021-10-24,25196683,12865776,38062459,"",2021-10-24T23:30:00Z,2021-10-24T14:23:59.750632Z
Ladakh,2021-10-24,208273,150746,359019,"",2021-10-24T23:30:00Z,2021-10-24T14:23:59.750632Z
Lakshadweep,2021-10-24,55060,45155,100215,"",2021-10-24T23:30:00Z,2021-10-24T14:23:59.750632Z
Madhya Pradesh,2021-10-24,49762994,18802163,68565157,"",2021-10-24T23:30:00Z,2021-10-24T14:23:59.750632Z
Maharashtra,2021-10-24,65577416,29690213,95267629,"",2021-10-24T23:30:00Z,2021-10-24T14:23:59.750632Z
Manipur,2021-10-24,1241752,648009,1889761,"",2021-10-24T23:30:00Z,2021-10-24T14:23:59.750632Z
Meghalaya,2021-10-24,1095389,599876,1695265,"",2021-10-24T23:30:00Z,2021-10-24T14:23:59.750632Z
Mizoram,2021-10-24,707295,500766,1208061,"",2021-10-24T23:30:00Z,2021-10-24T14:23:59.750632Z
Nagaland,2021-10-24,704835,466870,1171705,"",2021-10-24T23:30:00Z,2021-10-24T14:23:59.750632Z
Odisha,2021-10-24,25003770,10642836,35646606,"",2021-10-24T23:30:00Z,2021-10-24T14:23:59.750632Z
Puducherry,2021-10-24,725634,384306,1109940,"",2021-10-24T23:30:00Z,2021-10-24T14:23:59.750632Z
Punjab,2021-10-24,15742117,6015346,21757463,"",2021-10-24T23:30:00Z,2021-10-24T14:23:59.750632Z
Rajasthan,2021-10-24,42272779,19231539,61504318,"",2021-10-24T23:30:00Z,2021-10-24T14:23:59.750632Z
Sikkim,2021-10-24,520981,437465,958446,"",2021-10-24T23:30:00Z,2021-10-24T14:23:59.750632Z
Tamil Nadu,2021-10-24,40482866,16032321,56515187,"",2021-10-24T23:30:00Z,2021-10-24T14:23:59.750632Z
Telangana,2021-10-24,21423753,8809673,30233426,"",2021-10-24T23:30:00Z,2021-10-24T14:23:59.750632Z
Tripura,2021-10-24,2504322,1546644,4050966,"",2021-10-24T23:30:00Z,2021-10-24T14:23:59.750632Z
Uttar Pradesh,2021-10-24,95908620,29548622,125457242,"",2021-10-24T23:30:00Z,2021-10-24T14:23:59.750632Z
Uttarakhand,2021-10-24,7452744,3639907,11092651,"",2021-10-24T23:30:00Z,2021-10-24T14:23:59.750632Z
West Bengal,2021-10-24,52375281,19685972,72061253,"",2021-10-24T23:30:00Z,2021-10-24T14:23:59.750632Z
Dadra and Nagar Haveli and Daman and Diu,2021-10-24,657951,356011,1013962,"",2021-10-24T23:30:00Z,2021-10-24T14:23:59.750632Z
India,2021-10-24,714194448,304613352,1018807800,"",2021-10-24T23:30:00Z,2021-10-24T14:23:59.750632Z
Andaman and Nicobar Islands,2021-10-25,293331,191758,485089,"",2021-10-26T00:30:00Z,2021-10-25T15:31:55.350593Z
Andhra Pradesh,2021-10-25,31942106,18805073,50747179,"",2021-10-26T00:30:00Z,2021-10-25T15:31:55.350593Z
Arunachal Pradesh,2021-10-25,769196,515675,1284871,"",2021-10-26T00:30:00Z,2021-10-25T15:31:55.350593Z
Assam,2021-10-25,19933804,7365658,27299462,"",2021-10-26T00:30:00Z,2021-10-25T15:31:55.350593Z
Bihar,2021-10-25,48666311,16328941,64995252,"",2021-10-26T00:30:00Z,2021-10-25T15:31:55.350593Z
Chandigarh,2021-10-25,923017,528950,1451967,"",2021-10-26T00:30:00Z,2021-10-25T15:31:55.350593Z
Chhattisgarh,2021-10-25,14543266,6851675,21394941,"",2021-10-26T00:30:00Z,2021-10-25T15:31:55.350593Z
Delhi,2021-10-25,12923044,7205414,20128458,"",2021-10-26T00:30:00Z,2021-10-25T15:31:55.350593Z
Goa,2021-10-25,1255244,871396,2126640,"",2021-10-26T00:30:00Z,2021-10-25T15:31:55.350593Z
Gujarat,2021-10-25,44454994,24537149,68992143,"",2021-10-26T00:30:00Z,2021-10-25T15:31:55.350593Z
Haryana,2021-10-25,17641503,7816467,25457970,"",2021-10-26T00:30:00Z,2021-10-25T15:31:55.350593Z
Himachal Pradesh,2021-10-25,5702324,3244170,8946494,"",2021-10-26T00:30:00Z,2021-10-25T15:31:55.350593Z
Jammu and Kashmir,2021-10-25,9482839,4785444,14268283,"",2021-10-26T00:30:00Z,2021-10-25T15:31:55.350593Z
Jharkhand,2021-10-25,14723557,5215902,19939459,"",2021-10-26T00:30:00Z,2021-10-25T15:31:55.350593Z
Karnataka,2021-10-25,41942790,21685722,63628512,"",2021-10-26T00:30:00Z,2021-10-25T15:31:55.350593Z
Kerala,2021-10-25,25215699,13007443,38223142,"",2021-10-26T00:30:00Z,2021-10-25T15:31:55.350593Z
Ladakh,2021-10-25,208410,151102,359512,"",2021-10-26T00:30:00Z,2021-10-25T15:31:55.350593Z
Lakshadweep,2021-10-25,55068,45317,100385,"",2021-10-26T00:30:00Z,2021-10-25T15:31:55.350593Z
Madhya Pradesh,2021-10-25,49788498,19156090,68944588,"",2021-10-26T00:30:00Z,2021-10-25T15:31:55.350593Z
Maharashtra,2021-10-25,65856460,29930368,95786828,"",2021-10-26T00:30:00Z,2021-10-25T15:31:55.350593Z
Manipur,2021-10-25,1243234,662144,1905378,"",2021-10-26T00:30:00Z,2021-10-25T15:31:55.350593Z
Meghalaya,2021-10-25,1096483,607110,1703593,"",2021-10-26T00:30:00Z,2021-10-25T15:31:55.350593Z
Mizoram,2021-10-25,708274,503383,1211657,"",2021-10-26T00:30:00Z,2021-10-25T15:31:55.350593Z
Nagaland,2021-10-25,705947,473028,1178975,"",2021-10-26T00:30:00Z,2021-10-25T15:31:55.350593Z
Odisha,2021-10-25,25131864,10780034,35911898,"",2021-10-26T00:30:00Z,2021-10-25T15:31:55.350593Z
Puducherry,2021-10-25,729009,390769,1119778,"",2021-10-26T00:30:00Z,2021-10-25T15:31:55.350593Z
Punjab,2021-10-25,15775421,6052064,21827485,"",2021-10-26T00:30:00Z,2021-10-25T15:31:55.350593Z
Rajasthan,2021-10-25,42307347,19338589,61645936,"",2021-10-26T00:30:00Z,2021-10-25T15:31:55.350593Z
Sikkim,2021-10-25,521145,441529,962674,"",2021-10-26T00:30:00Z,2021-10-25T15:31:55.350593Z
Tamil Nadu,2021-10-25,40552596,16150367,56702963,"",2021-10-26T00:30:00Z,2021-10-25T15:31:55.350593Z
Telangana,2021-10-25,21545126,8950912,30496038,"",2021-10-26T00:30:00Z,2021-10-25T15:31:55.350593Z
Tripura,2021-10-25,2505427,1564765,4070192,"",2021-10-26T00:30:00Z,2021-10-25T15:31:55.350593Z
Uttar Pradesh,2021-10-25,96466230,30185802,126652032,"",2021-10-26T00:30:00Z,2021-10-25T15:31:55.350593Z
Uttarakhand,2021-10-25,7457324,3680100,11137424,"",2021-10-26T00:30:00Z,2021-10-25T15:31:55.350593Z
West Bengal,2021-10-25,53013061,20038341,73051402,"",2021-10-26T00:30:00Z,2021-10-25T15:31:55.350593Z
Dadra and Nagar Haveli and Daman and Diu,2021-10-25,658665,359417,1018082,"",2021-10-26T00:30:00Z,2021-10-25T15:31:55.350593Z
India,2021-10-25,716738614,308418068,1025156682,"",2021-10-26T00:30:00Z,2021-10-25T15:31:55.350593Z
Andaman and Nicobar Islands,2021-10-26,293496,194005,487501,"",2021-10-26T23:30:00Z,2021-10-26T14:24:30.896805Z
Andhra Pradesh,2021-10-26,32178485,19125654,51304139,"",2021-10-26T23:30:00Z,2021-10-26T14:24:30.896805Z
Arunachal Pradesh,2021-10-26,769737,519753,1289490,"",2021-10-26T23:30:00Z,2021-10-26T14:24:30.896805Z
Assam,2021-10-26,19974915,7516697,27491612,"",2021-10-26T23:30:00Z,2021-10-26T14:24:30.896805Z
Bihar,2021-10-26,48734516,16433973,65168489,"",2021-10-26T23:30:00Z,2021-10-26T14:24:30.896805Z
Chandigarh,2021-10-26,923630,532581,1456211,"",2021-10-26T23:30:00Z,2021-10-26T14:24:30.896805Z
Chhattisgarh,2021-10-26,14591667,6938501,21530168,"",2021-10-26T23:30:00Z,2021-10-26T14:24:30.896805Z
Delhi,2021-10-26,12949328,7252819,20202147,"",2021-10-26T23:30:00Z,2021-10-26T14:24:30.896805Z
Goa,2021-10-26,1256323,877826,2134149,"",2021-10-26T23:30:00Z,2021-10-26T14:24:30.896805Z
Gujarat,2021-10-26,44517943,24823714,69341657,"",2021-10-26T23:30:00Z,2021-10-26T14:24:30.896805Z
Haryana,2021-10-26,17673611,7886291,25559902,"",2021-10-26T23:30:00Z,2021-10-26T14:24:30.896805Z
Himachal Pradesh,2021-10-26,5704582,3284229,8988811,"",2021-10-26T23:30:00Z,2021-10-26T14:24:30.896805Z
Jammu and Kashmir,2021-10-26,9488761,4842005,14330766,"",2021-10-26T23:30:00Z,2021-10-26T14:24:30.896805Z
Jharkhand,2021-10-26,14768924,5286916,20055840,"",2021-10-26T23:30:00Z,2021-10-26T14:24:30.896805Z
Karnataka,2021-10-26,42010128,21853215,63863343,"",2021-10-26T23:30:00Z,2021-10-26T14:24:30.896805Z
Kerala,2021-10-26,25237210,13190857,38428067,"",2021-10-26T23:30:00Z,2021-10-26T14:24:30.896805Z
Ladakh,2021-10-26,208526,151368,359894,"",2021-10-26T23:30:00Z,2021-10-26T14:24:30.896805Z
Lakshadweep,2021-10-26,55069,45425,100494,"",2021-10-26T23:30:00Z,2021-10-26T14:24:30.896805Z
Madhya Pradesh,2021-10-26,49802110,19310485,69112595,"",2021-10-26T23:30:00Z,2021-10-26T14:24:30.896805Z
Maharashtra,2021-10-26,66122838,30145491,96268329,"",2021-10-26T23:30:00Z,2021-10-26T14:24:30.896805Z
Manipur,2021-10-26,1244261,671713,1915974,"",2021-10-26T23:30:00Z,2021-10-26T14:24:30.896805Z
Meghalaya,2021-10-26,1097759,614672,1712431,"",2021-10-26T23:30:00Z,2021-10-26T14:24:30.896805Z
Mizoram,2021-10-26,709107,505614,1214721,"",2021-10-26T23:30:00Z,2021-10-26T14:24:30.896805Z
Nagaland,2021-10-26,706816,477245,1184061,"",2021-10-26T23:30:00Z,2021-10-26T14:24:30.896805Z
Odisha,2021-10-26,25258008,10924824,36182832,"",2021-10-26T23:30:00Z,2021-10-26T14:24:30.896805Z
Puducherry,2021-10-26,730675,395091,1125766,"",2021-10-26T23:30:00Z,2021-10-26T14:24:30.896805Z
Punjab,2021-10-26,15824881,6105095,21929976,"",2021-10-26T23:30:00Z,2021-10-26T14:24:30.896805Z
Rajasthan,2021-10-26,42353149,19457787,61810936,"",2021-10-26T23:30:00Z,2021-10-26T14:24:30.896805Z
Sikkim,2021-10-26,521287,444281,965568,"",2021-10-26T23:30:00Z,2021-10-26T14:24:30.896805Z
Tamil Nadu,2021-10-26,40647316,16322644,56969960,"",2021-10-26T23:30:00Z,2021-10-26T14:24:30.896805Z
Telangana,2021-10-26,21680513,9098877,30779390,"",2021-10-26T23:30:00Z,2021-10-26T14:24:30.896805Z
Tripura,2021-10-26,2506369,1582166,4088535,"",2021-10-26T23:30:00Z,2021-10-26T14:24:30.896805Z
Uttar Pradesh,2021-10-26,96882224,30819217,127701441,"",2021-10-26T23:30:00Z,2021-10-26T14:24:30.896805Z
Uttarakhand,2021-10-26,7461639,3722225,11183864,"",2021-10-26T23:30:00Z,2021-10-26T14:24:30.896805Z
West Bengal,2021-10-26,53646512,20357957,74004469,"",2021-10-26T23:30:00Z,2021-10-26T14:24:30.896805Z
Dadra and Nagar Haveli and Daman and Diu,2021-10-26,659284,362720,1022004,"",2021-10-26T23:30:00Z,2021-10-26T14:24:30.896805Z
India,2021-10-26,719191599,312073933,1031265532,"",2021-10-26T23:30:00Z,2021-10-26T14:24:30.896805Z
Andaman and Nicobar Islands,2021-10-27,293635,195655,489290,"",2021-10-27T23:30:00Z,2021-10-27T14:25:12.184010Z
Andhra Pradesh,2021-10-27,32388955,19427996,51816951,"",2021-10-27T23:30:00Z,2021-10-27T14:25:12.184010Z
Arunachal Pradesh,2021-10-27,770261,523679,1293940,"",2021-10-27T23:30:00Z,2021-10-27T14:25:12.184010Z
Assam,2021-10-27,20008558,7613653,27622211,"",2021-10-27T23:30:00Z,2021-10-27T14:25:12.184010Z
Bihar,2021-10-27,48781854,16516836,65298690,"",2021-10-27T23:30:00Z,2021-10-27T14:25:12.184010Z
Chandigarh,2021-10-27,924245,535852,1460097,"",2021-10-27T23:30:00Z,2021-10-27T14:25:12.184010Z
Chhattisgarh,2021-10-27,14651712,7034173,21685885,"",2021-10-27T23:30:00Z,2021-10-27T14:25:12.184010Z
Delhi,2021-10-27,12971637,7291789,20263426,"",2021-10-27T23:30:00Z,2021-10-27T14:25:12.184010Z
Goa,2021-10-27,1257221,882826,2140047,"",2021-10-27T23:30:00Z,2021-10-27T14:25:12.184010Z
Gujarat,2021-10-27,44563836,25023836,69587672,"",2021-10-27T23:30:00Z,2021-10-27T14:25:12.184010Z
Haryana,2021-10-27,17696721,7940445,25637166,"",2021-10-27T23:30:00Z,2021-10-27T14:25:12.184010Z
Himachal Pradesh,2021-10-27,5706780,3322281,9029061,"",2021-10-27T23:30:00Z,2021-10-27T14:25:12.184010Z
Jammu and Kashmir,2021-10-27,9494454,4899847,14394301,"",2021-10-27T23:30:00Z,2021-10-27T14:25:12.184010Z
Jharkhand,2021-10-27,14814412,5354254,20168666,"",2021-10-27T23:30:00Z,2021-10-27T14:25:12.184010Z
Karnataka,2021-10-27,42198267,22305074,64503341,"",2021-10-27T23:30:00Z,2021-10-27T14:25:12.184010Z
Kerala,2021-10-27,25245840,13245898,38491738,"",2021-10-27T23:30:00Z,2021-10-27T14:25:12.184010Z
Ladakh,2021-10-27,208593,151597,360190,"",2021-10-27T23:30:00Z,2021-10-27T14:25:12.184010Z
Lakshadweep,2021-10-27,55076,45521,100597,"",2021-10-27T23:30:00Z,2021-10-27T14:25:12.184010Z
Madhya Pradesh,2021-10-27,49825592,19636481,69462073,"",2021-10-27T23:30:00Z,2021-10-27T14:25:12.184010Z
Maharashtra,2021-10-27,66382715,30341262,96723977,"",2021-10-27T23:30:00Z,2021-10-27T14:25:12.184010Z
Manipur,2021-10-27,1245284,681886,1927170,"",2021-10-27T23:30:00Z,2021-10-27T14:25:12.184010Z
Meghalaya,2021-10-27,1099105,622031,1721136,"",2021-10-27T23:30:00Z,2021-10-27T14:25:12.184010Z
Mizoram,2021-10-27,710053,508210,1218263,"",2021-10-27T23:30:00Z,2021-10-27T14:25:12.184010Z
Nagaland,2021-10-27,707689,481646,1189335,"",2021-10-27T23:30:00Z,2021-10-27T14:25:12.184010Z
Odisha,2021-10-27,25373911,11065813,36439724,"",2021-10-27T23:30:00Z,2021-10-27T14:25:12.184010Z
Puducherry,2021-10-27,731785,397869,1129654,"",2021-10-27T23:30:00Z,2021-10-27T14:25:12.184010Z
Punjab,2021-10-27,15847731,6129817,21977548,"",2021-10-27T23:30:00Z,2021-10-27T14:25:12.184010Z
Rajasthan,2021-10-27,42371847,19514258,61886105,"",2021-10-27T23:30:00Z,2021-10-27T14:25:12.184010Z
Sikkim,2021-10-27,521326,444821,966147,"",2021-10-27T23:30:00Z,2021-10-27T14:25:12.184010Z
Tamil Nadu,2021-10-27,40704336,16432879,57137215,"",2021-10-27T23:30:00Z,2021-10-27T14:25:12.184010Z
Telangana,2021-10-27,21817189,9222340,31039529,"",2021-10-27T23:30:00Z,2021-10-27T14:25:12.184010Z
Tripura,2021-10-27,2506780,1590808,4097588,"",2021-10-27T23:30:00Z,2021-10-27T14:25:12.184010Z
Uttar Pradesh,2021-10-27,97133222,31181006,128314228,"",2021-10-27T23:30:00Z,2021-10-27T14:25:12.184010Z
Uttarakhand,2021-10-27,7465516,3761264,11226780,"",2021-10-27T23:30:00Z,2021-10-27T14:25:12.184010Z
West Bengal,2021-10-27,53970328,20585360,74555688,"",2021-10-27T23:30:00Z,2021-10-27T14:25:12.184010Z
Dadra and Nagar Haveli and Daman and Diu,2021-10-27,659856,365183,1025039,"",2021-10-27T23:30:00Z,2021-10-27T14:25:12.184010Z
India,2021-10-27,721106322,315274146,1036380468,"",2021-10-27T23:30:00Z,2021-10-27T14:25:12.184010Z
Andaman and Nicobar Islands,2021-10-28,293768,197257,491025,"",2021-10-28T23:30:00Z,2021-10-28T14:25:18.168932Z
Andhra Pradesh,2021-10-28,32622468,19755770,52378238,"",2021-10-28T23:30:00Z,2021-10-28T14:25:18.168932Z
Arunachal Pradesh,2021-10-28,770901,528227,1299128,"",2021-10-28T23:30:00Z,2021-10-28T14:25:18.168932Z
Assam,2021-10-28,20054381,7759255,27813636,"",2021-10-28T23:30:00Z,2021-10-28T14:25:18.168932Z
Bihar,2021-10-28,49448295,17710105,67158400,"",2021-10-28T23:30:00Z,2021-10-28T14:25:18.168932Z
Chandigarh,2021-10-28,924716,538635,1463351,"",2021-10-28T23:30:00Z,2021-10-28T14:25:18.168932Z
Chhattisgarh,2021-10-28,14716335,7132254,21848589,"",2021-10-28T23:30:00Z,2021-10-28T14:25:18.168932Z
Delhi,2021-10-28,12992105,7326683,20318788,"",2021-10-28T23:30:00Z,2021-10-28T14:25:18.168932Z
Goa,2021-10-28,1258035,887604,2145639,"",2021-10-28T23:30:00Z,2021-10-28T14:25:18.168932Z
Gujarat,2021-10-28,44621456,25277823,69899279,"",2021-10-28T23:30:00Z,2021-10-28T14:25:18.168932Z
Haryana,2021-10-28,17715826,7986130,25701956,"",2021-10-28T23:30:00Z,2021-10-28T14:25:18.168932Z
Himachal Pradesh,2021-10-28,5708898,3359080,9067978,"",2021-10-28T23:30:00Z,2021-10-28T14:25:18.168932Z
Jammu and Kashmir,2021-10-28,9500476,4968570,14469046,"",2021-10-28T23:30:00Z,2021-10-28T14:25:18.168932Z
Jharkhand,2021-10-28,14852183,5412576,20264759,"",2021-10-28T23:30:00Z,2021-10-28T14:25:18.168932Z
Karnataka,2021-10-28,42296267,22477606,64773873,"",2021-10-28T23:30:00Z,2021-10-28T14:25:18.168932Z
Kerala,2021-10-28,25262831,13364859,38627690,"",2021-10-28T23:30:00Z,2021-10-28T14:25:18.168932Z
Ladakh,2021-10-28,208676,151828,360504,"",2021-10-28T23:30:00Z,2021-10-28T14:25:18.168932Z
Lakshadweep,2021-10-28,55080,45659,100739,"",2021-10-28T23:30:00Z,2021-10-28T14:25:18.168932Z
Madhya Pradesh,2021-10-28,49852132,19985180,69837312,"",2021-10-28T23:30:00Z,2021-10-28T14:25:18.168932Z
Maharashtra,2021-10-28,66643709,30544994,97188703,"",2021-10-28T23:30:00Z,2021-10-28T14:25:18.168932Z
Manipur,2021-10-28,1246399,691604,1938003,"",2021-10-28T23:30:00Z,2021-10-28T14:25:18.168932Z
Meghalaya,2021-10-28,1100719,630184,1730903,"",2021-10-28T23:30:00Z,2021-10-28T14:25:18.168932Z
Mizoram,2021-10-28,710638,510001,1220639,"",2021-10-28T23:30:00Z,2021-10-28T14:25:18.168932Z
Nagaland,2021-10-28,708312,484620,1192932,"",2021-10-28T23:30:00Z,2021-10-28T14:25:18.168932Z
Odisha,2021-10-28,25489593,11229317,36718910,"",2021-10-28T23:30:00Z,2021-10-28T14:25:18.168932Z
Puducherry,2021-10-28,732535,400002,1132537,"",2021-10-28T23:30:00Z,2021-10-28T14:25:18.168932Z
Punjab,2021-10-28,15883934,6168288,22052222,"",2021-10-28T23:30:00Z,2021-10-28T14:25:18.168932Z
Rajasthan,2021-10-28,42429135,19702760,62131895,"",2021-10-28T23:30:00Z,2021-10-28T14:25:18.168932Z
Sikkim,2021-10-28,521508,447665,969173,"",2021-10-28T23:30:00Z,2021-10-28T14:25:18.168932Z
Tamil Nadu,2021-10-28,40752665,16534935,57287600,"",2021-10-28T23:30:00Z,2021-10-28T14:25:18.168932Z
Telangana,2021-10-28,22014107,9395729,31409836,"",2021-10-28T23:30:00Z,2021-10-28T14:25:18.168932Z
Tripura,2021-10-28,2507449,1602194,4109643,"",2021-10-28T23:30:00Z,2021-10-28T14:25:18.168932Z
Uttar Pradesh,2021-10-28,97477559,31686509,129164068,"",2021-10-28T23:30:00Z,2021-10-28T14:25:18.168932Z
Uttarakhand,2021-10-28,7469077,3797560,11266637,"",2021-10-28T23:30:00Z,2021-10-28T14:25:18.168932Z
West Bengal,2021-10-28,54502968,20873992,75376960,"",2021-10-28T23:30:00Z,2021-10-28T14:25:18.168932Z
Dadra and Nagar Haveli and Daman and Diu,2021-10-28,660247,367185,1027432,"",2021-10-28T23:30:00Z,2021-10-28T14:25:18.168932Z
India,2021-10-28,724005383,319932640,1043938023,"",2021-10-28T23:30:00Z,2021-10-28T14:25:18.168932Z
Andaman and Nicobar Islands,2021-10-29,293898,198691,492589,"",2021-10-29T23:30:00Z,2021-10-29T14:25:19.818959Z
Andhra Pradesh,2021-10-29,32800533,20058765,52859298,"",2021-10-29T23:30:00Z,2021-10-29T14:25:19.818959Z
Arunachal Pradesh,2021-10-29,771429,531903,1303332,"",2021-10-29T23:30:00Z,2021-10-29T14:25:19.818959Z
Assam,2021-10-29,20102841,7899302,28002143,"",2021-10-29T23:30:00Z,2021-10-29T14:25:19.818959Z
Bihar,2021-10-29,49625840,18001487,67627327,"",2021-10-29T23:30:00Z,2021-10-29T14:25:19.818959Z
Chandigarh,2021-10-29,925241,541860,1467101,"",2021-10-29T23:30:00Z,2021-10-29T14:25:19.818959Z
Chhattisgarh,2021-10-29,14771835,7218546,21990381,"",2021-10-29T23:30:00Z,2021-10-29T14:25:19.818959Z
Delhi,2021-10-29,13013547,7363998,20377545,"",2021-10-29T23:30:00Z,2021-10-29T14:25:19.818959Z
Goa,2021-10-29,1258901,892242,2151143,"",2021-10-29T23:30:00Z,2021-10-29T14:25:19.818959Z
Gujarat,2021-10-29,44672168,25582167,70254335,"",2021-10-29T23:30:00Z,2021-10-29T14:25:19.818959Z
Haryana,2021-10-29,17742484,8051137,25793621,"",2021-10-29T23:30:00Z,2021-10-29T14:25:19.818959Z
Himachal Pradesh,2021-10-29,5711365,3401253,9112618,"",2021-10-29T23:30:00Z,2021-10-29T14:25:19.818959Z
Jammu and Kashmir,2021-10-29,9504882,5030188,14535070,"",2021-10-29T23:30:00Z,2021-10-29T14:25:19.818959Z
Jharkhand,2021-10-29,14899007,5475734,20374741,"",2021-10-29T23:30:00Z,2021-10-29T14:25:19.818959Z
Karnataka,2021-10-29,42399188,22672839,65072027,"",2021-10-29T23:30:00Z,2021-10-29T14:25:19.818959Z
Kerala,2021-10-29,25280960,13499330,38780290,"",2021-10-29T23:30:00Z,2021-10-29T14:25:19.818959Z
Ladakh,2021-10-29,208752,152005,360757,"",2021-10-29T23:30:00Z,2021-10-29T14:25:19.818959Z
Lakshadweep,2021-10-29,55086,45817,100903,"",2021-10-29T23:30:00Z,2021-10-29T14:25:19.818959Z
Madhya Pradesh,2021-10-29,49868431,20199053,70067484,"",2021-10-29T23:30:00Z,2021-10-29T14:25:19.818959Z
Maharashtra,2021-10-29,66893790,30744224,97638014,"",2021-10-29T23:30:00Z,2021-10-29T14:25:19.818959Z
Manipur,2021-10-29,1247590,702493,1950083,"",2021-10-29T23:30:00Z,2021-10-29T14:25:19.818959Z
Meghalaya,2021-10-29,1102037,636731,1738768,"",2021-10-29T23:30:00Z,2021-10-29T14:25:19.818959Z
Mizoram,2021-10-29,711338,511793,1223131,"",2021-10-29T23:30:00Z,2021-10-29T14:25:19.818959Z
Nagaland,2021-10-29,709037,488612,1197649,"",2021-10-29T23:30:00Z,2021-10-29T14:25:19.818959Z
Odisha,2021-10-29,25606493,11384163,36990656,"",2021-10-29T23:30:00Z,2021-10-29T14:25:19.818959Z
Puducherry,2021-10-29,733129,401667,1134796,"",2021-10-29T23:30:00Z,2021-10-29T14:25:19.818959Z
Punjab,2021-10-29,15906002,6193732,22099734,"",2021-10-29T23:30:00Z,2021-10-29T14:25:19.818959Z
Rajasthan,2021-10-29,42486552,19896077,62382629,"",2021-10-29T23:30:00Z,2021-10-29T14:25:19.818959Z
Sikkim,2021-10-29,521705,450710,972415,"",2021-10-29T23:30:00Z,2021-10-29T14:25:19.818959Z
Tamil Nadu,2021-10-29,40793458,16626221,57419679,"",2021-10-29T23:30:00Z,2021-10-29T14:25:19.818959Z
Telangana,2021-10-29,22227424,9573736,31801160,"",2021-10-29T23:30:00Z,2021-10-29T14:25:19.818959Z
Tripura,2021-10-29,2508062,1612997,4121059,"",2021-10-29T23:30:00Z,2021-10-29T14:25:19.818959Z
Uttar Pradesh,2021-10-29,97862797,32211825,130074622,"",2021-10-29T23:30:00Z,2021-10-29T14:25:19.818959Z
Uttarakhand,2021-10-29,7473289,3843791,11317080,"",2021-10-29T23:30:00Z,2021-10-29T14:25:19.818959Z
West Bengal,2021-10-29,55195433,21190408,76385841,"",2021-10-29T23:30:00Z,2021-10-29T14:25:19.818959Z
Dadra and Nagar Haveli and Daman and Diu,2021-10-29,660648,369462,1030110,"",2021-10-29T23:30:00Z,2021-10-29T14:25:19.818959Z
India,2021-10-29,726545172,323654959,1050200131,"",2021-10-29T23:30:00Z,2021-10-29T14:25:19.818959Z
Andaman and Nicobar Islands,2021-10-30,293998,200120,494118,"",2021-10-30T23:30:00Z,2021-10-30T14:25:54.001968Z
Andhra Pradesh,2021-10-30,32941699,20334368,53276067,"",2021-10-30T23:30:00Z,2021-10-30T14:25:54.001968Z
Arunachal Pradesh,2021-10-30,771833,534280,1306113,"",2021-10-30T23:30:00Z,2021-10-30T14:25:54.001968Z
Assam,2021-10-30,20149029,8028014,28177043,"",2021-10-30T23:30:00Z,2021-10-30T14:25:54.001968Z
Bihar,2021-10-30,49744336,18179289,67923625,"",2021-10-30T23:30:00Z,2021-10-30T14:25:54.001968Z
Chandigarh,2021-10-30,925822,545687,1471509,"",2021-10-30T23:30:00Z,2021-10-30T14:25:54.001968Z
Chhattisgarh,2021-10-30,14822946,7294927,22117873,"",2021-10-30T23:30:00Z,2021-10-30T14:25:54.001968Z
Delhi,2021-10-30,13042821,7413417,20456238,"",2021-10-30T23:30:00Z,2021-10-30T14:25:54.001968Z
Goa,2021-10-30,1259987,898672,2158659,"",2021-10-30T23:30:00Z,2021-10-30T14:25:54.001968Z
Gujarat,2021-10-30,44718549,25900227,70618776,"",2021-10-30T23:30:00Z,2021-10-30T14:25:54.001968Z
Haryana,2021-10-30,17762911,8098247,25861158,"",2021-10-30T23:30:00Z,2021-10-30T14:25:54.001968Z
Himachal Pradesh,2021-10-30,5713279,3435442,9148721,"",2021-10-30T23:30:00Z,2021-10-30T14:25:54.001968Z
Jammu and Kashmir,2021-10-30,9508846,5091569,14600415,"",2021-10-30T23:30:00Z,2021-10-30T14:25:54.001968Z
Jharkhand,2021-10-30,14940030,5528645,20468675,"",2021-10-30T23:30:00Z,2021-10-30T14:25:54.001968Z
Karnataka,2021-10-30,42474948,22825163,65300111,"",2021-10-30T23:30:00Z,2021-10-30T14:25:54.001968Z
Kerala,2021-10-30,25304220,13644954,38949174,"",2021-10-30T23:30:00Z,2021-10-30T14:25:54.001968Z
Ladakh,2021-10-30,208798,152275,361073,"",2021-10-30T23:30:00Z,2021-10-30T14:25:54.001968Z
Lakshadweep,2021-10-30,55088,45943,101031,"",2021-10-30T23:30:00Z,2021-10-30T14:25:54.001968Z
Madhya Pradesh,2021-10-30,49904929,20747047,70651976,"",2021-10-30T23:30:00Z,2021-10-30T14:25:54.001968Z
Maharashtra,2021-10-30,67130342,30938011,98068353,"",2021-10-30T23:30:00Z,2021-10-30T14:25:54.001968Z
Manipur,2021-10-30,1248726,715107,1963833,"",2021-10-30T23:30:00Z,2021-10-30T14:25:54.001968Z
Meghalaya,2021-10-30,1103192,641492,1744684,"",2021-10-30T23:30:00Z,2021-10-30T14:25:54.001968Z
Mizoram,2021-10-30,711461,511978,1223439,"",2021-10-30T23:30:00Z,2021-10-30T14:25:54.001968Z
Nagaland,2021-10-30,709361,489840,1199201,"",2021-10-30T23:30:00Z,2021-10-30T14:25:54.001968Z
Odisha,2021-10-30,25707827,11526408,37234235,"",2021-10-30T23:30:00Z,2021-10-30T14:25:54.001968Z
Puducherry,2021-10-30,733783,403852,1137635,"",2021-10-30T23:30:00Z,2021-10-30T14:25:54.001968Z
Punjab,2021-10-30,15937613,6233148,22170761,"",2021-10-30T23:30:00Z,2021-10-30T14:25:54.001968Z
Rajasthan,2021-10-30,42530787,20055772,62586559,"",2021-10-30T23:30:00Z,2021-10-30T14:25:54.001968Z
Sikkim,2021-10-30,521763,451509,973272,"",2021-10-30T23:30:00Z,2021-10-30T14:25:54.001968Z
Tamil Nadu,2021-10-30,41175399,17470377,58645776,"",2021-10-30T23:30:00Z,2021-10-30T14:25:54.001968Z
Telangana,2021-10-30,22443257,9737612,32180869,"",2021-10-30T23:30:00Z,2021-10-30T14:25:54.001968Z
Tripura,2021-10-30,2508466,1620283,4128749,"",2021-10-30T23:30:00Z,2021-10-30T14:25:54.001968Z
Uttar Pradesh,2021-10-30,98104464,32606825,130711289,"",2021-10-30T23:30:00Z,2021-10-30T14:25:54.001968Z
Uttarakhand,2021-10-30,7476875,3884134,11361009,"",2021-10-30T23:30:00Z,2021-10-30T14:25:54.001968Z
West Bengal,2021-10-30,55958434,21496009,77454443,"",2021-10-30T23:30:00Z,2021-10-30T14:25:54.001968Z
Dadra and Nagar Haveli and Daman and Diu,2021-10-30,660750,370235,1030985,"",2021-10-30T23:30:00Z,2021-10-30T14:25:54.001968Z
India,2021-10-30,729206569,328050878,1057257447,"",2021-10-30T23:30:00Z,2021-10-30T14:25:54.001968Z
Andaman and Nicobar Islands,2021-10-31,294001,200157,494158,"",2021-10-31T23:30:00Z,2021-10-31T14:25:52.262605Z
Andhra Pradesh,2021-10-31,32974057,20373309,53347366,"",2021-10-31T23:30:00Z,2021-10-31T14:25:52.262605Z
Arunachal Pradesh,2021-10-31,771875,534486,1306361,"",2021-10-31T23:30:00Z,2021-10-31T14:25:52.262605Z
Assam,2021-10-31,20170422,8067751,28238173,"",2021-10-31T23:30:00Z,2021-10-31T14:25:52.262605Z
Bihar,2021-10-31,49863389,18335560,68198949,"",2021-10-31T23:30:00Z,2021-10-31T14:25:52.262605Z
Chandigarh,2021-10-31,926035,546980,1473015,"",2021-10-31T23:30:00Z,2021-10-31T14:25:52.262605Z
Chhattisgarh,2021-10-31,14848179,7338795,22186974,"",2021-10-31T23:30:00Z,2021-10-31T14:25:52.262605Z
Delhi,2021-10-31,13055135,7425373,20480508,"",2021-10-31T23:30:00Z,2021-10-31T14:25:52.262605Z
Goa,2021-10-31,1262523,910990,2173513,"",2021-10-31T23:30:00Z,2021-10-31T14:25:52.262605Z
Gujarat,2021-10-31,44733850,25969093,70702943,"",2021-10-31T23:30:00Z,2021-10-31T14:25:52.262605Z
Haryana,2021-10-31,17771564,8114375,25885939,"",2021-10-31T23:30:00Z,2021-10-31T14:25:52.262605Z
Himachal Pradesh,2021-10-31,5713694,3443492,9157186,"",2021-10-31T23:30:00Z,2021-10-31T14:25:52.262605Z
Jammu and Kashmir,2021-10-31,9510827,5138919,14649746,"",2021-10-31T23:30:00Z,2021-10-31T14:25:52.262605Z
Jharkhand,2021-10-31,14978771,5578080,20556851,"",2021-10-31T23:30:00Z,2021-10-31T14:25:52.262605Z
Karnataka,2021-10-31,42494372,22856266,65350638,"",2021-10-31T23:30:00Z,2021-10-31T14:25:52.262605Z
Kerala,2021-10-31,25306479,13658318,38964797,"",2021-10-31T23:30:00Z,2021-10-31T14:25:52.262605Z
Ladakh,2021-10-31,208798,152280,361078,"",2021-10-31T23:30:00Z,2021-10-31T14:25:52.262605Z
Lakshadweep,2021-10-31,55129,45949,101078,"",2021-10-31T23:30:00Z,2021-10-31T14:25:52.262605Z
Madhya Pradesh,2021-10-31,49911477,20833428,70744905,"",2021-10-31T23:30:00Z,2021-10-31T14:25:52.262605Z
Maharashtra,2021-10-31,67192185,30973313,98165498,"",2021-10-31T23:30:00Z,2021-10-31T14:25:52.262605Z
Manipur,2021-10-31,1249412,719301,1968713,"",2021-10-31T23:30:00Z,2021-10-31T14:25:52.262605Z
Meghalaya,2021-10-31,1103271,641798,1745069,"",2021-10-31T23:30:00Z,2021-10-31T14:25:52.262605Z
Mizoram,2021-10-31,711595,512017,1223612,"",2021-10-31T23:30:00Z,2021-10-31T14:25:52.262605Z
Nagaland,2021-10-31,709536,490620,1200156,"",2021-10-31T23:30:00Z,2021-10-31T14:25:52.262605Z
Odisha,2021-10-31,25734380,11558071,37292451,"",2021-10-31T23:30:00Z,2021-10-31T14:25:52.262605Z
Puducherry,2021-10-31,733957,404386,1138343,"",2021-10-31T23:30:00Z,2021-10-31T14:25:52.262605Z
Punjab,2021-10-31,15942264,6238616,22180880,"",2021-10-31T23:30:00Z,2021-10-31T14:25:52.262605Z
Rajasthan,2021-10-31,42542277,20092849,62635126,"",2021-10-31T23:30:00Z,2021-10-31T14:25:52.262605Z
Sikkim,2021-10-31,521763,451509,973272,"",2021-10-31T23:30:00Z,2021-10-31T14:25:52.262605Z
Tamil Nadu,2021-10-31,41269752,17611072,58880824,"",2021-10-31T23:30:00Z,2021-10-31T14:25:52.262605Z
Telangana,2021-10-31,22494346,9769457,32263803,"",2021-10-31T23:30:00Z,2021-10-31T14:25:52.262605Z
Tripura,2021-10-31,2508476,1620973,4129449,"",2021-10-31T23:30:00Z,2021-10-31T14:25:52.262605Z
Uttar Pradesh,2021-10-31,98171030,32674193,130845223,"",2021-10-31T23:30:00Z,2021-10-31T14:25:52.262605Z
Uttarakhand,2021-10-31,7477979,3897595,11375574,"",2021-10-31T23:30:00Z,2021-10-31T14:25:52.262605Z
West Bengal,2021-10-31,56179158,21557030,77736188,"",2021-10-31T23:30:00Z,2021-10-31T14:25:52.262605Z
Dadra and Nagar Haveli and Daman and Diu,2021-10-31,660753,370252,1031005,"",2021-10-31T23:30:00Z,2021-10-31T14:25:52.262605Z
India,2021-10-31,730052711,329106653,1059159364,"",2021-10-31T23:30:00Z,2021-10-31T14:25:52.262605Z
Andaman and Nicobar Islands,2021-11-01,294096,201220,495316,"",2021-11-01T23:30:00Z,2021-11-01T14:26:16.401383Z
Andhra Pradesh,2021-11-01,33044321,20514070,53558391,"",2021-11-01T23:30:00Z,2021-11-01T14:26:16.401383Z
Arunachal Pradesh,2021-11-01,773099,539470,1312569,"",2021-11-01T23:30:00Z,2021-11-01T14:26:16.401383Z
Assam,2021-11-01,20205180,8213807,28418987,"",2021-11-01T23:30:00Z,2021-11-01T14:26:16.401383Z
Bihar,2021-11-01,49973077,18508151,68481228,"",2021-11-01T23:30:00Z,2021-11-01T14:26:16.401383Z
Chandigarh,2021-11-01,926380,549246,1475626,"",2021-11-01T23:30:00Z,2021-11-01T14:26:16.401383Z
Chhattisgarh,2021-11-01,14866202,7377913,22244115,"",2021-11-01T23:30:00Z,2021-11-01T14:26:16.401383Z
Delhi,2021-11-01,13076131,7458165,20534296,"",2021-11-01T23:30:00Z,2021-11-01T14:26:16.401383Z
Goa,2021-11-01,1263587,917519,2181106,"",2021-11-01T23:30:00Z,2021-11-01T14:26:16.401383Z
Gujarat,2021-11-01,44777640,26257949,71035589,"",2021-11-01T23:30:00Z,2021-11-01T14:26:16.401383Z
Haryana,2021-11-01,17781735,8135689,25917424,"",2021-11-01T23:30:00Z,2021-11-01T14:26:16.401383Z
Himachal Pradesh,2021-11-01,5716211,3486946,9203157,"",2021-11-01T23:30:00Z,2021-11-01T14:26:16.401383Z
Jammu and Kashmir,2021-11-01,9514594,5215969,14730563,"",2021-11-01T23:30:00Z,2021-11-01T14:26:16.401383Z
Jharkhand,2021-11-01,15031998,5646806,20678804,"",2021-11-01T23:30:00Z,2021-11-01T14:26:16.401383Z
Karnataka,2021-11-01,42531852,22939847,65471699,"",2021-11-01T23:30:00Z,2021-11-01T14:26:16.401383Z
Kerala,2021-11-01,25328028,13784799,39112827,"",2021-11-01T23:30:00Z,2021-11-01T14:26:16.401383Z
Ladakh,2021-11-01,208872,152630,361502,"",2021-11-01T23:30:00Z,2021-11-01T14:26:16.401383Z
Lakshadweep,2021-11-01,55130,46178,101308,"",2021-11-01T23:30:00Z,2021-11-01T14:26:16.401383Z
Madhya Pradesh,2021-11-01,49932117,21119187,71051304,"",2021-11-01T23:30:00Z,2021-11-01T14:26:16.401383Z
Maharashtra,2021-11-01,67377555,31136202,98513757,"",2021-11-01T23:30:00Z,2021-11-01T14:26:16.401383Z
Manipur,2021-11-01,1250254,727224,1977478,"",2021-11-01T23:30:00Z,2021-11-01T14:26:16.401383Z
Meghalaya,2021-11-01,1104784,648666,1753450,"",2021-11-01T23:30:00Z,2021-11-01T14:26:16.401383Z
Mizoram,2021-11-01,711860,514733,1226593,"",2021-11-01T23:30:00Z,2021-11-01T14:26:16.401383Z
Nagaland,2021-11-01,710403,494310,1204713,"",2021-11-01T23:30:00Z,2021-11-01T14:26:16.401383Z
Odisha,2021-11-01,25848970,11716057,37565027,"",2021-11-01T23:30:00Z,2021-11-01T14:26:16.401383Z
Puducherry,2021-11-01,734227,405240,1139467,"",2021-11-01T23:30:00Z,2021-11-01T14:26:16.401383Z
Punjab,2021-11-01,15959911,6265631,22225542,"",2021-11-01T23:30:00Z,2021-11-01T14:26:16.401383Z
Rajasthan,2021-11-01,42572901,20201084,62773985,"",2021-11-01T23:30:00Z,2021-11-01T14:26:16.401383Z
Sikkim,2021-11-01,521853,452757,974610,"",2021-11-01T23:30:00Z,2021-11-01T14:26:16.401383Z
Tamil Nadu,2021-11-01,41309770,17682008,58991778,"",2021-11-01T23:30:00Z,2021-11-01T14:26:16.401383Z
Telangana,2021-11-01,22658013,9907256,32565269,"",2021-11-01T23:30:00Z,2021-11-01T14:26:16.401383Z
Tripura,2021-11-01,2510479,1653942,4164421,"",2021-11-01T23:30:00Z,2021-11-01T14:26:16.401383Z
Uttar Pradesh,2021-11-01,98514567,33147899,131662466,"",2021-11-01T23:30:00Z,2021-11-01T14:26:16.401383Z
Uttarakhand,2021-11-01,7482221,3947562,11429783,"",2021-11-01T23:30:00Z,2021-11-01T14:26:16.401383Z
West Bengal,2021-11-01,56969522,21872594,78842116,"",2021-11-01T23:30:00Z,2021-11-01T14:26:16.401383Z
Dadra and Nagar Haveli and Daman and Diu,2021-11-01,661253,372770,1034023,"",2021-11-01T23:30:00Z,2021-11-01T14:26:16.401383Z
India,2021-11-01,732198793,332211496,1064410289,"",2021-11-01T23:30:00Z,2021-11-01T14:26:16.401383Z
Andaman and Nicobar Islands,2021-11-02,294178,202129,496307,"",2021-11-02T23:30:00Z,2021-11-02T14:26:20.720778Z
Andhra Pradesh,2021-11-02,33090794,20622439,53713233,"",2021-11-02T23:30:00Z,2021-11-02T14:26:20.720778Z
Arunachal Pradesh,2021-11-02,773797,543467,1317264,"",2021-11-02T23:30:00Z,2021-11-02T14:26:20.720778Z
Assam,2021-11-02,20232338,8340985,28573323,"",2021-11-02T23:30:00Z,2021-11-02T14:26:20.720778Z
Bihar,2021-11-02,50090287,18675554,68765841,"",2021-11-02T23:30:00Z,2021-11-02T14:26:20.720778Z
Chandigarh,2021-11-02,926717,551097,1477814,"",2021-11-02T23:30:00Z,2021-11-02T14:26:20.720778Z
Chhattisgarh,2021-11-02,14889695,7420311,22310006,"",2021-11-02T23:30:00Z,2021-11-02T14:26:20.720778Z
Delhi,2021-11-02,13089960,7481453,20571413,"",2021-11-02T23:30:00Z,2021-11-02T14:26:20.720778Z
Goa,2021-11-02,1264232,921885,2186117,"",2021-11-02T23:30:00Z,2021-11-02T14:26:20.720778Z
Gujarat,2021-11-02,44819990,26515366,71335356,"",2021-11-02T23:30:00Z,2021-11-02T14:26:20.720778Z
Haryana,2021-11-02,17798542,8179105,25977647,"",2021-11-02T23:30:00Z,2021-11-02T14:26:20.720778Z
Himachal Pradesh,2021-11-02,5718525,3532377,9250902,"",2021-11-02T23:30:00Z,2021-11-02T14:26:20.720778Z
Jammu and Kashmir,2021-11-02,9517847,5308992,14826839,"",2021-11-02T23:30:00Z,2021-11-02T14:26:20.720778Z
Jharkhand,2021-11-02,15083420,5710081,20793501,"",2021-11-02T23:30:00Z,2021-11-02T14:26:20.720778Z
Karnataka,2021-11-02,42595851,23100775,65696626,"",2021-11-02T23:30:00Z,2021-11-02T14:26:20.720778Z
Kerala,2021-11-02,25349821,13931551,39281372,"",2021-11-02T23:30:00Z,2021-11-02T14:26:20.720778Z
Ladakh,2021-11-02,209001,153077,362078,"",2021-11-02T23:30:00Z,2021-11-02T14:26:20.720778Z
Lakshadweep,2021-11-02,55138,46350,101488,"",2021-11-02T23:30:00Z,2021-11-02T14:26:20.720778Z
Madhya Pradesh,2021-11-02,49943530,21231840,71175370,"",2021-11-02T23:30:00Z,2021-11-02T14:26:20.720778Z
Maharashtra,2021-11-02,67524245,31257463,98781708,"",2021-11-02T23:30:00Z,2021-11-02T14:26:20.720778Z
Manipur,2021-11-02,1251250,737384,1988634,"",2021-11-02T23:30:00Z,2021-11-02T14:26:20.720778Z
Meghalaya,2021-11-02,1106319,655517,1761836,"",2021-11-02T23:30:00Z,2021-11-02T14:26:20.720778Z
Mizoram,2021-11-02,712791,516531,1229322,"",2021-11-02T23:30:00Z,2021-11-02T14:26:20.720778Z
Nagaland,2021-11-02,711300,497409,1208709,"",2021-11-02T23:30:00Z,2021-11-02T14:26:20.720778Z
Odisha,2021-11-02,25963333,11883773,37847106,"",2021-11-02T23:30:00Z,2021-11-02T14:26:20.720778Z
Puducherry,2021-11-02,734562,406467,1141029,"",2021-11-02T23:30:00Z,2021-11-02T14:26:20.720778Z
Punjab,2021-11-02,15982131,6298458,22280589,"",2021-11-02T23:30:00Z,2021-11-02T14:26:20.720778Z
Rajasthan,2021-11-02,42600171,20305490,62905661,"",2021-11-02T23:30:00Z,2021-11-02T14:26:20.720778Z
Sikkim,2021-11-02,521896,453468,975364,"",2021-11-02T23:30:00Z,2021-11-02T14:26:20.720778Z
Tamil Nadu,2021-11-02,41354534,17773371,59127905,"",2021-11-02T23:30:00Z,2021-11-02T14:26:20.720778Z
Telangana,2021-11-02,22813672,10040803,32854475,"",2021-11-02T23:30:00Z,2021-11-02T14:26:20.720778Z
Tripura,2021-11-02,2512536,1687893,4200429,"",2021-11-02T23:30:00Z,2021-11-02T14:26:20.720778Z
Uttar Pradesh,2021-11-02,98815637,33522275,132337912,"",2021-11-02T23:30:00Z,2021-11-02T14:26:20.720778Z
Uttarakhand,2021-11-02,7485031,3983141,11468172,"",2021-11-02T23:30:00Z,2021-11-02T14:26:20.720778Z
West Bengal,2021-11-02,57466577,22100369,79566946,"",2021-11-02T23:30:00Z,2021-11-02T14:26:20.720778Z
Dadra and Nagar Haveli and Daman and Diu,2021-11-02,661687,374459,1036146,"",2021-11-02T23:30:00Z,2021-11-02T14:26:20.720778Z
India,2021-11-02,733961335,334963105,1068924440,"",2021-11-02T23:30:00Z,2021-11-02T14:26:20.720778Z
Andaman and Nicobar Islands,2021-11-03,294269,203166,497435,"",2021-11-03T23:30:00Z,2021-11-03T14:27:21.140005Z
Andhra Pradesh,2021-11-03,33209811,20877579,54087390,"",2021-11-03T23:30:00Z,2021-11-03T14:27:21.140005Z
Arunachal Pradesh,2021-11-03,774249,546969,1321218,"",2021-11-03T23:30:00Z,2021-11-03T14:27:21.140005Z
Assam,2021-11-03,20250614,8405508,28656122,"",2021-11-03T23:30:00Z,2021-11-03T14:27:21.140005Z
Bihar,2021-11-03,50182902,18803220,68986122,"",2021-11-03T23:30:00Z,2021-11-03T14:27:21.140005Z
Chandigarh,2021-11-03,926926,552269,1479195,"",2021-11-03T23:30:00Z,2021-11-03T14:27:21.140005Z
Chhattisgarh,2021-11-03,14913666,7467515,22381181,"",2021-11-03T23:30:00Z,2021-11-03T14:27:21.140005Z
Delhi,2021-11-03,13098300,7495018,20593318,"",2021-11-03T23:30:00Z,2021-11-03T14:27:21.140005Z
Goa,2021-11-03,1264754,925268,2190022,"",2021-11-03T23:30:00Z,2021-11-03T14:27:21.140005Z
Gujarat,2021-11-03,44845230,26673104,71518334,"",2021-11-03T23:30:00Z,2021-11-03T14:27:21.140005Z
Haryana,2021-11-03,17809583,8207278,26016861,"",2021-11-03T23:30:00Z,2021-11-03T14:27:21.140005Z
Himachal Pradesh,2021-11-03,5720727,3575299,9296026,"",2021-11-03T23:30:00Z,2021-11-03T14:27:21.140005Z
Jammu and Kashmir,2021-11-03,9521530,5398128,14919658,"",2021-11-03T23:30:00Z,2021-11-03T14:27:21.140005Z
Jharkhand,2021-11-03,15127103,5766982,20894085,"",2021-11-03T23:30:00Z,2021-11-03T14:27:21.140005Z
Karnataka,2021-11-03,42623904,23155510,65779414,"",2021-11-03T23:30:00Z,2021-11-03T14:27:21.140005Z
Kerala,2021-11-03,25360595,13989637,39350232,"",2021-11-03T23:30:00Z,2021-11-03T14:27:21.140005Z
Ladakh,2021-11-03,209114,154110,363224,"",2021-11-03T23:30:00Z,2021-11-03T14:27:21.140005Z
Lakshadweep,2021-11-03,55142,46477,101619,"",2021-11-03T23:30:00Z,2021-11-03T14:27:21.140005Z
Madhya Pradesh,2021-11-03,49956434,21364907,71321341,"",2021-11-03T23:30:00Z,2021-11-03T14:27:21.140005Z
Maharashtra,2021-11-03,67652331,31365905,99018236,"",2021-11-03T23:30:00Z,2021-11-03T14:27:21.140005Z
Manipur,2021-11-03,1252013,745217,1997230,"",2021-11-03T23:30:00Z,2021-11-03T14:27:21.140005Z
Meghalaya,2021-11-03,1108095,661573,1769668,"",2021-11-03T23:30:00Z,2021-11-03T14:27:21.140005Z
Mizoram,2021-11-03,713153,518033,1231186,"",2021-11-03T23:30:00Z,2021-11-03T14:27:21.140005Z
Nagaland,2021-11-03,711993,500334,1212327,"",2021-11-03T23:30:00Z,2021-11-03T14:27:21.140005Z
Odisha,2021-11-03,26066953,12047508,38114461,"",2021-11-03T23:30:00Z,2021-11-03T14:27:21.140005Z
Puducherry,2021-11-03,734745,407052,1141797,"",2021-11-03T23:30:00Z,2021-11-03T14:27:21.140005Z
Punjab,2021-11-03,15992186,6314094,22306280,"",2021-11-03T23:30:00Z,2021-11-03T14:27:21.140005Z
Rajasthan,2021-11-03,42613769,20353903,62967672,"",2021-11-03T23:30:00Z,2021-11-03T14:27:21.140005Z
Sikkim,2021-11-03,521915,453774,975689,"",2021-11-03T23:30:00Z,2021-11-03T14:27:21.140005Z
Tamil Nadu,2021-11-03,41375469,17819583,59195052,"",2021-11-03T23:30:00Z,2021-11-03T14:27:21.140005Z
Telangana,2021-11-03,22936149,10150110,33086259,"",2021-11-03T23:30:00Z,2021-11-03T14:27:21.140005Z
Tripura,2021-11-03,2514421,1718018,4232439,"",2021-11-03T23:30:00Z,2021-11-03T14:27:21.140005Z
Uttar Pradesh,2021-11-03,98972374,33695135,132667509,"",2021-11-03T23:30:00Z,2021-11-03T14:27:21.140005Z
Uttarakhand,2021-11-03,7485800,3992758,11478558,"",2021-11-03T23:30:00Z,2021-11-03T14:27:21.140005Z
West Bengal,2021-11-03,57824708,22275286,80099994,"",2021-11-03T23:30:00Z,2021-11-03T14:27:21.140005Z
Dadra and Nagar Haveli and Daman and Diu,2021-11-03,662059,376067,1038126,"",2021-11-03T23:30:00Z,2021-11-03T14:27:21.140005Z
India,2021-11-03,735282986,337002294,1072285280,"",2021-11-03T23:30:00Z,2021-11-03T14:27:21.140005Z
Andaman and Nicobar Islands,2021-11-04,294270,203179,497449,"",2021-11-04T23:30:00Z,2021-11-04T14:27:26.746893Z
Andhra Pradesh,2021-11-04,33239933,20911658,54151591,"",2021-11-04T23:30:00Z,2021-11-04T14:27:26.746893Z
Arunachal Pradesh,2021-11-04,774358,547820,1322178,"",2021-11-04T23:30:00Z,2021-11-04T14:27:26.746893Z
Assam,2021-11-04,20260485,8442203,28702688,"",2021-11-04T23:30:00Z,2021-11-04T14:27:26.746893Z
Bihar,2021-11-04,50202625,18823418,69026043,"",2021-11-04T23:30:00Z,2021-11-04T14:27:26.746893Z
Chandigarh,2021-11-04,926937,552342,1479279,"",2021-11-04T23:30:00Z,2021-11-04T14:27:26.746893Z
Chhattisgarh,2021-11-04,14919792,7478302,22398094,"",2021-11-04T23:30:00Z,2021-11-04T14:27:26.746893Z
Delhi,2021-11-04,13098346,7495142,20593488,"",2021-11-04T23:30:00Z,2021-11-04T14:27:26.746893Z
Goa,2021-11-04,1264767,925278,2190045,"",2021-11-04T23:30:00Z,2021-11-04T14:27:26.746893Z
Gujarat,2021-11-04,44848327,26692715,71541042,"",2021-11-04T23:30:00Z,2021-11-04T14:27:26.746893Z
Haryana,2021-11-04,17810623,8208997,26019620,"",2021-11-04T23:30:00Z,2021-11-04T14:27:26.746893Z
Himachal Pradesh,2021-11-04,5720733,3575780,9296513,"",2021-11-04T23:30:00Z,2021-11-04T14:27:26.746893Z
Jammu and Kashmir,2021-11-04,9522896,5447035,14969931,"",2021-11-04T23:30:00Z,2021-11-04T14:27:26.746893Z
Jharkhand,2021-11-04,15148170,5790557,20938727,"",2021-11-04T23:30:00Z,2021-11-04T14:27:26.746893Z
Karnataka,2021-11-04,42644139,23210862,65855001,"",2021-11-04T23:30:00Z,2021-11-04T14:27:26.746893Z
Kerala,2021-11-04,25367230,14035704,39402934,"",2021-11-04T23:30:00Z,2021-11-04T14:27:26.746893Z
Ladakh,2021-11-04,209116,154138,363254,"",2021-11-04T23:30:00Z,2021-11-04T14:27:26.746893Z
Lakshadweep,2021-11-04,55142,46483,101625,"",2021-11-04T23:30:00Z,2021-11-04T14:27:26.746893Z
Madhya Pradesh,2021-11-04,49958735,21380916,71339651,"",2021-11-04T23:30:00Z,2021-11-04T14:27:26.746893Z
Maharashtra,2021-11-04,67668330,31376798,99045128,"",2021-11-04T23:30:00Z,2021-11-04T14:27:26.746893Z
Manipur,2021-11-04,1252251,747288,1999539,"",2021-11-04T23:30:00Z,2021-11-04T14:27:26.746893Z
Meghalaya,2021-11-04,1109915,668020,1777935,"",2021-11-04T23:30:00Z,2021-11-04T14:27:26.746893Z
Mizoram,2021-11-04,713222,518402,1231624,"",2021-11-04T23:30:00Z,2021-11-04T14:27:26.746893Z
Nagaland,2021-11-04,712124,501032,1213156,"",2021-11-04T23:30:00Z,2021-11-04T14:27:26.746893Z
Odisha,2021-11-04,26124238,12136365,38260603,"",2021-11-04T23:30:00Z,2021-11-04T14:27:26.746893Z
Puducherry,2021-11-04,734770,407187,1141957,"",2021-11-04T23:30:00Z,2021-11-04T14:27:26.746893Z
Punjab,2021-11-04,15993435,6315185,22308620,"",2021-11-04T23:30:00Z,2021-11-04T14:27:26.746893Z
Rajasthan,2021-11-04,42615838,20358885,62974723,"",2021-11-04T23:30:00Z,2021-11-04T14:27:26.746893Z
Sikkim,2021-11-04,521919,453808,975727,"",2021-11-04T23:30:00Z,2021-11-04T14:27:26.746893Z
Tamil Nadu,2021-11-04,41380415,17828643,59209058,"",2021-11-04T23:30:00Z,2021-11-04T14:27:26.746893Z
Telangana,2021-11-04,22950860,10160304,33111164,"",2021-11-04T23:30:00Z,2021-11-04T14:27:26.746893Z
Tripura,2021-11-04,2514507,1719626,4234133,"",2021-11-04T23:30:00Z,2021-11-04T14:27:26.746893Z
Uttar Pradesh,2021-11-04,98997323,33722315,132719638,"",2021-11-04T23:30:00Z,2021-11-04T14:27:26.746893Z
Uttarakhand,2021-11-04,7485838,3993645,11479483,"",2021-11-04T23:30:00Z,2021-11-04T14:27:26.746893Z
West Bengal,2021-11-04,57926375,22324674,80251049,"",2021-11-04T23:30:00Z,2021-11-04T14:27:26.746893Z
Dadra and Nagar Haveli and Daman and Diu,2021-11-04,662061,376080,1038141,"",2021-11-04T23:30:00Z,2021-11-04T14:27:26.746893Z
India,2021-11-04,735630045,337530786,1073160831,"",2021-11-04T23:30:00Z,2021-11-04T14:27:26.746893Z
Andaman and Nicobar Islands,2021-11-05,294350,206237,500587,"",2021-11-05T23:30:00Z,2021-11-05T14:27:37.748164Z
Andhra Pradesh,2021-11-05,33331728,21144354,54476082,"",2021-11-05T23:30:00Z,2021-11-05T14:27:37.748164Z
Arunachal Pradesh,2021-11-05,774748,550445,1325193,"",2021-11-05T23:30:00Z,2021-11-05T14:27:37.748164Z
Assam,2021-11-05,20271236,8503485,28774721,"",2021-11-05T23:30:00Z,2021-11-05T14:27:37.748164Z
Bihar,2021-11-05,50248622,18906469,69155091,"",2021-11-05T23:30:00Z,2021-11-05T14:27:37.748164Z
Chandigarh,2021-11-05,927216,554138,1481354,"",2021-11-05T23:30:00Z,2021-11-05T14:27:37.748164Z
Chhattisgarh,2021-11-05,14921509,7483126,22404635,"",2021-11-05T23:30:00Z,2021-11-05T14:27:37.748164Z
Delhi,2021-11-05,13111099,7524737,20635836,"",2021-11-05T23:30:00Z,2021-11-05T14:27:37.748164Z
Goa,2021-11-05,1265383,929633,2195016,"",2021-11-05T23:30:00Z,2021-11-05T14:27:37.748164Z
Gujarat,2021-11-05,44848907,26696157,71545064,"",2021-11-05T23:30:00Z,2021-11-05T14:27:37.748164Z
Haryana,2021-11-05,17812514,8214904,26027418,"",2021-11-05T23:30:00Z,2021-11-05T14:27:37.748164Z
Himachal Pradesh,2021-11-05,5722692,3617401,9340093,"",2021-11-05T23:30:00Z,2021-11-05T14:27:37.748164Z
Jammu and Kashmir,2021-11-05,9525434,5517413,15042847,"",2021-11-05T23:30:00Z,2021-11-05T14:27:37.748164Z
Jharkhand,2021-11-05,15172557,5828526,21001083,"",2021-11-05T23:30:00Z,2021-11-05T14:27:37.748164Z
Karnataka,2021-11-05,42652345,23238877,65891222,"",2021-11-05T23:30:00Z,2021-11-05T14:27:37.748164Z
Kerala,2021-11-05,25391742,14238312,39630054,"",2021-11-05T23:30:00Z,2021-11-05T14:27:37.748164Z
Ladakh,2021-11-05,209224,154820,364044,"",2021-11-05T23:30:00Z,2021-11-05T14:27:37.748164Z
Lakshadweep,2021-11-05,55143,46604,101747,"",2021-11-05T23:30:00Z,2021-11-05T14:27:37.748164Z
Madhya Pradesh,2021-11-05,49959247,21386349,71345596,"",2021-11-05T23:30:00Z,2021-11-05T14:27:37.748164Z
Maharashtra,2021-11-05,67679547,31397139,99076686,"",2021-11-05T23:30:00Z,2021-11-05T14:27:37.748164Z
Manipur,2021-11-05,1252719,750925,2003644,"",2021-11-05T23:30:00Z,2021-11-05T14:27:37.748164Z
Meghalaya,2021-11-05,1111629,674221,1785850,"",2021-11-05T23:30:00Z,2021-11-05T14:27:37.748164Z
Mizoram,2021-11-05,713640,521058,1234698,"",2021-11-05T23:30:00Z,2021-11-05T14:27:37.748164Z
Nagaland,2021-11-05,712614,503437,1216051,"",2021-11-05T23:30:00Z,2021-11-05T14:27:37.748164Z
Odisha,2021-11-05,26212934,12308883,38521817,"",2021-11-05T23:30:00Z,2021-11-05T14:27:37.748164Z
Puducherry,2021-11-05,735124,408423,1143547,"",2021-11-05T23:30:00Z,2021-11-05T14:27:37.748164Z
Punjab,2021-11-05,15994209,6317274,22311483,"",2021-11-05T23:30:00Z,2021-11-05T14:27:37.748164Z
Rajasthan,2021-11-05,42616274,20361377,62977651,"",2021-11-05T23:30:00Z,2021-11-05T14:27:37.748164Z
Sikkim,2021-11-05,521923,453862,975785,"",2021-11-05T23:30:00Z,2021-11-05T14:27:37.748164Z
Tamil Nadu,2021-11-05,41388024,17852315,59240339,"",2021-11-05T23:30:00Z,2021-11-05T14:27:37.748164Z
Telangana,2021-11-05,23051842,10271752,33323594,"",2021-11-05T23:30:00Z,2021-11-05T14:27:37.748164Z
Tripura,2021-11-05,2514900,1723859,4238759,"",2021-11-05T23:30:00Z,2021-11-05T14:27:37.748164Z
Uttar Pradesh,2021-11-05,99036801,33764569,132801370,"",2021-11-05T23:30:00Z,2021-11-05T14:27:37.748164Z
Uttarakhand,2021-11-05,7486322,4001510,11487832,"",2021-11-05T23:30:00Z,2021-11-05T14:27:37.748164Z
West Bengal,2021-11-05,58152207,22478223,80630430,"",2021-11-05T23:30:00Z,2021-11-05T14:27:37.748164Z
Dadra and Nagar Haveli and Daman and Diu,2021-11-05,662076,376186,1038262,"",2021-11-05T23:30:00Z,2021-11-05T14:27:37.748164Z
India,2021-11-05,736338481,338907000,1075245481,"",2021-11-05T23:30:00Z,2021-11-05T14:27:37.748164Z
Andaman and Nicobar Islands,2021-11-06,294449,209457,503906,"",2021-11-06T23:30:00Z,2021-11-06T14:28:11.334995Z
Andhra Pradesh,2021-11-06,33424440,21362437,54786877,"",2021-11-06T23:30:00Z,2021-11-06T14:28:11.334995Z
Arunachal Pradesh,2021-11-06,775082,552634,1327716,"",2021-11-06T23:30:00Z,2021-11-06T14:28:11.334995Z
Assam,2021-11-06,20286609,8612980,28899589,"",2021-11-06T23:30:00Z,2021-11-06T14:28:11.334995Z
Bihar,2021-11-06,50305647,18989787,69295434,"",2021-11-06T23:30:00Z,2021-11-06T14:28:11.334995Z
Chandigarh,2021-11-06,927684,557222,1484906,"",2021-11-06T23:30:00Z,2021-11-06T14:28:11.334995Z
Chhattisgarh,2021-11-06,14929222,7519355,22448577,"",2021-11-06T23:30:00Z,2021-11-06T14:28:11.334995Z
Delhi,2021-11-06,13128305,7564467,20692772,"",2021-11-06T23:30:00Z,2021-11-06T14:28:11.334995Z
Goa,2021-11-06,1266053,935233,2201286,"",2021-11-06T23:30:00Z,2021-11-06T14:28:11.334995Z
Gujarat,2021-11-06,44852153,26715062,71567215,"",2021-11-06T23:30:00Z,2021-11-06T14:28:11.334995Z
Haryana,2021-11-06,17823133,8255859,26078992,"",2021-11-06T23:30:00Z,2021-11-06T14:28:11.334995Z
Himachal Pradesh,2021-11-06,5723586,3639063,9362649,"",2021-11-06T23:30:00Z,2021-11-06T14:28:11.334995Z
Jammu and Kashmir,2021-11-06,9528333,5595494,15123827,"",2021-11-06T23:30:00Z,2021-11-06T14:28:11.334995Z
Jharkhand,2021-11-06,15210898,5889872,21100770,"",2021-11-06T23:30:00Z,2021-11-06T14:28:11.334995Z
Karnataka,2021-11-06,42772182,23631100,66403282,"",2021-11-06T23:30:00Z,2021-11-06T14:28:11.334995Z
Kerala,2021-11-06,25408583,14392418,39801001,"",2021-11-06T23:30:00Z,2021-11-06T14:28:11.334995Z
Ladakh,2021-11-06,209280,155480,364760,"",2021-11-06T23:30:00Z,2021-11-06T14:28:11.334995Z
Lakshadweep,2021-11-06,55147,46797,101944,"",2021-11-06T23:30:00Z,2021-11-06T14:28:11.334995Z
Madhya Pradesh,2021-11-06,49969924,21533130,71503054,"",2021-11-06T23:30:00Z,2021-11-06T14:28:11.334995Z
Maharashtra,2021-11-06,67695406,31430361,99125767,"",2021-11-06T23:30:00Z,2021-11-06T14:28:11.334995Z
Manipur,2021-11-06,1252873,751665,2004538,"",2021-11-06T23:30:00Z,2021-11-06T14:28:11.334995Z
Meghalaya,2021-11-06,1112837,679129,1791966,"",2021-11-06T23:30:00Z,2021-11-06T14:28:11.334995Z
Mizoram,2021-11-06,713684,521109,1234793,"",2021-11-06T23:30:00Z,2021-11-06T14:28:11.334995Z
Nagaland,2021-11-06,712753,503996,1216749,"",2021-11-06T23:30:00Z,2021-11-06T14:28:11.334995Z
Odisha,2021-11-06,26307004,12501317,38808321,"",2021-11-06T23:30:00Z,2021-11-06T14:28:11.334995Z
Puducherry,2021-11-06,735915,411528,1147443,"",2021-11-06T23:30:00Z,2021-11-06T14:28:11.334995Z
Punjab,2021-11-06,16013691,6357990,22371681,"",2021-11-06T23:30:00Z,2021-11-06T14:28:11.334995Z
Rajasthan,2021-11-06,42618503,20372417,62990920,"",2021-11-06T23:30:00Z,2021-11-06T14:28:11.334995Z
Sikkim,2021-11-06,521931,453940,975871,"",2021-11-06T23:30:00Z,2021-11-06T14:28:11.334995Z
Tamil Nadu,2021-11-06,41445426,18027477,59472903,"",2021-11-06T23:30:00Z,2021-11-06T14:28:11.334995Z
Telangana,2021-11-06,23161724,10398502,33560226,"",2021-11-06T23:30:00Z,2021-11-06T14:28:11.334995Z
Tripura,2021-11-06,2515445,1731118,4246563,"",2021-11-06T23:30:00Z,2021-11-06T14:28:11.334995Z
Uttar Pradesh,2021-11-06,99093376,33876231,132969607,"",2021-11-06T23:30:00Z,2021-11-06T14:28:11.334995Z
Uttarakhand,2021-11-06,7486981,4010815,11497796,"",2021-11-06T23:30:00Z,2021-11-06T14:28:11.334995Z
West Bengal,2021-11-06,58190323,22506535,80696858,"",2021-11-06T23:30:00Z,2021-11-06T14:28:11.334995Z
Dadra and Nagar Haveli and Daman and Diu,2021-11-06,662389,377949,1040338,"",2021-11-06T23:30:00Z,2021-11-06T14:28:11.334995Z
India,2021-11-06,737130971,341069926,1078200897,"",2021-11-06T23:30:00Z,2021-11-06T14:28:11.334995Z
Andaman and Nicobar Islands,2021-11-07,294452,209659,504111,"",2021-11-08T00:30:00Z,2021-11-07T14:28:03.358962Z
Andhra Pradesh,2021-11-07,33440400,21386973,54827373,"",2021-11-08T00:30:00Z,2021-11-07T14:28:03.358962Z
Arunachal Pradesh,2021-11-07,775128,553000,1328128,"",2021-11-08T00:30:00Z,2021-11-07T14:28:03.358962Z
Assam,2021-11-07,20291179,8642480,28933659,"",2021-11-08T00:30:00Z,2021-11-07T14:28:03.358962Z
Bihar,2021-11-07,50783558,19905500,70689058,"",2021-11-08T00:30:00Z,2021-11-07T14:28:03.358962Z
Chandigarh,2021-11-07,927920,558778,1486698,"",2021-11-08T00:30:00Z,2021-11-07T14:28:03.358962Z
Chhattisgarh,2021-11-07,14936398,7561286,22497684,"",2021-11-08T00:30:00Z,2021-11-07T14:28:03.358962Z
Delhi,2021-11-07,13143933,7593224,20737157,"",2021-11-08T00:30:00Z,2021-11-07T14:28:03.358962Z
Goa,2021-11-07,1267036,941917,2208953,"",2021-11-08T00:30:00Z,2021-11-07T14:28:03.358962Z
Gujarat,2021-11-07,44854787,26730566,71585353,"",2021-11-08T00:30:00Z,2021-11-07T14:28:03.358962Z
Haryana,2021-11-07,17832253,8287907,26120160,"",2021-11-08T00:30:00Z,2021-11-07T14:28:03.358962Z
Himachal Pradesh,2021-11-07,5724212,3653500,9377712,"",2021-11-08T00:30:00Z,2021-11-07T14:28:03.358962Z
Jammu and Kashmir,2021-11-07,9529431,5652486,15181917,"",2021-11-08T00:30:00Z,2021-11-07T14:28:03.358962Z
Jharkhand,2021-11-07,15257679,5953478,21211157,"",2021-11-08T00:30:00Z,2021-11-07T14:28:03.358962Z
Karnataka,2021-11-07,42794111,23671860,66465971,"",2021-11-08T00:30:00Z,2021-11-07T14:28:03.358962Z
Kerala,2021-11-07,25409743,14403899,39813642,"",2021-11-08T00:30:00Z,2021-11-07T14:28:03.358962Z
Ladakh,2021-11-07,209283,155503,364786,"",2021-11-08T00:30:00Z,2021-11-07T14:28:03.358962Z
Lakshadweep,2021-11-07,55147,46832,101979,"",2021-11-08T00:30:00Z,2021-11-07T14:28:03.358962Z
Madhya Pradesh,2021-11-07,49976164,21606875,71583039,"",2021-11-08T00:30:00Z,2021-11-07T14:28:03.358962Z
Maharashtra,2021-11-07,67713157,31458968,99172125,"",2021-11-08T00:30:00Z,2021-11-07T14:28:03.358962Z
Manipur,2021-11-07,1253298,753758,2007056,"",2021-11-08T00:30:00Z,2021-11-07T14:28:03.358962Z
Meghalaya,2021-11-07,1112925,679438,1792363,"",2021-11-08T00:30:00Z,2021-11-07T14:28:03.358962Z
Mizoram,2021-11-07,713684,521109,1234793,"",2021-11-08T00:30:00Z,2021-11-07T14:28:03.358962Z
Nagaland,2021-11-07,712870,504412,1217282,"",2021-11-08T00:30:00Z,2021-11-07T14:28:03.358962Z
Odisha,2021-11-07,26331242,12539532,38870774,"",2021-11-08T00:30:00Z,2021-11-07T14:28:03.358962Z
Puducherry,2021-11-07,736116,412167,1148283,"",2021-11-08T00:30:00Z,2021-11-07T14:28:03.358962Z
Punjab,2021-11-07,16021293,6371158,22392451,"",2021-11-08T00:30:00Z,2021-11-07T14:28:03.358962Z
Rajasthan,2021-11-07,42621274,20390722,63011996,"",2021-11-08T00:30:00Z,2021-11-07T14:28:03.358962Z
Sikkim,2021-11-07,521931,453940,975871,"",2021-11-08T00:30:00Z,2021-11-07T14:28:03.358962Z
Tamil Nadu,2021-11-07,41464628,18083142,59547770,"",2021-11-08T00:30:00Z,2021-11-07T14:28:03.358962Z
Telangana,2021-11-07,23181129,10413690,33594819,"",2021-11-08T00:30:00Z,2021-11-07T14:28:03.358962Z
Tripura,2021-11-07,2515459,1732910,4248369,"",2021-11-08T00:30:00Z,2021-11-07T14:28:03.358962Z
Uttar Pradesh,2021-11-07,99158668,33944003,133102671,"",2021-11-08T00:30:00Z,2021-11-07T14:28:03.358962Z
Uttarakhand,2021-11-07,7487974,4023690,11511664,"",2021-11-08T00:30:00Z,2021-11-07T14:28:03.358962Z
West Bengal,2021-11-07,58291541,22563661,80855202,"",2021-11-08T00:30:00Z,2021-11-07T14:28:03.358962Z
Dadra and Nagar Haveli and Daman and Diu,2021-11-07,662389,377952,1040341,"",2021-11-08T00:30:00Z,2021-11-07T14:28:03.358962Z
India,2021-11-07,738002392,342739975,1080742367,"",2021-11-08T00:30:00Z,2021-11-07T14:28:03.358962Z
Andaman and Nicobar Islands,2021-11-08,294587,212892,507479,"",2021-11-09T00:30:00Z,2021-11-08T14:27:53.004717Z
Andhra Pradesh,2021-11-08,33503125,21594437,55097562,"",2021-11-09T00:30:00Z,2021-11-08T14:27:53.004717Z
Arunachal Pradesh,2021-11-08,775720,557932,1333652,"",2021-11-09T00:30:00Z,2021-11-08T14:27:53.004717Z
Assam,2021-11-08,20315461,8841785,29157246,"",2021-11-09T00:30:00Z,2021-11-08T14:27:53.004717Z
Bihar,2021-11-08,50909719,20048198,70957917,"",2021-11-09T00:30:00Z,2021-11-08T14:27:53.004717Z
Chandigarh,2021-11-08,928503,562395,1490898,"",2021-11-09T00:30:00Z,2021-11-08T14:27:53.004717Z
Chhattisgarh,2021-11-08,14968969,7644505,22613474,"",2021-11-09T00:30:00Z,2021-11-08T14:27:53.004717Z
Delhi,2021-11-08,13171991,7649007,20820998,"",2021-11-09T00:30:00Z,2021-11-08T14:27:53.004717Z
Goa,2021-11-08,1267855,947488,2215343,"",2021-11-09T00:30:00Z,2021-11-08T14:27:53.004717Z
Gujarat,2021-11-08,44885653,27104099,71989752,"",2021-11-09T00:30:00Z,2021-11-08T14:27:53.004717Z
Haryana,2021-11-08,17861446,8382668,26244114,"",2021-11-09T00:30:00Z,2021-11-08T14:27:53.004717Z
Himachal Pradesh,2021-11-08,5726912,3716032,9442944,"",2021-11-09T00:30:00Z,2021-11-08T14:27:53.004717Z
Jammu and Kashmir,2021-11-08,9533207,5730370,15263577,"",2021-11-09T00:30:00Z,2021-11-08T14:27:53.004717Z
Jharkhand,2021-11-08,15309631,6021193,21330824,"",2021-11-09T00:30:00Z,2021-11-08T14:27:53.004717Z
Karnataka,2021-11-08,42851336,23865378,66716714,"",2021-11-09T00:30:00Z,2021-11-08T14:27:53.004717Z
Kerala,2021-11-08,25425168,14552997,39978165,"",2021-11-09T00:30:00Z,2021-11-08T14:27:53.004717Z
Ladakh,2021-11-08,209407,156339,365746,"",2021-11-09T00:30:00Z,2021-11-08T14:27:53.004717Z
Lakshadweep,2021-11-08,55154,46893,102047,"",2021-11-09T00:30:00Z,2021-11-08T14:27:53.004717Z
Madhya Pradesh,2021-11-08,50003466,21990011,71993477,"",2021-11-09T00:30:00Z,2021-11-08T14:27:53.004717Z
Maharashtra,2021-11-08,67882183,31777673,99659856,"",2021-11-09T00:30:00Z,2021-11-08T14:27:53.004717Z
Manipur,2021-11-08,1254557,762520,2017077,"",2021-11-09T00:30:00Z,2021-11-08T14:27:53.004717Z
Meghalaya,2021-11-08,1115675,687837,1803512,"",2021-11-09T00:30:00Z,2021-11-08T14:27:53.004717Z
Mizoram,2021-11-08,713919,522918,1236837,"",2021-11-09T00:30:00Z,2021-11-08T14:27:53.004717Z
Nagaland,2021-11-08,713627,508137,1221764,"",2021-11-09T00:30:00Z,2021-11-08T14:27:53.004717Z
Odisha,2021-11-08,26415282,12721919,39137201,"",2021-11-09T00:30:00Z,2021-11-08T14:27:53.004717Z
Puducherry,2021-11-08,736350,413239,1149589,"",2021-11-09T00:30:00Z,2021-11-08T14:27:53.004717Z
Punjab,2021-11-08,16040766,6414582,22455348,"",2021-11-09T00:30:00Z,2021-11-08T14:27:53.004717Z
Rajasthan,2021-11-08,42647568,20525253,63172821,"",2021-11-09T00:30:00Z,2021-11-08T14:27:53.004717Z
Sikkim,2021-11-08,521967,454703,976670,"",2021-11-09T00:30:00Z,2021-11-08T14:27:53.004717Z
Tamil Nadu,2021-11-08,41489634,18157042,59646676,"",2021-11-09T00:30:00Z,2021-11-08T14:27:53.004717Z
Telangana,2021-11-08,23279263,10536284,33815547,"",2021-11-09T00:30:00Z,2021-11-08T14:27:53.004717Z
Tripura,2021-11-08,2516459,1747992,4264451,"",2021-11-09T00:30:00Z,2021-11-08T14:27:53.004717Z
Uttar Pradesh,2021-11-08,99523681,34611226,134134907,"",2021-11-09T00:30:00Z,2021-11-08T14:27:53.004717Z
Uttarakhand,2021-11-08,7491657,4068194,11559851,"",2021-11-09T00:30:00Z,2021-11-08T14:27:53.004717Z
West Bengal,2021-11-08,58801633,22986763,81788396,"",2021-11-09T00:30:00Z,2021-11-08T14:27:53.004717Z
Dadra and Nagar Haveli and Daman and Diu,2021-11-08,662911,381341,1044252,"",2021-11-09T00:30:00Z,2021-11-08T14:27:53.004717Z
India,2021-11-08,739804442,346902242,1086706684,"",2021-11-09T00:30:00Z,2021-11-08T14:27:53.004717Z
Andaman and Nicobar Islands,2021-11-09,294739,215585,510324,"",2021-11-10T00:30:00Z,2021-11-09T14:28:31.299567Z
Andhra Pradesh,2021-11-09,33557559,21781179,55338738,"",2021-11-10T00:30:00Z,2021-11-09T14:28:31.299567Z
Arunachal Pradesh,2021-11-09,776183,560467,1336650,"",2021-11-10T00:30:00Z,2021-11-09T14:28:31.299567Z
Assam,2021-11-09,20341929,9029821,29371750,"",2021-11-10T00:30:00Z,2021-11-09T14:28:31.299567Z
Bihar,2021-11-09,50965848,20091318,71057166,"",2021-11-10T00:30:00Z,2021-11-09T14:28:31.299567Z
Chandigarh,2021-11-09,929034,565726,1494760,"",2021-11-10T00:30:00Z,2021-11-09T14:28:31.299567Z
Chhattisgarh,2021-11-09,15002206,7725532,22727738,"",2021-11-10T00:30:00Z,2021-11-09T14:28:31.299567Z
Delhi,2021-11-09,13201006,7705695,20906701,"",2021-11-10T00:30:00Z,2021-11-09T14:28:31.299567Z
Goa,2021-11-09,1268647,952265,2220912,"",2021-11-10T00:30:00Z,2021-11-09T14:28:31.299567Z
Gujarat,2021-11-09,44920910,27557891,72478801,"",2021-11-10T00:30:00Z,2021-11-09T14:28:31.299567Z
Haryana,2021-11-09,17897143,8479731,26376874,"",2021-11-10T00:30:00Z,2021-11-09T14:28:31.299567Z
Himachal Pradesh,2021-11-09,5729929,3783499,9513428,"",2021-11-10T00:30:00Z,2021-11-09T14:28:31.299567Z
Jammu and Kashmir,2021-11-09,9536795,5814457,15351252,"",2021-11-10T00:30:00Z,2021-11-09T14:28:31.299567Z
Jharkhand,2021-11-09,15361638,6084056,21445694,"",2021-11-10T00:30:00Z,2021-11-09T14:28:31.299567Z
Karnataka,2021-11-09,42901179,24026579,66927758,"",2021-11-10T00:30:00Z,2021-11-09T14:28:31.299567Z
Kerala,2021-11-09,25445746,14786272,40232018,"",2021-11-10T00:30:00Z,2021-11-09T14:28:31.299567Z
Ladakh,2021-11-09,209535,157096,366631,"",2021-11-10T00:30:00Z,2021-11-09T14:28:31.299567Z
Lakshadweep,2021-11-09,55155,47029,102184,"",2021-11-10T00:30:00Z,2021-11-09T14:28:31.299567Z
Madhya Pradesh,2021-11-09,50019176,22168898,72188074,"",2021-11-10T00:30:00Z,2021-11-09T14:28:31.299567Z
Maharashtra,2021-11-09,68057912,32079454,100137366,"",2021-11-10T00:30:00Z,2021-11-09T14:28:31.299567Z
Manipur,2021-11-09,1255650,769050,2024700,"",2021-11-10T00:30:00Z,2021-11-09T14:28:31.299567Z
Meghalaya,2021-11-09,1118251,696614,1814865,"",2021-11-10T00:30:00Z,2021-11-09T14:28:31.299567Z
Mizoram,2021-11-09,714252,524889,1239141,"",2021-11-10T00:30:00Z,2021-11-09T14:28:31.299567Z
Nagaland,2021-11-09,714260,510815,1225075,"",2021-11-10T00:30:00Z,2021-11-09T14:28:31.299567Z
Odisha,2021-11-09,26501550,12899627,39401177,"",2021-11-10T00:30:00Z,2021-11-09T14:28:31.299567Z
Puducherry,2021-11-09,736938,415299,1152237,"",2021-11-10T00:30:00Z,2021-11-09T14:28:31.299567Z
Punjab,2021-11-09,16071206,6478077,22549283,"",2021-11-10T00:30:00Z,2021-11-09T14:28:31.299567Z
Rajasthan,2021-11-09,42683419,20698310,63381729,"",2021-11-10T00:30:00Z,2021-11-09T14:28:31.299567Z
Sikkim,2021-11-09,522043,455913,977956,"",2021-11-10T00:30:00Z,2021-11-09T14:28:31.299567Z
Tamil Nadu,2021-11-09,41526405,18251535,59777940,"",2021-11-10T00:30:00Z,2021-11-09T14:28:31.299567Z
Telangana,2021-11-09,23377292,10661329,34038621,"",2021-11-10T00:30:00Z,2021-11-09T14:28:31.299567Z
Tripura,2021-11-09,2517465,1766274,4283739,"",2021-11-10T00:30:00Z,2021-11-09T14:28:31.299567Z
Uttar Pradesh,2021-11-09,99936310,35283077,135219387,"",2021-11-10T00:30:00Z,2021-11-09T14:28:31.299567Z
Uttarakhand,2021-11-09,7496152,4124383,11620535,"",2021-11-10T00:30:00Z,2021-11-09T14:28:31.299567Z
West Bengal,2021-11-09,59145571,23338703,82484274,"",2021-11-10T00:30:00Z,2021-11-09T14:28:31.299567Z
Dadra and Nagar Haveli and Daman and Diu,2021-11-09,663407,384626,1048033,"",2021-11-10T00:30:00Z,2021-11-09T14:28:31.299567Z
India,2021-11-09,741452440,350871071,1092323511,"",2021-11-10T00:30:00Z,2021-11-09T14:28:31.299567Z
Andaman and Nicobar Islands,2021-11-10,294859,217499,512358,"",2021-11-11T00:30:00Z,2021-11-10T14:37:25.980698Z
Andhra Pradesh,2021-11-10,33599263,21923359,55522622,"",2021-11-11T00:30:00Z,2021-11-10T14:37:25.980698Z
Arunachal Pradesh,2021-11-10,776731,563456,1340187,"",2021-11-11T00:30:00Z,2021-11-10T14:37:25.980698Z
Assam,2021-11-10,20359823,9130375,29490198,"",2021-11-11T00:30:00Z,2021-11-10T14:37:25.980698Z
Bihar,2021-11-10,50993147,20109388,71102535,"",2021-11-11T00:30:00Z,2021-11-10T14:37:25.980698Z
Chandigarh,2021-11-10,929530,568829,1498359,"",2021-11-11T00:30:00Z,2021-11-10T14:37:25.980698Z
Chhattisgarh,2021-11-10,15030440,7782879,22813319,"",2021-11-11T00:30:00Z,2021-11-10T14:37:25.980698Z
Delhi,2021-11-10,13220699,7745597,20966296,"",2021-11-11T00:30:00Z,2021-11-10T14:37:25.980698Z
Goa,2021-11-10,1269204,956448,2225652,"",2021-11-11T00:30:00Z,2021-11-10T14:37:25.980698Z
Gujarat,2021-11-10,44956484,27928648,72885132,"",2021-11-11T00:30:00Z,2021-11-10T14:37:25.980698Z
Haryana,2021-11-10,17925173,8563626,26488799,"",2021-11-11T00:30:00Z,2021-11-10T14:37:25.980698Z
Himachal Pradesh,2021-11-10,5732862,3848872,9581734,"",2021-11-11T00:30:00Z,2021-11-10T14:37:25.980698Z
Jammu and Kashmir,2021-11-10,9540530,5895829,15436359,"",2021-11-11T00:30:00Z,2021-11-10T14:37:25.980698Z
Jharkhand,2021-11-10,15394603,6116777,21511380,"",2021-11-11T00:30:00Z,2021-11-10T14:37:25.980698Z
Karnataka,2021-11-10,43039122,24500079,67539201,"",2021-11-11T00:30:00Z,2021-11-10T14:37:25.980698Z
Kerala,2021-11-10,25453672,14854181,40307853,"",2021-11-11T00:30:00Z,2021-11-10T14:37:25.980698Z
Ladakh,2021-11-10,209633,157769,367402,"",2021-11-11T00:30:00Z,2021-11-10T14:37:25.980698Z
Lakshadweep,2021-11-10,55157,47092,102249,"",2021-11-11T00:30:00Z,2021-11-10T14:37:25.980698Z
Madhya Pradesh,2021-11-10,50109557,23431004,73540561,"",2021-11-11T00:30:00Z,2021-11-10T14:37:25.980698Z
Maharashtra,2021-11-10,68266095,32381351,100647446,"",2021-11-11T00:30:00Z,2021-11-10T14:37:25.980698Z
Manipur,2021-11-10,1256919,776163,2033082,"",2021-11-11T00:30:00Z,2021-11-10T14:37:25.980698Z
Meghalaya,2021-11-10,1120012,702530,1822542,"",2021-11-11T00:30:00Z,2021-11-10T14:37:25.980698Z
Mizoram,2021-11-10,715098,526757,1241855,"",2021-11-11T00:30:00Z,2021-11-10T14:37:25.980698Z
Nagaland,2021-11-10,714757,512891,1227648,"",2021-11-11T00:30:00Z,2021-11-10T14:37:25.980698Z
Odisha,2021-11-10,26576666,13060148,39636814,"",2021-11-11T00:30:00Z,2021-11-10T14:37:25.980698Z
Puducherry,2021-11-10,737273,416532,1153805,"",2021-11-11T00:30:00Z,2021-11-10T14:37:25.980698Z
Punjab,2021-11-10,16087860,6514509,22602369,"",2021-11-11T00:30:00Z,2021-11-10T14:37:25.980698Z
Rajasthan,2021-11-10,42720054,20873834,63593888,"",2021-11-11T00:30:00Z,2021-11-10T14:37:25.980698Z
Sikkim,2021-11-10,522081,456458,978539,"",2021-11-11T00:30:00Z,2021-11-10T14:37:25.980698Z
Tamil Nadu,2021-11-10,41559760,18328435,59888195,"",2021-11-11T00:30:00Z,2021-11-10T14:37:25.980698Z
Telangana,2021-11-10,23447413,10748996,34196409,"",2021-11-11T00:30:00Z,2021-11-10T14:37:25.980698Z
Tripura,2021-11-10,2518294,1779666,4297960,"",2021-11-11T00:30:00Z,2021-11-10T14:37:25.980698Z
Uttar Pradesh,2021-11-10,100265201,35782656,136047857,"",2021-11-11T00:30:00Z,2021-11-10T14:37:25.980698Z
Uttarakhand,2021-11-10,7499240,4160879,11660119,"",2021-11-11T00:30:00Z,2021-11-10T14:37:25.980698Z
West Bengal,2021-11-10,59376384,23587040,82963424,"",2021-11-11T00:30:00Z,2021-11-10T14:37:25.980698Z
Dadra and Nagar Haveli and Daman and Diu,2021-11-10,663590,385764,1049354,"",2021-11-11T00:30:00Z,2021-11-10T14:37:25.980698Z
India,2021-11-10,742937186,355336316,1098273502,"",2021-11-11T00:30:00Z,2021-11-10T14:37:25.980698Z
Andaman and Nicobar Islands,2021-11-11,294944,218916,513860,"",2021-11-12T00:30:00Z,2021-11-11T14:37:13.031500Z
Andhra Pradesh,2021-11-11,33637172,22055576,55692748,"",2021-11-12T00:30:00Z,2021-11-11T14:37:13.031500Z
Arunachal Pradesh,2021-11-11,777450,566308,1343758,"",2021-11-12T00:30:00Z,2021-11-11T14:37:13.031500Z
Assam,2021-11-11,20387533,9298622,29686155,"",2021-11-12T00:30:00Z,2021-11-11T14:37:13.031500Z
Bihar,2021-11-11,51012498,20130923,71143421,"",2021-11-12T00:30:00Z,2021-11-11T14:37:13.031500Z
Chandigarh,2021-11-11,930006,571866,1501872,"",2021-11-12T00:30:00Z,2021-11-11T14:37:13.031500Z
Chhattisgarh,2021-11-11,15081274,7865443,22946717,"",2021-11-12T00:30:00Z,2021-11-11T14:37:13.031500Z
Delhi,2021-11-11,13249386,7798040,21047426,"",2021-11-12T00:30:00Z,2021-11-11T14:37:13.031500Z
Goa,2021-11-11,1269763,960347,2230110,"",2021-11-12T00:30:00Z,2021-11-11T14:37:13.031500Z
Gujarat,2021-11-11,44991534,28354430,73345964,"",2021-11-12T00:30:00Z,2021-11-11T14:37:13.031500Z
Haryana,2021-11-11,17951149,8643267,26594416,"",2021-11-12T00:30:00Z,2021-11-11T14:37:13.031500Z
Himachal Pradesh,2021-11-11,5736518,3921735,9658253,"",2021-11-12T00:30:00Z,2021-11-11T14:37:13.031500Z
Jammu and Kashmir,2021-11-11,9544266,6008448,15552714,"",2021-11-12T00:30:00Z,2021-11-11T14:37:13.031500Z
Jharkhand,2021-11-11,15425653,6153568,21579221,"",2021-11-12T00:30:00Z,2021-11-11T14:37:13.031500Z
Karnataka,2021-11-11,43085489,24626629,67712118,"",2021-11-12T00:30:00Z,2021-11-11T14:37:13.031500Z
Kerala,2021-11-11,25471679,15054744,40526423,"",2021-11-12T00:30:00Z,2021-11-11T14:37:13.031500Z
Ladakh,2021-11-11,209719,158354,368073,"",2021-11-12T00:30:00Z,2021-11-11T14:37:13.031500Z
Lakshadweep,2021-11-11,55164,47192,102356,"",2021-11-12T00:30:00Z,2021-11-11T14:37:13.031500Z
Madhya Pradesh,2021-11-11,50164781,24112895,74277676,"",2021-11-12T00:30:00Z,2021-11-11T14:37:13.031500Z
Maharashtra,2021-11-11,68512744,32688352,101201096,"",2021-11-12T00:30:00Z,2021-11-11T14:37:13.031500Z
Manipur,2021-11-11,1258004,782291,2040295,"",2021-11-12T00:30:00Z,2021-11-11T14:37:13.031500Z
Meghalaya,2021-11-11,1123172,711306,1834478,"",2021-11-12T00:30:00Z,2021-11-11T14:37:13.031500Z
Mizoram,2021-11-11,716025,528787,1244812,"",2021-11-12T00:30:00Z,2021-11-11T14:37:13.031500Z
Nagaland,2021-11-11,715221,514568,1229789,"",2021-11-12T00:30:00Z,2021-11-11T14:37:13.031500Z
Odisha,2021-11-11,26653337,13216422,39869759,"",2021-11-12T00:30:00Z,2021-11-11T14:37:13.031500Z
Puducherry,2021-11-11,737610,418029,1155639,"",2021-11-12T00:30:00Z,2021-11-11T14:37:13.031500Z
Punjab,2021-11-11,16118959,6584357,22703316,"",2021-11-12T00:30:00Z,2021-11-11T14:37:13.031500Z
Rajasthan,2021-11-11,42756895,21033484,63790379,"",2021-11-12T00:30:00Z,2021-11-11T14:37:13.031500Z
Sikkim,2021-11-11,522193,457893,980086,"",2021-11-12T00:30:00Z,2021-11-11T14:37:13.031500Z
Tamil Nadu,2021-11-11,41613311,18452172,60065483,"",2021-11-12T00:30:00Z,2021-11-11T14:37:13.031500Z
Telangana,2021-11-11,23522431,10851873,34374304,"",2021-11-12T00:30:00Z,2021-11-11T14:37:13.031500Z
Tripura,2021-11-11,2519594,1798470,4318064,"",2021-11-12T00:30:00Z,2021-11-11T14:37:13.031500Z
Uttar Pradesh,2021-11-11,100714152,36505794,137219946,"",2021-11-12T00:30:00Z,2021-11-11T14:37:13.031500Z
Uttarakhand,2021-11-11,7503586,4210790,11714376,"",2021-11-12T00:30:00Z,2021-11-11T14:37:13.031500Z
West Bengal,2021-11-11,59492333,23765641,83257974,"",2021-11-12T00:30:00Z,2021-11-11T14:37:13.031500Z
Dadra and Nagar Haveli and Daman and Diu,2021-11-11,664081,388685,1052766,"",2021-11-12T00:30:00Z,2021-11-11T14:37:13.031500Z
India,2021-11-11,744419626,359456217,1103875843,"",2021-11-12T00:30:00Z,2021-11-11T14:37:13.031500Z
Andaman and Nicobar Islands,2021-11-12,295043,220654,515697,"",2021-11-13T00:30:00Z,2021-11-12T14:37:15.976591Z
Andhra Pradesh,2021-11-12,33689697,22227642,55917339,"",2021-11-13T00:30:00Z,2021-11-12T14:37:15.976591Z
Arunachal Pradesh,2021-11-12,778302,569363,1347665,"",2021-11-13T00:30:00Z,2021-11-12T14:37:15.976591Z
Assam,2021-11-12,20420209,9470465,29890674,"",2021-11-13T00:30:00Z,2021-11-12T14:37:15.976591Z
Bihar,2021-11-12,51068701,20249833,71318534,"",2021-11-13T00:30:00Z,2021-11-12T14:37:15.976591Z
Chandigarh,2021-11-12,930547,575305,1505852,"",2021-11-13T00:30:00Z,2021-11-12T14:37:15.976591Z
Chhattisgarh,2021-11-12,15134544,7950109,23084653,"",2021-11-13T00:30:00Z,2021-11-12T14:37:15.976591Z
Delhi,2021-11-12,13276301,7849653,21125954,"",2021-11-13T00:30:00Z,2021-11-12T14:37:15.976591Z
Goa,2021-11-12,1270323,964094,2234417,"",2021-11-13T00:30:00Z,2021-11-12T14:37:15.976591Z
Gujarat,2021-11-12,45026775,28738988,73765763,"",2021-11-13T00:30:00Z,2021-11-12T14:37:15.976591Z
Haryana,2021-11-12,17978146,8720018,26698164,"",2021-11-13T00:30:00Z,2021-11-12T14:37:15.976591Z
Himachal Pradesh,2021-11-12,5740083,3993733,9733816,"",2021-11-13T00:30:00Z,2021-11-12T14:37:15.976591Z
Jammu and Kashmir,2021-11-12,9547545,6117704,15665249,"",2021-11-13T00:30:00Z,2021-11-12T14:37:15.976591Z
Jharkhand,2021-11-12,15476494,6232989,21709483,"",2021-11-13T00:30:00Z,2021-11-12T14:37:15.976591Z
Karnataka,2021-11-12,43141259,24786881,67928140,"",2021-11-13T00:30:00Z,2021-11-12T14:37:15.976591Z
Kerala,2021-11-12,25489598,15263996,40753594,"",2021-11-13T00:30:00Z,2021-11-12T14:37:15.976591Z
Ladakh,2021-11-12,209826,158933,368759,"",2021-11-13T00:30:00Z,2021-11-12T14:37:15.976591Z
Lakshadweep,2021-11-12,55177,47328,102505,"",2021-11-13T00:30:00Z,2021-11-12T14:37:15.976591Z
Madhya Pradesh,2021-11-12,50203422,24519642,74723064,"",2021-11-13T00:30:00Z,2021-11-12T14:37:15.976591Z
Maharashtra,2021-11-12,68785657,33004835,101790492,"",2021-11-13T00:30:00Z,2021-11-12T14:37:15.976591Z
Manipur,2021-11-12,1259533,789245,2048778,"",2021-11-13T00:30:00Z,2021-11-12T14:37:15.976591Z
Meghalaya,2021-11-12,1125446,718106,1843552,"",2021-11-13T00:30:00Z,2021-11-12T14:37:15.976591Z
Mizoram,2021-11-12,717135,531692,1248827,"",2021-11-13T00:30:00Z,2021-11-12T14:37:15.976591Z
Nagaland,2021-11-12,715975,516476,1232451,"",2021-11-13T00:30:00Z,2021-11-12T14:37:15.976591Z
Odisha,2021-11-12,26729085,13352124,40081209,"",2021-11-13T00:30:00Z,2021-11-12T14:37:15.976591Z
Puducherry,2021-11-12,738466,420668,1159134,"",2021-11-13T00:30:00Z,2021-11-12T14:37:15.976591Z
Punjab,2021-11-12,16141971,6633255,22775226,"",2021-11-13T00:30:00Z,2021-11-12T14:37:15.976591Z
Rajasthan,2021-11-12,42799175,21221571,64020746,"",2021-11-13T00:30:00Z,2021-11-12T14:37:15.976591Z
Sikkim,2021-11-12,522323,459426,981749,"",2021-11-13T00:30:00Z,2021-11-12T14:37:15.976591Z
Tamil Nadu,2021-11-12,41709422,18636544,60345966,"",2021-11-13T00:30:00Z,2021-11-12T14:37:15.976591Z
Telangana,2021-11-12,23606873,10967478,34574351,"",2021-11-13T00:30:00Z,2021-11-12T14:37:15.976591Z
Tripura,2021-11-12,2520491,1811113,4331604,"",2021-11-13T00:30:00Z,2021-11-12T14:37:15.976591Z
Uttar Pradesh,2021-11-12,101226360,37304950,138531310,"",2021-11-13T00:30:00Z,2021-11-12T14:37:15.976591Z
Uttarakhand,2021-11-12,7508078,4264355,11772433,"",2021-11-13T00:30:00Z,2021-11-12T14:37:15.976591Z
West Bengal,2021-11-12,59727725,24043839,83771564,"",2021-11-13T00:30:00Z,2021-11-12T14:37:15.976591Z
Dadra and Nagar Haveli and Daman and Diu,2021-11-12,664716,392330,1057046,"",2021-11-13T00:30:00Z,2021-11-12T14:37:15.976591Z
India,2021-11-12,746230423,363725337,1109955760,"",2021-11-13T00:30:00Z,2021-11-12T14:37:15.976591Z
Andaman and Nicobar Islands,2021-11-13,295157,222373,517530,"",2021-11-14T00:30:00Z,2021-11-13T14:37:11.353410Z
Andhra Pradesh,2021-11-13,33729839,22348175,56078014,"",2021-11-14T00:30:00Z,2021-11-13T14:37:11.353410Z
Arunachal Pradesh,2021-11-13,779020,571696,1350716,"",2021-11-14T00:30:00Z,2021-11-13T14:37:11.353410Z
Assam,2021-11-13,20458170,9630520,30088690,"",2021-11-14T00:30:00Z,2021-11-13T14:37:11.353410Z
Bihar,2021-11-13,51165557,20439008,71604565,"",2021-11-14T00:30:00Z,2021-11-13T14:37:11.353410Z
Chandigarh,2021-11-13,931284,580126,1511410,"",2021-11-14T00:30:00Z,2021-11-13T14:37:11.353410Z
Chhattisgarh,2021-11-13,15195374,8036255,23231629,"",2021-11-14T00:30:00Z,2021-11-13T14:37:11.353410Z
Delhi,2021-11-13,13314347,7925088,21239435,"",2021-11-14T00:30:00Z,2021-11-13T14:37:11.353410Z
Goa,2021-11-13,1271702,971659,2243361,"",2021-11-14T00:30:00Z,2021-11-13T14:37:11.353410Z
Gujarat,2021-11-13,45064087,29129790,74193877,"",2021-11-14T00:30:00Z,2021-11-13T14:37:11.353410Z
Haryana,2021-11-13,18006818,8796466,26803284,"",2021-11-14T00:30:00Z,2021-11-13T14:37:11.353410Z
Himachal Pradesh,2021-11-13,5744191,4070412,9814603,"",2021-11-14T00:30:00Z,2021-11-13T14:37:11.353410Z
Jammu and Kashmir,2021-11-13,9551217,6206192,15757409,"",2021-11-14T00:30:00Z,2021-11-13T14:37:11.353410Z
Jharkhand,2021-11-13,15528744,6301752,21830496,"",2021-11-14T00:30:00Z,2021-11-13T14:37:11.353410Z
Karnataka,2021-11-13,43180513,24905130,68085643,"",2021-11-14T00:30:00Z,2021-11-13T14:37:11.353410Z
Kerala,2021-11-13,25496049,15344393,40840442,"",2021-11-14T00:30:00Z,2021-11-13T14:37:11.353410Z
Ladakh,2021-11-13,209948,159574,369522,"",2021-11-14T00:30:00Z,2021-11-13T14:37:11.353410Z
Lakshadweep,2021-11-13,55212,47527,102739,"",2021-11-14T00:30:00Z,2021-11-13T14:37:11.353410Z
Madhya Pradesh,2021-11-13,50259107,25148213,75407320,"",2021-11-14T00:30:00Z,2021-11-13T14:37:11.353410Z
Maharashtra,2021-11-13,69082681,33409033,102491714,"",2021-11-14T00:30:00Z,2021-11-13T14:37:11.353410Z
Manipur,2021-11-13,1260966,795508,2056474,"",2021-11-14T00:30:00Z,2021-11-13T14:37:11.353410Z
Meghalaya,2021-11-13,1127379,724145,1851524,"",2021-11-14T00:30:00Z,2021-11-13T14:37:11.353410Z
Mizoram,2021-11-13,717934,532359,1250293,"",2021-11-14T00:30:00Z,2021-11-13T14:37:11.353410Z
Nagaland,2021-11-13,716304,517277,1233581,"",2021-11-14T00:30:00Z,2021-11-13T14:37:11.353410Z
Odisha,2021-11-13,26800624,13485518,40286142,"",2021-11-14T00:30:00Z,2021-11-13T14:37:11.353410Z
Puducherry,2021-11-13,739563,424161,1163724,"",2021-11-14T00:30:00Z,2021-11-13T14:37:11.353410Z
Punjab,2021-11-13,16175035,6707409,22882444,"",2021-11-14T00:30:00Z,2021-11-13T14:37:11.353410Z
Rajasthan,2021-11-13,42848097,21416609,64264706,"",2021-11-14T00:30:00Z,2021-11-13T14:37:11.353410Z
Sikkim,2021-11-13,522359,459739,982098,"",2021-11-14T00:30:00Z,2021-11-13T14:37:11.353410Z
Tamil Nadu,2021-11-13,41821502,18861572,60683074,"",2021-11-14T00:30:00Z,2021-11-13T14:37:11.353410Z
Telangana,2021-11-13,23688576,11081243,34769819,"",2021-11-14T00:30:00Z,2021-11-13T14:37:11.353410Z
Tripura,2021-11-13,2521803,1827378,4349181,"",2021-11-14T00:30:00Z,2021-11-13T14:37:11.353410Z
Uttar Pradesh,2021-11-13,101644197,37978086,139622283,"",2021-11-14T00:30:00Z,2021-11-13T14:37:11.353410Z
Uttarakhand,2021-11-13,7512722,4315535,11828257,"",2021-11-14T00:30:00Z,2021-11-13T14:37:11.353410Z
West Bengal,2021-11-13,59908166,24253684,84161850,"",2021-11-14T00:30:00Z,2021-11-13T14:37:11.353410Z
Dadra and Nagar Haveli and Daman and Diu,2021-11-13,665437,396814,1062251,"",2021-11-14T00:30:00Z,2021-11-13T14:37:11.353410Z
India,2021-11-13,747989681,368020419,1116010100,"",2021-11-14T00:30:00Z,2021-11-13T14:37:11.353410Z
Andaman and Nicobar Islands,2021-11-14,295192,222905,518097,"",2021-11-15T00:30:00Z,2021-11-14T14:37:29.213381Z
Andhra Pradesh,2021-11-14,33737502,22363360,56100862,"",2021-11-15T00:30:00Z,2021-11-14T14:37:29.213381Z
Arunachal Pradesh,2021-11-14,779111,572041,1351152,"",2021-11-15T00:30:00Z,2021-11-14T14:37:29.213381Z
Assam,2021-11-14,20473844,9688598,30162442,"",2021-11-15T00:30:00Z,2021-11-14T14:37:29.213381Z
Bihar,2021-11-14,51244338,20550845,71795183,"",2021-11-15T00:30:00Z,2021-11-14T14:37:29.213381Z
Chandigarh,2021-11-14,931530,581873,1513403,"",2021-11-15T00:30:00Z,2021-11-14T14:37:29.213381Z
Chhattisgarh,2021-11-14,15238458,8090544,23329002,"",2021-11-15T00:30:00Z,2021-11-14T14:37:29.213381Z
Delhi,2021-11-14,13321929,7934640,21256569,"",2021-11-15T00:30:00Z,2021-11-14T14:37:29.213381Z
Goa,2021-11-14,1272176,975091,2247267,"",2021-11-15T00:30:00Z,2021-11-14T14:37:29.213381Z
Gujarat,2021-11-14,45079408,29265101,74344509,"",2021-11-15T00:30:00Z,2021-11-14T14:37:29.213381Z
Haryana,2021-11-14,18022480,8827418,26849898,"",2021-11-15T00:30:00Z,2021-11-14T14:37:29.213381Z
Himachal Pradesh,2021-11-14,5745751,4101944,9847695,"",2021-11-15T00:30:00Z,2021-11-14T14:37:29.213381Z
Jammu and Kashmir,2021-11-14,9552356,6256724,15809080,"",2021-11-15T00:30:00Z,2021-11-14T14:37:29.213381Z
Jharkhand,2021-11-14,15586632,6375021,21961653,"",2021-11-15T00:30:00Z,2021-11-14T14:37:29.213381Z
Karnataka,2021-11-14,43194551,24935535,68130086,"",2021-11-15T00:30:00Z,2021-11-14T14:37:29.213381Z
Kerala,2021-11-14,25497004,15354545,40851549,"",2021-11-15T00:30:00Z,2021-11-14T14:37:29.213381Z
Ladakh,2021-11-14,209948,159601,369549,"",2021-11-15T00:30:00Z,2021-11-14T14:37:29.213381Z
Lakshadweep,2021-11-14,55212,47536,102748,"",2021-11-15T00:30:00Z,2021-11-14T14:37:29.213381Z
Madhya Pradesh,2021-11-14,50276664,25336682,75613346,"",2021-11-15T00:30:00Z,2021-11-14T14:37:29.213381Z
Maharashtra,2021-11-14,69167991,33489760,102657751,"",2021-11-15T00:30:00Z,2021-11-14T14:37:29.213381Z
Manipur,2021-11-14,1261813,797901,2059714,"",2021-11-15T00:30:00Z,2021-11-14T14:37:29.213381Z
Meghalaya,2021-11-14,1127646,724786,1852432,"",2021-11-15T00:30:00Z,2021-11-14T14:37:29.213381Z
Mizoram,2021-11-14,718005,532527,1250532,"",2021-11-15T00:30:00Z,2021-11-14T14:37:29.213381Z
Nagaland,2021-11-14,717267,518314,1235581,"",2021-11-15T00:30:00Z,2021-11-14T14:37:29.213381Z
Odisha,2021-11-14,26821801,13518359,40340160,"",2021-11-15T00:30:00Z,2021-11-14T14:37:29.213381Z
Puducherry,2021-11-14,739741,424781,1164522,"",2021-11-15T00:30:00Z,2021-11-14T14:37:29.213381Z
Punjab,2021-11-14,16184081,6722182,22906263,"",2021-11-15T00:30:00Z,2021-11-14T14:37:29.213381Z
Rajasthan,2021-11-14,42859742,21456737,64316479,"",2021-11-15T00:30:00Z,2021-11-14T14:37:29.213381Z
Sikkim,2021-11-14,522359,459739,982098,"",2021-11-15T00:30:00Z,2021-11-14T14:37:29.213381Z
Tamil Nadu,2021-11-14,42173189,19755851,61929040,"",2021-11-15T00:30:00Z,2021-11-14T14:37:29.213381Z
Telangana,2021-11-14,23702552,11102512,34805064,"",2021-11-15T00:30:00Z,2021-11-14T14:37:29.213381Z
Tripura,2021-11-14,2522191,1835310,4357501,"",2021-11-15T00:30:00Z,2021-11-14T14:37:29.213381Z
Uttar Pradesh,2021-11-14,101899981,38282013,140181994,"",2021-11-15T00:30:00Z,2021-11-14T14:37:29.213381Z
Uttarakhand,2021-11-14,7514193,4336091,11850284,"",2021-11-15T00:30:00Z,2021-11-14T14:37:29.213381Z
West Bengal,2021-11-14,59973270,24298432,84271702,"",2021-11-15T00:30:00Z,2021-11-14T14:37:29.213381Z
Dadra and Nagar Haveli and Daman and Diu,2021-11-14,665454,396960,1062414,"",2021-11-15T00:30:00Z,2021-11-14T14:37:29.213381Z
India,2021-11-14,749085362,370292259,1119377621,"",2021-11-15T00:30:00Z,2021-11-14T14:37:29.213381Z
Andaman and Nicobar Islands,2021-11-15,295327,225453,520780,"",2021-11-16T00:30:00Z,2021-11-15T14:38:06.592886Z
Andhra Pradesh,2021-11-15,33775558,22507064,56282622,"",2021-11-16T00:30:00Z,2021-11-15T14:38:06.592886Z
Arunachal Pradesh,2021-11-15,780413,575811,1356224,"",2021-11-16T00:30:00Z,2021-11-15T14:38:06.592886Z
Assam,2021-11-15,20523943,9889494,30413437,"",2021-11-16T00:30:00Z,2021-11-15T14:38:06.592886Z
Bihar,2021-11-15,51328636,20703449,72032085,"",2021-11-16T00:30:00Z,2021-11-15T14:38:06.592886Z
Chandigarh,2021-11-15,932155,585577,1517732,"",2021-11-16T00:30:00Z,2021-11-15T14:38:06.592886Z
Chhattisgarh,2021-11-15,15287177,8164459,23451636,"",2021-11-16T00:30:00Z,2021-11-15T14:38:06.592886Z
Delhi,2021-11-15,13364671,8006419,21371090,"",2021-11-16T00:30:00Z,2021-11-15T14:38:06.592886Z
Goa,2021-11-15,1272753,978746,2251499,"",2021-11-16T00:30:00Z,2021-11-15T14:38:06.592886Z
Gujarat,2021-11-15,45123633,29693785,74817418,"",2021-11-16T00:30:00Z,2021-11-15T14:38:06.592886Z
Haryana,2021-11-15,18054240,8907175,26961415,"",2021-11-16T00:30:00Z,2021-11-15T14:38:06.592886Z
Himachal Pradesh,2021-11-15,5750858,4184721,9935579,"",2021-11-16T00:30:00Z,2021-11-15T14:38:06.592886Z
Jammu and Kashmir,2021-11-15,9555876,6329348,15885224,"",2021-11-16T00:30:00Z,2021-11-15T14:38:06.592886Z
Jharkhand,2021-11-15,15659910,6475815,22135725,"",2021-11-16T00:30:00Z,2021-11-15T14:38:06.592886Z
Karnataka,2021-11-15,43245749,25099360,68345109,"",2021-11-16T00:30:00Z,2021-11-15T14:38:06.592886Z
Kerala,2021-11-15,25514461,15532672,41047133,"",2021-11-16T00:30:00Z,2021-11-15T14:38:06.592886Z
Ladakh,2021-11-15,210105,160340,370445,"",2021-11-16T00:30:00Z,2021-11-15T14:38:06.592886Z
Lakshadweep,2021-11-15,55270,47735,103005,"",2021-11-16T00:30:00Z,2021-11-15T14:38:06.592886Z
Madhya Pradesh,2021-11-15,50300128,25619264,75919392,"",2021-11-16T00:30:00Z,2021-11-15T14:38:06.592886Z
Maharashtra,2021-11-15,69481128,33903430,103384558,"",2021-11-16T00:30:00Z,2021-11-15T14:38:06.592886Z
Manipur,2021-11-15,1263238,805167,2068405,"",2021-11-16T00:30:00Z,2021-11-15T14:38:06.592886Z
Meghalaya,2021-11-15,1130480,733030,1863510,"",2021-11-16T00:30:00Z,2021-11-15T14:38:06.592886Z
Mizoram,2021-11-15,718917,533992,1252909,"",2021-11-16T00:30:00Z,2021-11-15T14:38:06.592886Z
Nagaland,2021-11-15,718478,521318,1239796,"",2021-11-16T00:30:00Z,2021-11-15T14:38:06.592886Z
Odisha,2021-11-15,26892887,13661379,40554266,"",2021-11-16T00:30:00Z,2021-11-15T14:38:06.592886Z
Puducherry,2021-11-15,740835,427922,1168757,"",2021-11-16T00:30:00Z,2021-11-15T14:38:06.592886Z
Punjab,2021-11-15,16214583,6781625,22996208,"",2021-11-16T00:30:00Z,2021-11-15T14:38:06.592886Z
Rajasthan,2021-11-15,42893117,21602427,64495544,"",2021-11-16T00:30:00Z,2021-11-15T14:38:06.592886Z
Sikkim,2021-11-15,522481,460942,983423,"",2021-11-16T00:30:00Z,2021-11-15T14:38:06.592886Z
Tamil Nadu,2021-11-15,42283827,19934338,62218165,"",2021-11-16T00:30:00Z,2021-11-15T14:38:06.592886Z
Telangana,2021-11-15,23780188,11232373,35012561,"",2021-11-16T00:30:00Z,2021-11-15T14:38:06.592886Z
Tripura,2021-11-15,2524050,1854259,4378309,"",2021-11-16T00:30:00Z,2021-11-15T14:38:06.592886Z
Uttar Pradesh,2021-11-15,102397840,39007528,141405368,"",2021-11-16T00:30:00Z,2021-11-15T14:38:06.592886Z
Uttarakhand,2021-11-15,7517728,4377813,11895541,"",2021-11-16T00:30:00Z,2021-11-15T14:38:06.592886Z
West Bengal,2021-11-15,60289428,24602847,84892275,"",2021-11-16T00:30:00Z,2021-11-15T14:38:06.592886Z
Dadra and Nagar Haveli and Daman and Diu,2021-11-15,666314,401418,1067732,"",2021-11-16T00:30:00Z,2021-11-15T14:38:06.592886Z
India,2021-11-15,751066382,374528495,1125594877,"",2021-11-16T00:30:00Z,2021-11-15T14:38:06.592886Z
Andaman and Nicobar Islands,2021-11-16,295446,227813,523259,"",2021-11-17T00:30:00Z,2021-11-16T14:38:16.804705Z
Andhra Pradesh,2021-11-16,33813035,22661012,56474047,"",2021-11-17T00:30:00Z,2021-11-16T14:38:16.804705Z
Arunachal Pradesh,2021-11-16,781486,578714,1360200,"",2021-11-17T00:30:00Z,2021-11-16T14:38:16.804705Z
Assam,2021-11-16,20576692,10089587,30666279,"",2021-11-17T00:30:00Z,2021-11-16T14:38:16.804705Z
Bihar,2021-11-16,51567732,21132706,72700438,"",2021-11-17T00:30:00Z,2021-11-16T14:38:16.804705Z
Chandigarh,2021-11-16,932702,588809,1521511,"",2021-11-17T00:30:00Z,2021-11-16T14:38:16.804705Z
Chhattisgarh,2021-11-16,15340030,8235845,23575875,"",2021-11-17T00:30:00Z,2021-11-16T14:38:16.804705Z
Delhi,2021-11-16,13403712,8068159,21471871,"",2021-11-17T00:30:00Z,2021-11-16T14:38:16.804705Z
Goa,2021-11-16,1273307,982400,2255707,"",2021-11-17T00:30:00Z,2021-11-16T14:38:16.804705Z
Gujarat,2021-11-16,45177001,30145572,75322573,"",2021-11-17T00:30:00Z,2021-11-16T14:38:16.804705Z
Haryana,2021-11-16,18092797,8995161,27087958,"",2021-11-17T00:30:00Z,2021-11-16T14:38:16.804705Z
Himachal Pradesh,2021-11-16,5756501,4273097,10029598,"",2021-11-17T00:30:00Z,2021-11-16T14:38:16.804705Z
Jammu and Kashmir,2021-11-16,9559342,6397703,15957045,"",2021-11-17T00:30:00Z,2021-11-16T14:38:16.804705Z
Jharkhand,2021-11-16,15732492,6572637,22305129,"",2021-11-17T00:30:00Z,2021-11-16T14:38:16.804705Z
Karnataka,2021-11-16,43299710,25270265,68569975,"",2021-11-17T00:30:00Z,2021-11-16T14:38:16.804705Z
Kerala,2021-11-16,25533483,15747850,41281333,"",2021-11-17T00:30:00Z,2021-11-16T14:38:16.804705Z
Ladakh,2021-11-16,210254,161189,371443,"",2021-11-17T00:30:00Z,2021-11-16T14:38:16.804705Z
Lakshadweep,2021-11-16,55312,47965,103277,"",2021-11-17T00:30:00Z,2021-11-16T14:38:16.804705Z
Madhya Pradesh,2021-11-16,50335793,25969938,76305731,"",2021-11-17T00:30:00Z,2021-11-16T14:38:16.804705Z
Maharashtra,2021-11-16,69801555,34292903,104094458,"",2021-11-17T00:30:00Z,2021-11-16T14:38:16.804705Z
Manipur,2021-11-16,1264522,811490,2076012,"",2021-11-17T00:30:00Z,2021-11-16T14:38:16.804705Z
Meghalaya,2021-11-16,1134112,742243,1876355,"",2021-11-17T00:30:00Z,2021-11-16T14:38:16.804705Z
Mizoram,2021-11-16,720126,536626,1256752,"",2021-11-17T00:30:00Z,2021-11-16T14:38:16.804705Z
Nagaland,2021-11-16,719821,523633,1243454,"",2021-11-17T00:30:00Z,2021-11-16T14:38:16.804705Z
Odisha,2021-11-16,26966204,13810176,40776380,"",2021-11-17T00:30:00Z,2021-11-16T14:38:16.804705Z
Puducherry,2021-11-16,742062,431308,1173370,"",2021-11-17T00:30:00Z,2021-11-16T14:38:16.804705Z
Punjab,2021-11-16,16247537,6850630,23098167,"",2021-11-17T00:30:00Z,2021-11-16T14:38:16.804705Z
Rajasthan,2021-11-16,42932039,21782945,64714984,"",2021-11-17T00:30:00Z,2021-11-16T14:38:16.804705Z
Sikkim,2021-11-16,522598,461936,984534,"",2021-11-17T00:30:00Z,2021-11-16T14:38:16.804705Z
Tamil Nadu,2021-11-16,42408335,20141419,62549754,"",2021-11-17T00:30:00Z,2021-11-16T14:38:16.804705Z
Telangana,2021-11-16,23874949,11371418,35246367,"",2021-11-17T00:30:00Z,2021-11-16T14:38:16.804705Z
Tripura,2021-11-16,2525601,1872371,4397972,"",2021-11-17T00:30:00Z,2021-11-16T14:38:16.804705Z
Uttar Pradesh,2021-11-16,102980736,39848240,142828976,"",2021-11-17T00:30:00Z,2021-11-16T14:38:16.804705Z
Uttarakhand,2021-11-16,7522750,4432835,11955585,"",2021-11-17T00:30:00Z,2021-11-16T14:38:16.804705Z
West Bengal,2021-11-16,60548688,24907764,85456452,"",2021-11-17T00:30:00Z,2021-11-16T14:38:16.804705Z
Dadra and Nagar Haveli and Daman and Diu,2021-11-16,667085,405652,1072737,"",2021-11-17T00:30:00Z,2021-11-16T14:38:16.804705Z
India,2021-11-16,753315547,379370011,1132685558,"",2021-11-17T00:30:00Z,2021-11-16T14:38:16.804705Z
Andaman and Nicobar Islands,2021-11-17,295583,230584,526167,"",2021-11-18T00:30:00Z,2021-11-17T14:38:44.516261Z
Andhra Pradesh,2021-11-17,33844494,22783161,56627655,"",2021-11-18T00:30:00Z,2021-11-17T14:38:44.516261Z
Arunachal Pradesh,2021-11-17,782691,581641,1364332,"",2021-11-18T00:30:00Z,2021-11-17T14:38:44.516261Z
Assam,2021-11-17,20616279,10212811,30829090,"",2021-11-18T00:30:00Z,2021-11-17T14:38:44.516261Z
Bihar,2021-11-17,51721325,21399274,73120599,"",2021-11-18T00:30:00Z,2021-11-17T14:38:44.516261Z
Chandigarh,2021-11-17,933259,591834,1525093,"",2021-11-18T00:30:00Z,2021-11-17T14:38:44.516261Z
Chhattisgarh,2021-11-17,15409297,8319045,23728342,"",2021-11-18T00:30:00Z,2021-11-17T14:38:44.516261Z
Delhi,2021-11-17,13436094,8116521,21552615,"",2021-11-18T00:30:00Z,2021-11-17T14:38:44.516261Z
Goa,2021-11-17,1273897,985926,2259823,"",2021-11-18T00:30:00Z,2021-11-17T14:38:44.516261Z
Gujarat,2021-11-17,45227865,30519019,75746884,"",2021-11-18T00:30:00Z,2021-11-17T14:38:44.516261Z
Haryana,2021-11-17,18123767,9065819,27189586,"",2021-11-18T00:30:00Z,2021-11-17T14:38:44.516261Z
Himachal Pradesh,2021-11-17,5762267,4355884,10118151,"",2021-11-18T00:30:00Z,2021-11-17T14:38:44.516261Z
Jammu and Kashmir,2021-11-17,9562769,6452413,16015182,"",2021-11-18T00:30:00Z,2021-11-17T14:38:44.516261Z
Jharkhand,2021-11-17,15800311,6670201,22470512,"",2021-11-18T00:30:00Z,2021-11-17T14:38:44.516261Z
Karnataka,2021-11-17,43441128,25826448,69267576,"",2021-11-18T00:30:00Z,2021-11-17T14:38:44.516261Z
Kerala,2021-11-17,25540809,15812915,41353724,"",2021-11-18T00:30:00Z,2021-11-17T14:38:44.516261Z
Ladakh,2021-11-17,210387,161916,372303,"",2021-11-18T00:30:00Z,2021-11-17T14:38:44.516261Z
Lakshadweep,2021-11-17,55328,48047,103375,"",2021-11-18T00:30:00Z,2021-11-17T14:38:44.516261Z
Madhya Pradesh,2021-11-17,50456163,27543593,77999756,"",2021-11-18T00:30:00Z,2021-11-17T14:38:44.516261Z
Maharashtra,2021-11-17,70118259,34655442,104773701,"",2021-11-18T00:30:00Z,2021-11-17T14:38:44.516261Z
Manipur,2021-11-17,1265965,817688,2083653,"",2021-11-18T00:30:00Z,2021-11-17T14:38:44.516261Z
Meghalaya,2021-11-17,1136168,747908,1884076,"",2021-11-18T00:30:00Z,2021-11-17T14:38:44.516261Z
Mizoram,2021-11-17,721617,540377,1261994,"",2021-11-18T00:30:00Z,2021-11-17T14:38:44.516261Z
Nagaland,2021-11-17,721075,525873,1246948,"",2021-11-18T00:30:00Z,2021-11-17T14:38:44.516261Z
Odisha,2021-11-17,27038036,13946672,40984708,"",2021-11-18T00:30:00Z,2021-11-17T14:38:44.516261Z
Puducherry,2021-11-17,743105,434152,1177257,"",2021-11-18T00:30:00Z,2021-11-17T14:38:44.516261Z
Punjab,2021-11-17,16270383,6897994,23168377,"",2021-11-18T00:30:00Z,2021-11-17T14:38:44.516261Z
Rajasthan,2021-11-17,42966848,21945949,64912797,"",2021-11-18T00:30:00Z,2021-11-17T14:38:44.516261Z
Sikkim,2021-11-17,522682,462858,985540,"",2021-11-18T00:30:00Z,2021-11-17T14:38:44.516261Z
Tamil Nadu,2021-11-17,42559262,20367137,62926399,"",2021-11-18T00:30:00Z,2021-11-17T14:38:44.516261Z
Telangana,2021-11-17,23953994,11482708,35436702,"",2021-11-18T00:30:00Z,2021-11-17T14:38:44.516261Z
Tripura,2021-11-17,2526866,1885231,4412097,"",2021-11-18T00:30:00Z,2021-11-17T14:38:44.516261Z
Uttar Pradesh,2021-11-17,103452024,40470226,143922250,"",2021-11-18T00:30:00Z,2021-11-17T14:38:44.516261Z
Uttarakhand,2021-11-17,7527364,4481892,12009256,"",2021-11-18T00:30:00Z,2021-11-17T14:38:44.516261Z
West Bengal,2021-11-17,60753340,25178086,85931426,"",2021-11-18T00:30:00Z,2021-11-17T14:38:44.516261Z
Dadra and Nagar Haveli and Daman and Diu,2021-11-17,667921,409140,1077061,"",2021-11-18T00:30:00Z,2021-11-17T14:38:44.516261Z
India,2021-11-17,755438622,384926385,1140365007,"",2021-11-18T00:30:00Z,2021-11-17T14:38:44.516261Z
Andaman and Nicobar Islands,2021-11-18,295679,233727,529406,"",2021-11-19T00:30:00Z,2021-11-18T14:42:17.551191Z
Andhra Pradesh,2021-11-18,33874602,22914114,56788716,"",2021-11-19T00:30:00Z,2021-11-18T14:42:17.551191Z
Arunachal Pradesh,2021-11-18,783959,584325,1368284,"",2021-11-19T00:30:00Z,2021-11-18T14:42:17.551191Z
Assam,2021-11-18,20671944,10396563,31068507,"",2021-11-19T00:30:00Z,2021-11-18T14:42:17.551191Z
Bihar,2021-11-18,51959385,21786064,73745449,"",2021-11-19T00:30:00Z,2021-11-18T14:42:17.551191Z
Chandigarh,2021-11-18,933940,595114,1529054,"",2021-11-19T00:30:00Z,2021-11-18T14:42:17.551191Z
Chhattisgarh,2021-11-18,15529625,8452144,23981769,"",2021-11-19T00:30:00Z,2021-11-18T14:42:17.551191Z
Delhi,2021-11-18,13474369,8174907,21649276,"",2021-11-19T00:30:00Z,2021-11-18T14:42:17.551191Z
Goa,2021-11-18,1274409,989047,2263456,"",2021-11-19T00:30:00Z,2021-11-18T14:42:17.551191Z
Gujarat,2021-11-18,45286983,30960070,76247053,"",2021-11-19T00:30:00Z,2021-11-18T14:42:17.551191Z
Haryana,2021-11-18,18168760,9152506,27321266,"",2021-11-19T00:30:00Z,2021-11-18T14:42:17.551191Z
Himachal Pradesh,2021-11-18,5767715,4433728,10201443,"",2021-11-19T00:30:00Z,2021-11-18T14:42:17.551191Z
Jammu and Kashmir,2021-11-18,9565898,6497137,16063035,"",2021-11-19T00:30:00Z,2021-11-18T14:42:17.551191Z
Jharkhand,2021-11-18,15860295,6756435,22616730,"",2021-11-19T00:30:00Z,2021-11-18T14:42:17.551191Z
Karnataka,2021-11-18,43516245,26039762,69556007,"",2021-11-19T00:30:00Z,2021-11-18T14:42:17.551191Z
Kerala,2021-11-18,25556390,15986486,41542876,"",2021-11-19T00:30:00Z,2021-11-18T14:42:17.551191Z
Ladakh,2021-11-18,210531,163073,373604,"",2021-11-19T00:30:00Z,2021-11-18T14:42:17.551191Z
Lakshadweep,2021-11-18,55335,48229,103564,"",2021-11-19T00:30:00Z,2021-11-18T14:42:17.551191Z
Madhya Pradesh,2021-11-18,50518222,28337174,78855396,"",2021-11-19T00:30:00Z,2021-11-18T14:42:17.551191Z
Maharashtra,2021-11-18,70437843,35017125,105454968,"",2021-11-19T00:30:00Z,2021-11-18T14:42:17.551191Z
Manipur,2021-11-18,1267217,823202,2090419,"",2021-11-19T00:30:00Z,2021-11-18T14:42:17.551191Z
Meghalaya,2021-11-18,1139013,755646,1894659,"",2021-11-19T00:30:00Z,2021-11-18T14:42:17.551191Z
Mizoram,2021-11-18,722990,542950,1265940,"",2021-11-19T00:30:00Z,2021-11-18T14:42:17.551191Z
Nagaland,2021-11-18,721852,527588,1249440,"",2021-11-19T00:30:00Z,2021-11-18T14:42:17.551191Z
Odisha,2021-11-18,27112080,14082137,41194217,"",2021-11-19T00:30:00Z,2021-11-18T14:42:17.551191Z
Puducherry,2021-11-18,743341,434881,1178222,"",2021-11-19T00:30:00Z,2021-11-18T14:42:17.551191Z
Punjab,2021-11-18,16298140,6959691,23257831,"",2021-11-19T00:30:00Z,2021-11-18T14:42:17.551191Z
Rajasthan,2021-11-18,42997168,22092503,65089671,"",2021-11-19T00:30:00Z,2021-11-18T14:42:17.551191Z
Sikkim,2021-11-18,522764,464060,986824,"",2021-11-19T00:30:00Z,2021-11-18T14:42:17.551191Z
Tamil Nadu,2021-11-18,42849265,20818561,63667826,"",2021-11-19T00:30:00Z,2021-11-18T14:42:17.551191Z
Telangana,2021-11-18,24049356,11638166,35687522,"",2021-11-19T00:30:00Z,2021-11-18T14:42:17.551191Z
Tripura,2021-11-18,2528613,1901815,4430428,"",2021-11-19T00:30:00Z,2021-11-18T14:42:17.551191Z
Uttar Pradesh,2021-11-18,104072937,41294258,145367195,"",2021-11-19T00:30:00Z,2021-11-18T14:42:17.551191Z
Uttarakhand,2021-11-18,7531934,4531978,12063912,"",2021-11-19T00:30:00Z,2021-11-18T14:42:17.551191Z
West Bengal,2021-11-18,60892222,25390566,86282788,"",2021-11-19T00:30:00Z,2021-11-18T14:42:17.551191Z
Dadra and Nagar Haveli and Daman and Diu,2021-11-18,668650,412916,1081566,"",2021-11-19T00:30:00Z,2021-11-18T14:42:17.551191Z
India,2021-11-18,757859671,390188648,1148048319,"",2021-11-19T00:30:00Z,2021-11-18T14:42:17.551191Z
Andaman and Nicobar Islands,2021-11-19,295691,234537,530228,"",2021-11-20T00:30:00Z,2021-11-19T14:42:02.890795Z
Andhra Pradesh,2021-11-19,33898229,23028520,56926749,"",2021-11-20T00:30:00Z,2021-11-19T14:42:02.890795Z
Arunachal Pradesh,2021-11-19,784648,585580,1370228,"",2021-11-20T00:30:00Z,2021-11-19T14:42:02.890795Z
Assam,2021-11-19,20726677,10567508,31294185,"",2021-11-20T00:30:00Z,2021-11-19T14:42:02.890795Z
Bihar,2021-11-19,52143049,22076748,74219797,"",2021-11-20T00:30:00Z,2021-11-19T14:42:02.890795Z
Chandigarh,2021-11-19,934205,596587,1530792,"",2021-11-20T00:30:00Z,2021-11-19T14:42:02.890795Z
Chhattisgarh,2021-11-19,15606810,8531363,24138173,"",2021-11-20T00:30:00Z,2021-11-19T14:42:02.890795Z
Delhi,2021-11-19,13500762,8219893,21720655,"",2021-11-20T00:30:00Z,2021-11-19T14:42:02.890795Z
Goa,2021-11-19,1274909,992087,2266996,"",2021-11-20T00:30:00Z,2021-11-19T14:42:02.890795Z
Gujarat,2021-11-19,45328391,31251784,76580175,"",2021-11-20T00:30:00Z,2021-11-19T14:42:02.890795Z
Haryana,2021-11-19,18198231,9196486,27394717,"",2021-11-20T00:30:00Z,2021-11-19T14:42:02.890795Z
Himachal Pradesh,2021-11-19,5771800,4495176,10266976,"",2021-11-20T00:30:00Z,2021-11-19T14:42:02.890795Z
Jammu and Kashmir,2021-11-19,9567917,6530699,16098616,"",2021-11-20T00:30:00Z,2021-11-19T14:42:02.890795Z
Jharkhand,2021-11-19,15923688,6845448,22769136,"",2021-11-20T00:30:00Z,2021-11-19T14:42:02.890795Z
Karnataka,2021-11-19,43597620,26287631,69885251,"",2021-11-20T00:30:00Z,2021-11-19T14:42:02.890795Z
Kerala,2021-11-19,25570660,16149467,41720127,"",2021-11-20T00:30:00Z,2021-11-19T14:42:02.890795Z
Ladakh,2021-11-19,210562,163132,373694,"",2021-11-20T00:30:00Z,2021-11-19T14:42:02.890795Z
Lakshadweep,2021-11-19,55337,48345,103682,"",2021-11-20T00:30:00Z,2021-11-19T14:42:02.890795Z
Madhya Pradesh,2021-11-19,50552984,28732964,79285948,"",2021-11-20T00:30:00Z,2021-11-19T14:42:02.890795Z
Maharashtra,2021-11-19,70673698,35280379,105954077,"",2021-11-20T00:30:00Z,2021-11-19T14:42:02.890795Z
Manipur,2021-11-19,1268542,828929,2097471,"",2021-11-20T00:30:00Z,2021-11-19T14:42:02.890795Z
Meghalaya,2021-11-19,1142029,763136,1905165,"",2021-11-20T00:30:00Z,2021-11-19T14:42:02.890795Z
Mizoram,2021-11-19,723355,543493,1266848,"",2021-11-20T00:30:00Z,2021-11-19T14:42:02.890795Z
Nagaland,2021-11-19,722522,528395,1250917,"",2021-11-20T00:30:00Z,2021-11-19T14:42:02.890795Z
Odisha,2021-11-19,27170374,14188424,41358798,"",2021-11-20T00:30:00Z,2021-11-19T14:42:02.890795Z
Puducherry,2021-11-19,743881,436752,1180633,"",2021-11-20T00:30:00Z,2021-11-19T14:42:02.890795Z
Punjab,2021-11-19,16306219,6973728,23279947,"",2021-11-20T00:30:00Z,2021-11-19T14:42:02.890795Z
Rajasthan,2021-11-19,43012207,22162210,65174417,"",2021-11-20T00:30:00Z,2021-11-19T14:42:02.890795Z
Sikkim,2021-11-19,522802,464799,987601,"",2021-11-20T00:30:00Z,2021-11-19T14:42:02.890795Z
Tamil Nadu,2021-11-19,42973683,20972629,63946312,"",2021-11-20T00:30:00Z,2021-11-19T14:42:02.890795Z
Telangana,2021-11-19,24136047,11757828,35893875,"",2021-11-20T00:30:00Z,2021-11-19T14:42:02.890795Z
Tripura,2021-11-19,2530146,1920118,4450264,"",2021-11-20T00:30:00Z,2021-11-19T14:42:02.890795Z
Uttar Pradesh,2021-11-19,104632218,42030559,146662777,"",2021-11-20T00:30:00Z,2021-11-19T14:42:02.890795Z
Uttarakhand,2021-11-19,7535403,4570148,12105551,"",2021-11-20T00:30:00Z,2021-11-19T14:42:02.890795Z
West Bengal,2021-11-19,61089936,25624749,86714685,"",2021-11-20T00:30:00Z,2021-11-19T14:42:02.890795Z
Dadra and Nagar Haveli and Daman and Diu,2021-11-19,669376,416388,1085764,"",2021-11-20T00:30:00Z,2021-11-19T14:42:02.890795Z
India,2021-11-19,759794608,393996619,1153791227,"",2021-11-20T00:30:00Z,2021-11-19T14:42:02.890795Z
Andaman and Nicobar Islands,2021-11-20,295805,237779,533584,"",2021-11-21T01:00:00Z,2021-11-20T14:42:22.660728Z
Andhra Pradesh,2021-11-20,33926670,23189560,57116230,"",2021-11-21T01:00:00Z,2021-11-20T14:42:22.660728Z
Arunachal Pradesh,2021-11-20,785723,588396,1374119,"",2021-11-21T01:00:00Z,2021-11-20T14:42:22.660728Z
Assam,2021-11-20,20776177,10715058,31491235,"",2021-11-21T01:00:00Z,2021-11-20T14:42:22.660728Z
Bihar,2021-11-20,52390422,22481546,74871968,"",2021-11-21T01:00:00Z,2021-11-20T14:42:22.660728Z
Chandigarh,2021-11-20,934895,600675,1535570,"",2021-11-21T01:00:00Z,2021-11-20T14:42:22.660728Z
Chhattisgarh,2021-11-20,15675389,8612760,24288149,"",2021-11-21T01:00:00Z,2021-11-20T14:42:22.660728Z
Delhi,2021-11-20,13537504,8284917,21822421,"",2021-11-21T01:00:00Z,2021-11-20T14:42:22.660728Z
Goa,2021-11-20,1275648,996180,2271828,"",2021-11-21T01:00:00Z,2021-11-20T14:42:22.660728Z
Gujarat,2021-11-20,45376241,31617780,76994021,"",2021-11-21T01:00:00Z,2021-11-20T14:42:22.660728Z
Haryana,2021-11-20,18233150,9270799,27503949,"",2021-11-21T01:00:00Z,2021-11-20T14:42:22.660728Z
Himachal Pradesh,2021-11-20,5776687,4562286,10338973,"",2021-11-21T01:00:00Z,2021-11-20T14:42:22.660728Z
Jammu and Kashmir,2021-11-20,9571569,6574566,16146135,"",2021-11-21T01:00:00Z,2021-11-20T14:42:22.660728Z
Jharkhand,2021-11-20,15976164,6917710,22893874,"",2021-11-21T01:00:00Z,2021-11-20T14:42:22.660728Z
Karnataka,2021-11-20,43678081,26534021,70212102,"",2021-11-21T01:00:00Z,2021-11-20T14:42:22.660728Z
Kerala,2021-11-20,25583330,16288468,41871798,"",2021-11-21T01:00:00Z,2021-11-20T14:42:22.660728Z
Ladakh,2021-11-20,210692,164244,374936,"",2021-11-21T01:00:00Z,2021-11-20T14:42:22.660728Z
Lakshadweep,2021-11-20,55341,48437,103778,"",2021-11-21T01:00:00Z,2021-11-20T14:42:22.660728Z
Madhya Pradesh,2021-11-20,50609455,29427864,80037319,"",2021-11-21T01:00:00Z,2021-11-20T14:42:22.660728Z
Maharashtra,2021-11-20,70984381,35686511,106670892,"",2021-11-21T01:00:00Z,2021-11-20T14:42:22.660728Z
Manipur,2021-11-20,1269817,833484,2103301,"",2021-11-21T01:00:00Z,2021-11-20T14:42:22.660728Z
Meghalaya,2021-11-20,1144562,768178,1912740,"",2021-11-21T01:00:00Z,2021-11-20T14:42:22.660728Z
Mizoram,2021-11-20,723651,543611,1267262,"",2021-11-21T01:00:00Z,2021-11-20T14:42:22.660728Z
Nagaland,2021-11-20,723196,528853,1252049,"",2021-11-21T01:00:00Z,2021-11-20T14:42:22.660728Z
Odisha,2021-11-20,27236977,14325939,41562916,"",2021-11-21T01:00:00Z,2021-11-20T14:42:22.660728Z
Puducherry,2021-11-20,744733,439450,1184183,"",2021-11-21T01:00:00Z,2021-11-20T14:42:22.660728Z
Punjab,2021-11-20,16329467,7030242,23359709,"",2021-11-21T01:00:00Z,2021-11-20T14:42:22.660728Z
Rajasthan,2021-11-20,43055220,22414252,65469472,"",2021-11-21T01:00:00Z,2021-11-20T14:42:22.660728Z
Sikkim,2021-11-20,522839,465066,987905,"",2021-11-21T01:00:00Z,2021-11-20T14:42:22.660728Z
Tamil Nadu,2021-11-20,43108932,21155403,64264335,"",2021-11-21T01:00:00Z,2021-11-20T14:42:22.660728Z
Telangana,2021-11-20,24224911,11885758,36110669,"",2021-11-21T01:00:00Z,2021-11-20T14:42:22.660728Z
Tripura,2021-11-20,2531335,1935295,4466630,"",2021-11-21T01:00:00Z,2021-11-20T14:42:22.660728Z
Uttar Pradesh,2021-11-20,105193931,42705030,147898961,"",2021-11-21T01:00:00Z,2021-11-20T14:42:22.660728Z
Uttarakhand,2021-11-20,7538980,4610206,12149186,"",2021-11-21T01:00:00Z,2021-11-20T14:42:22.660728Z
West Bengal,2021-11-20,61338996,25915600,87254596,"",2021-11-21T01:00:00Z,2021-11-20T14:42:22.660728Z
Dadra and Nagar Haveli and Daman and Diu,2021-11-20,670004,419443,1089447,"",2021-11-21T01:00:00Z,2021-11-20T14:42:22.660728Z
India,2021-11-20,762010875,398775367,1160786242,"",2021-11-21T01:00:00Z,2021-11-20T14:42:22.660728Z
Andaman and Nicobar Islands,2021-11-21,295833,238351,534184,"",2021-11-22T01:00:00Z,2021-11-21T14:42:55.692132Z
Andhra Pradesh,2021-11-21,33931481,23204438,57135919,"",2021-11-22T01:00:00Z,2021-11-21T14:42:55.692132Z
Arunachal Pradesh,2021-11-21,785992,588901,1374893,"",2021-11-22T01:00:00Z,2021-11-21T14:42:55.692132Z
Assam,2021-11-21,20804318,10772950,31577268,"",2021-11-22T01:00:00Z,2021-11-21T14:42:55.692132Z
Bihar,2021-11-21,52509055,22650580,75159635,"",2021-11-22T01:00:00Z,2021-11-21T14:42:55.692132Z
Chandigarh,2021-11-21,935144,602044,1537188,"",2021-11-22T01:00:00Z,2021-11-21T14:42:55.692132Z
Chhattisgarh,2021-11-21,15722755,8678252,24401007,"",2021-11-22T01:00:00Z,2021-11-21T14:42:55.692132Z
Delhi,2021-11-21,13546219,8297563,21843782,"",2021-11-22T01:00:00Z,2021-11-21T14:42:55.692132Z
Goa,2021-11-21,1276474,1000250,2276724,"",2021-11-22T01:00:00Z,2021-11-21T14:42:55.692132Z
Gujarat,2021-11-21,45392694,31716858,77109552,"",2021-11-22T01:00:00Z,2021-11-21T14:42:55.692132Z
Haryana,2021-11-21,18255366,9307966,27563332,"",2021-11-22T01:00:00Z,2021-11-21T14:42:55.692132Z
Himachal Pradesh,2021-11-21,5779073,4602079,10381152,"",2021-11-22T01:00:00Z,2021-11-21T14:42:55.692132Z
Jammu and Kashmir,2021-11-21,9572894,6610329,16183223,"",2021-11-22T01:00:00Z,2021-11-21T14:42:55.692132Z
Jharkhand,2021-11-21,16030940,6995381,23026321,"",2021-11-22T01:00:00Z,2021-11-21T14:42:55.692132Z
Karnataka,2021-11-21,43715692,26597477,70313169,"",2021-11-22T01:00:00Z,2021-11-21T14:42:55.692132Z
Kerala,2021-11-21,25584037,16295618,41879655,"",2021-11-22T01:00:00Z,2021-11-21T14:42:55.692132Z
Ladakh,2021-11-21,210700,164312,375012,"",2021-11-22T01:00:00Z,2021-11-21T14:42:55.692132Z
Lakshadweep,2021-11-21,55351,48509,103860,"",2021-11-22T01:00:00Z,2021-11-21T14:42:55.692132Z
Madhya Pradesh,2021-11-21,50627378,29609447,80236825,"",2021-11-22T01:00:00Z,2021-11-21T14:42:55.692132Z
Maharashtra,2021-11-21,71088257,35775417,106863674,"",2021-11-22T01:00:00Z,2021-11-21T14:42:55.692132Z
Manipur,2021-11-21,1270396,835172,2105568,"",2021-11-22T01:00:00Z,2021-11-21T14:42:55.692132Z
Meghalaya,2021-11-21,1146243,769700,1915943,"",2021-11-22T01:00:00Z,2021-11-21T14:42:55.692132Z
Mizoram,2021-11-21,723932,543621,1267553,"",2021-11-22T01:00:00Z,2021-11-21T14:42:55.692132Z
Nagaland,2021-11-21,725309,530442,1255751,"",2021-11-22T01:00:00Z,2021-11-21T14:42:55.692132Z
Odisha,2021-11-21,27258204,14365866,41624070,"",2021-11-22T01:00:00Z,2021-11-21T14:42:55.692132Z
Puducherry,2021-11-21,744984,440119,1185103,"",2021-11-22T01:00:00Z,2021-11-21T14:42:55.692132Z
Punjab,2021-11-21,16337035,7045088,23382123,"",2021-11-22T01:00:00Z,2021-11-21T14:42:55.692132Z
Rajasthan,2021-11-21,43065043,22472087,65537130,"",2021-11-22T01:00:00Z,2021-11-21T14:42:55.692132Z
Sikkim,2021-11-21,522839,465066,987905,"",2021-11-22T01:00:00Z,2021-11-21T14:42:55.692132Z
Tamil Nadu,2021-11-21,43591725,22084917,65676642,"",2021-11-22T01:00:00Z,2021-11-21T14:42:55.692132Z
Telangana,2021-11-21,24250561,11908643,36159204,"",2021-11-22T01:00:00Z,2021-11-21T14:42:55.692132Z
Tripura,2021-11-21,2531517,1938195,4469712,"",2021-11-22T01:00:00Z,2021-11-21T14:42:55.692132Z
Uttar Pradesh,2021-11-21,105552278,42970724,148523002,"",2021-11-22T01:00:00Z,2021-11-21T14:42:55.692132Z
Uttarakhand,2021-11-21,7540378,4628672,12169050,"",2021-11-22T01:00:00Z,2021-11-21T14:42:55.692132Z
West Bengal,2021-11-21,61443875,25984506,87428381,"",2021-11-22T01:00:00Z,2021-11-21T14:42:55.692132Z
Dadra and Nagar Haveli and Daman and Diu,2021-11-21,670034,419546,1089580,"",2021-11-22T01:00:00Z,2021-11-21T14:42:55.692132Z
India,2021-11-21,763494006,401159086,1164653092,"",2021-11-22T01:00:00Z,2021-11-21T14:42:55.692132Z
Andaman and Nicobar Islands,2021-11-22,295967,240985,536952,,2021-11-23T01:00:00Z,2021-11-22T14:43:19.130565Z
Andhra Pradesh,2021-11-22,33988092,23426515,57414607,,2021-11-23T01:00:00Z,2021-11-22T14:43:19.130565Z
Arunachal Pradesh,2021-11-22,787468,593147,1380615,,2021-11-23T01:00:00Z,2021-11-22T14:43:19.130565Z
Assam,2021-11-22,20846609,10947809,31794418,,2021-11-23T01:00:00Z,2021-11-22T14:43:19.130565Z
Bihar,2021-11-22,52703255,23044159,75747414,,2021-11-23T01:00:00Z,2021-11-22T14:43:19.130565Z
Chandigarh,2021-11-22,935867,605663,1541530,,2021-11-23T01:00:00Z,2021-11-22T14:43:19.130565Z
Chhattisgarh,2021-11-22,15793756,8771681,24565437,,2021-11-23T01:00:00Z,2021-11-22T14:43:19.130565Z
Delhi,2021-11-22,13587417,8365836,21953253,,2021-11-23T01:00:00Z,2021-11-22T14:43:19.130565Z
Goa,2021-11-22,1277203,1004127,2281330,,2021-11-23T01:00:00Z,2021-11-22T14:43:19.130565Z
Gujarat,2021-11-22,45443001,32043197,77486198,,2021-11-23T01:00:00Z,2021-11-22T14:43:19.130565Z
Haryana,2021-11-22,18293597,9402908,27696505,,2021-11-23T01:00:00Z,2021-11-22T14:43:19.130565Z
Himachal Pradesh,2021-11-22,5784057,4672210,10456267,,2021-11-23T01:00:00Z,2021-11-22T14:43:19.130565Z
Jammu and Kashmir,2021-11-22,9576256,6670981,16247237,,2021-11-23T01:00:00Z,2021-11-22T14:43:19.130565Z
Jharkhand,2021-11-22,16090060,7084445,23174505,,2021-11-23T01:00:00Z,2021-11-22T14:43:19.130565Z
Karnataka,2021-11-22,43781586,26760325,70541911,,2021-11-23T01:00:00Z,2021-11-22T14:43:19.130565Z
Kerala,2021-11-22,25594254,16392859,41987113,,2021-11-23T01:00:00Z,2021-11-22T14:43:19.130565Z
Ladakh,2021-11-22,210948,165954,376902,,2021-11-23T01:00:00Z,2021-11-22T14:43:19.130565Z
Lakshadweep,2021-11-22,55354,48589,103943,,2021-11-23T01:00:00Z,2021-11-22T14:43:19.130565Z
Madhya Pradesh,2021-11-22,50675689,30167952,80843641,,2021-11-23T01:00:00Z,2021-11-22T14:43:19.130565Z
Maharashtra,2021-11-22,71418359,36259824,107678183,,2021-11-23T01:00:00Z,2021-11-22T14:43:19.130565Z
Manipur,2021-11-22,1271884,840353,2112237,,2021-11-23T01:00:00Z,2021-11-22T14:43:19.130565Z
Meghalaya,2021-11-22,1149216,775994,1925210,,2021-11-23T01:00:00Z,2021-11-22T14:43:19.130565Z
Mizoram,2021-11-22,725022,545476,1270498,,2021-11-23T01:00:00Z,2021-11-22T14:43:19.130565Z
Nagaland,2021-11-22,727438,533592,1261030,,2021-11-23T01:00:00Z,2021-11-22T14:43:19.130565Z
Odisha,2021-11-22,27325976,14524359,41850335,,2021-11-23T01:00:00Z,2021-11-22T14:43:19.130565Z
Puducherry,2021-11-22,746338,443394,1189732,,2021-11-23T01:00:00Z,2021-11-22T14:43:19.130565Z
Punjab,2021-11-22,16360207,7102981,23463188,,2021-11-23T01:00:00Z,2021-11-22T14:43:19.130565Z
Rajasthan,2021-11-22,43105791,22698374,65804165,,2021-11-23T01:00:00Z,2021-11-22T14:43:19.130565Z
Sikkim,2021-11-22,522891,465895,988786,,2021-11-23T01:00:00Z,2021-11-22T14:43:19.130565Z
Tamil Nadu,2021-11-22,43759570,22290745,66050315,,2021-11-23T01:00:00Z,2021-11-22T14:43:19.130565Z
Telangana,2021-11-22,24344580,12031612,36376192,,2021-11-23T01:00:00Z,2021-11-22T14:43:19.130565Z
Tripura,2021-11-22,2533088,1949638,4482726,,2021-11-23T01:00:00Z,2021-11-22T14:43:19.130565Z
Uttar Pradesh,2021-11-22,106275343,43781816,150057159,,2021-11-23T01:00:00Z,2021-11-22T14:43:19.130565Z
Uttarakhand,2021-11-22,7544802,4678621,12223423,,2021-11-23T01:00:00Z,2021-11-22T14:43:19.130565Z
West Bengal,2021-11-22,61720613,26361857,88082470,,2021-11-23T01:00:00Z,2021-11-22T14:43:19.130565Z
Dadra and Nagar Haveli and Daman and Diu,2021-11-22,670829,422353,1093182,,2021-11-23T01:00:00Z,2021-11-22T14:43:19.130565Z
India,2021-11-22,765922383,406116226,1172038609,,2021-11-23T01:00:00Z,2021-11-22T14:43:19.130565Z
