Dates	variable	value	upper_ci	color	type
2020-03-15	True	13	NA	Observed	solid
2020-03-16	True	13	NA	Observed	solid
2020-03-17	True	15	NA	Observed	solid
2020-03-18	True	17	NA	Observed	solid
2020-03-19	True	20	NA	Observed	solid
2020-03-20	True	24	NA	Observed	solid
2020-03-21	True	28	NA	Observed	solid
2020-03-22	True	30	NA	Observed	solid
2020-03-23	True	32	NA	Observed	solid
2020-03-23	mod_2	499	NA	Soc. Dist. + Travel Ban	solid
2020-03-23	mod_3	499	NA	No Intervention	solid
2020-03-23	mod_4	499	NA	Moderate return	solid
2020-03-23	mod_5	499	NA	Normal (pre-intervention)	solid
2020-03-23	mod_6	499	NA	Cautious return	solid
2020-03-24	True	35	NA	Observed	solid
2020-03-25	True	38	NA	Observed	solid
2020-03-26	True	42	NA	Observed	solid
2020-03-27	True	49	NA	Observed	solid
2020-03-28	True	65	NA	Observed	solid
2020-03-29	True	72	NA	Observed	solid
2020-03-30	True	96	NA	Observed	solid
2020-03-31	True	104	NA	Observed	solid
2020-04-01	True	117	NA	Observed	solid
2020-04-02	True	128	NA	Observed	solid
2020-04-03	True	174	NA	Observed	solid
2020-04-04	True	234	NA	Observed	solid
2020-04-05	True	278	NA	Observed	solid
2020-04-06	True	305	NA	Observed	solid
2020-04-07	True	332	NA	Observed	solid
2020-04-08	True	361	NA	Observed	solid
2020-04-09	True	410	NA	Observed	solid
2020-04-10	True	433	NA	Observed	solid
2020-04-11	True	452	NA	Observed	solid
2020-04-12	True	483	NA	Observed	solid
2020-04-13	True	558	NA	Observed	solid
2020-04-14	True	660	NA	Observed	solid
2020-04-15	True	735	NA	Observed	solid
2020-04-16	True	805	NA	Observed	solid
2020-04-17	True	849	NA	Observed	solid
2020-04-18	mod_2	994	6041	Soc. Dist. + Travel Ban	solid
2020-04-18	mod_3	973	6094	No Intervention	solid
2020-04-18	mod_4	858	5728	Moderate return	solid
2020-04-18	mod_5	859	5794	Normal (pre-intervention)	solid
2020-04-18	mod_6	858	5695	Cautious return	solid
2020-04-19	mod_2	1174	7085	Soc. Dist. + Travel Ban	solid
2020-04-19	mod_3	1128	6950	No Intervention	solid
2020-04-19	mod_4	912	6121	Moderate return	solid
2020-04-19	mod_5	912	6111	Normal (pre-intervention)	solid
2020-04-19	mod_6	914	6114	Cautious return	solid
2020-04-20	mod_2	1390	8273	Soc. Dist. + Travel Ban	solid
2020-04-20	mod_3	1315	7941	No Intervention	solid
2020-04-20	mod_4	966	6620	Moderate return	solid
2020-04-20	mod_5	965	6573	Normal (pre-intervention)	solid
2020-04-20	mod_6	968	6634	Cautious return	solid
2020-04-21	mod_2	1653	9769	Soc. Dist. + Travel Ban	solid
2020-04-21	mod_3	1540	9262	No Intervention	solid
2020-04-21	mod_4	1021	7066	Moderate return	solid
2020-04-21	mod_5	1019	7041	Normal (pre-intervention)	solid
2020-04-21	mod_6	1023	7051	Cautious return	solid
2020-04-22	mod_2	1981	11755	Soc. Dist. + Travel Ban	solid
2020-04-22	mod_3	1812	10898	No Intervention	solid
2020-04-22	mod_4	1073	7470	Moderate return	solid
2020-04-22	mod_5	1072	7501	Normal (pre-intervention)	solid
2020-04-22	mod_6	1077	7505	Cautious return	solid
2020-04-23	mod_2	2395	14369	Soc. Dist. + Travel Ban	solid
2020-04-23	mod_3	2148	13050	No Intervention	solid
2020-04-23	mod_4	1125	7916	Moderate return	solid
2020-04-23	mod_5	1125	7954	Normal (pre-intervention)	solid
2020-04-23	mod_6	1128	7911	Cautious return	solid
2020-04-24	mod_2	2927	17989	Soc. Dist. + Travel Ban	solid
2020-04-24	mod_3	2574	15817	No Intervention	solid
2020-04-24	mod_4	1181	8406	Moderate return	solid
2020-04-24	mod_5	1179	8346	Normal (pre-intervention)	solid
2020-04-24	mod_6	1181	8390	Cautious return	solid
2020-04-25	mod_2	3626	22849	Soc. Dist. + Travel Ban	solid
2020-04-25	mod_3	3122	19381	No Intervention	solid
2020-04-25	mod_4	1232	8891	Moderate return	solid
2020-04-25	mod_5	1232	8837	Normal (pre-intervention)	solid
2020-04-25	mod_6	1235	8808	Cautious return	solid
2020-04-26	mod_2	4559	29403	Soc. Dist. + Travel Ban	solid
2020-04-26	mod_3	3837	24128	No Intervention	solid
2020-04-26	mod_4	1286	9332	Moderate return	solid
2020-04-26	mod_5	1285	9337	Normal (pre-intervention)	solid
2020-04-26	mod_6	1289	9321	Cautious return	solid
2020-04-27	mod_2	5831	38553	Soc. Dist. + Travel Ban	solid
2020-04-27	mod_3	4795	30469	No Intervention	solid
2020-04-27	mod_4	1339	9857	Moderate return	solid
2020-04-27	mod_5	1339	9886	Normal (pre-intervention)	solid
2020-04-27	mod_6	1342	9818	Cautious return	solid
2020-04-28	mod_2	7595	50913	Soc. Dist. + Travel Ban	solid
2020-04-28	mod_3	6096	39185	No Intervention	solid
2020-04-28	mod_4	1394	10337	Moderate return	solid
2020-04-28	mod_5	1393	10347	Normal (pre-intervention)	solid
2020-04-28	mod_6	1396	10324	Cautious return	solid
2020-04-29	mod_2	10083	68315	Soc. Dist. + Travel Ban	solid
2020-04-29	mod_3	7893	50838	No Intervention	solid
2020-04-29	mod_4	1450	10886	Moderate return	solid
2020-04-29	mod_5	1449	10863	Normal (pre-intervention)	solid
2020-04-29	mod_6	1452	10834	Cautious return	solid
2020-04-30	mod_2	13614	92212	Soc. Dist. + Travel Ban	solid
2020-04-30	mod_3	10380	66707	No Intervention	solid
2020-04-30	mod_4	1506	11406	Moderate return	solid
2020-04-30	mod_5	1506	11534	Normal (pre-intervention)	solid
2020-04-30	mod_6	1509	11412	Cautious return	solid
2020-05-01	mod_2	18610	124740	Soc. Dist. + Travel Ban	solid
2020-05-01	mod_3	13855	87699	No Intervention	solid
2020-05-01	mod_4	1563	11898	Moderate return	solid
2020-05-01	mod_5	1563	11995	Normal (pre-intervention)	solid
2020-05-01	mod_6	1563	11897	Cautious return	solid
2020-05-02	mod_2	25628	169512	Soc. Dist. + Travel Ban	solid
2020-05-02	mod_3	18650	116489	No Intervention	solid
2020-05-02	mod_4	1621	12545	Moderate return	solid
2020-05-02	mod_5	1621	12554	Normal (pre-intervention)	solid
2020-05-02	mod_6	1622	12478	Cautious return	solid
2020-05-03	mod_2	35296	232741	Soc. Dist. + Travel Ban	solid
2020-05-03	mod_3	25199	155391	No Intervention	solid
2020-05-03	mod_4	1681	13063	Moderate return	solid
2020-05-03	mod_5	1683	13160	Normal (pre-intervention)	solid
2020-05-03	mod_6	1685	13190	Cautious return	solid
2020-05-04	mod_2	48354	317709	Soc. Dist. + Travel Ban	solid
2020-05-04	mod_3	33952	206988	No Intervention	solid
2020-05-04	mod_4	1745	13657	Moderate return	solid
2020-05-04	mod_5	1747	13741	Normal (pre-intervention)	solid
2020-05-04	mod_6	1748	13735	Cautious return	solid
2020-05-05	mod_2	65573	437762	Soc. Dist. + Travel Ban	solid
2020-05-05	mod_3	45409	277159	No Intervention	solid
2020-05-05	mod_4	1810	14367	Moderate return	solid
2020-05-05	mod_5	1812	14415	Normal (pre-intervention)	solid
2020-05-05	mod_6	1814	14338	Cautious return	solid
2020-05-06	mod_2	87711	599269	Soc. Dist. + Travel Ban	solid
2020-05-06	mod_3	60014	371714	No Intervention	solid
2020-05-06	mod_4	1876	14971	Moderate return	solid
2020-05-06	mod_5	1880	15034	Normal (pre-intervention)	solid
2020-05-06	mod_6	1884	14908	Cautious return	solid
2020-05-07	mod_2	115475	824736	Soc. Dist. + Travel Ban	solid
2020-05-07	mod_3	78256	499223	No Intervention	solid
2020-05-07	mod_4	1946	15503	Moderate return	solid
2020-05-07	mod_5	1953	15667	Normal (pre-intervention)	solid
2020-05-07	mod_6	1956	15611	Cautious return	solid
2020-05-08	mod_2	149505	1119157	Soc. Dist. + Travel Ban	solid
2020-05-08	mod_3	100547	668670	No Intervention	solid
2020-05-08	mod_4	2019	16266	Moderate return	solid
2020-05-08	mod_5	2026	16286	Normal (pre-intervention)	solid
2020-05-08	mod_6	2033	16268	Cautious return	solid
2020-05-09	mod_2	190315	1525265	Soc. Dist. + Travel Ban	solid
2020-05-09	mod_3	127318	894874	No Intervention	solid
2020-05-09	mod_4	2095	16963	Moderate return	solid
2020-05-09	mod_5	2105	17099	Normal (pre-intervention)	solid
2020-05-09	mod_6	2113	16842	Cautious return	solid
2020-05-10	mod_2	238198	2054240	Soc. Dist. + Travel Ban	solid
2020-05-10	mod_3	158857	1190757	No Intervention	solid
2020-05-10	mod_4	2178	17763	Moderate return	solid
2020-05-10	mod_5	2189	17939	Normal (pre-intervention)	solid
2020-05-10	mod_6	2199	17614	Cautious return	solid
2020-05-11	mod_2	293389	2732571	Soc. Dist. + Travel Ban	solid
2020-05-11	mod_3	195447	1568795	No Intervention	solid
2020-05-11	mod_4	2264	18348	Moderate return	solid
2020-05-11	mod_5	2279	18503	Normal (pre-intervention)	solid
2020-05-11	mod_6	2287	18412	Cautious return	solid
2020-05-12	mod_2	355847	3586764	Soc. Dist. + Travel Ban	solid
2020-05-12	mod_3	237223	2054150	No Intervention	solid
2020-05-12	mod_4	2362	19051	Moderate return	solid
2020-05-12	mod_5	2385	19340	Normal (pre-intervention)	solid
2020-05-12	mod_6	2386	19190	Cautious return	solid
2020-05-13	mod_2	425413	4583732	Soc. Dist. + Travel Ban	solid
2020-05-13	mod_3	284248	2658266	No Intervention	solid
2020-05-13	mod_4	2471	19979	Moderate return	solid
2020-05-13	mod_5	2507	20299	Normal (pre-intervention)	solid
2020-05-13	mod_6	2496	20073	Cautious return	solid
2020-05-14	mod_2	501870	5705571	Soc. Dist. + Travel Ban	solid
2020-05-14	mod_3	336573	3403519	No Intervention	solid
2020-05-14	mod_4	2597	20887	Moderate return	solid
2020-05-14	mod_5	2654	21303	Normal (pre-intervention)	solid
2020-05-14	mod_6	2623	20952	Cautious return	solid
2020-05-15	mod_2	584883	6989843	Soc. Dist. + Travel Ban	solid
2020-05-15	mod_3	394094	4248225	No Intervention	solid
2020-05-15	mod_4	2745	22030	Moderate return	solid
2020-05-15	mod_5	2837	22254	Normal (pre-intervention)	solid
2020-05-15	mod_6	2765	22026	Cautious return	solid
2020-05-16	mod_2	674096	8353062	Soc. Dist. + Travel Ban	solid
2020-05-16	mod_3	456699	5190130	No Intervention	solid
2020-05-16	mod_4	2920	22999	Moderate return	solid
2020-05-16	mod_5	3064	23695	Normal (pre-intervention)	solid
2020-05-16	mod_6	2924	22914	Cautious return	solid
2020-05-17	mod_2	769034	9784647	Soc. Dist. + Travel Ban	solid
2020-05-17	mod_3	524196	6236883	No Intervention	solid
2020-05-17	mod_4	3128	24359	Moderate return	solid
2020-05-17	mod_5	3357	25309	Normal (pre-intervention)	solid
2020-05-17	mod_6	3111	23900	Cautious return	solid
2020-05-18	mod_2	869304	11336016	Soc. Dist. + Travel Ban	solid
2020-05-18	mod_3	596354	7360243	No Intervention	solid
2020-05-18	mod_4	3380	25829	Moderate return	solid
2020-05-18	mod_5	3735	27328	Normal (pre-intervention)	solid
2020-05-18	mod_6	3327	25159	Cautious return	solid
2020-05-19	mod_2	974269	12922371	Soc. Dist. + Travel Ban	solid
2020-05-19	mod_3	672881	8537950	No Intervention	solid
2020-05-19	mod_4	3690	27154	Moderate return	solid
2020-05-19	mod_5	4226	29465	Normal (pre-intervention)	solid
2020-05-19	mod_6	3577	26291	Cautious return	solid
2020-05-20	mod_2	1083507	14471777	Soc. Dist. + Travel Ban	solid
2020-05-20	mod_3	753426	9799947	No Intervention	solid
2020-05-20	mod_4	4076	28982	Moderate return	solid
2020-05-20	mod_5	4881	32302	Normal (pre-intervention)	solid
2020-05-20	mod_6	3871	27455	Cautious return	solid
2020-05-21	mod_2	1196426	15961733	Soc. Dist. + Travel Ban	solid
2020-05-21	mod_3	837660	11041737	No Intervention	solid
2020-05-21	mod_4	4563	31023	Moderate return	solid
2020-05-21	mod_5	5762	35688	Normal (pre-intervention)	solid
2020-05-21	mod_6	4220	29146	Cautious return	solid
2020-05-22	mod_2	1312548	17404869	Soc. Dist. + Travel Ban	solid
2020-05-22	mod_3	925247	12285022	No Intervention	solid
2020-05-22	mod_4	5177	33176	Moderate return	solid
2020-05-22	mod_5	6958	39593	Normal (pre-intervention)	solid
2020-05-22	mod_6	4633	30966	Cautious return	solid
2020-05-23	mod_2	1431307	18697720	Soc. Dist. + Travel Ban	solid
2020-05-23	mod_3	1015816	13548975	No Intervention	solid
2020-05-23	mod_4	5960	36056	Moderate return	solid
2020-05-23	mod_5	8588	44502	Normal (pre-intervention)	solid
2020-05-23	mod_6	5130	32291	Cautious return	solid
2020-05-24	mod_2	1552235	19910235	Soc. Dist. + Travel Ban	solid
2020-05-24	mod_3	1109055	14708707	No Intervention	solid
2020-05-24	mod_4	6961	38897	Moderate return	solid
2020-05-24	mod_5	10843	51137	Normal (pre-intervention)	solid
2020-05-24	mod_6	5722	34312	Cautious return	solid
2020-05-25	mod_2	1674876	20980033	Soc. Dist. + Travel Ban	solid
2020-05-25	mod_3	1204608	15850069	No Intervention	solid
2020-05-25	mod_4	8234	42735	Moderate return	solid
2020-05-25	mod_5	13966	58534	Normal (pre-intervention)	solid
2020-05-25	mod_6	6431	36837	Cautious return	solid
2020-05-26	mod_2	1798796	21926694	Soc. Dist. + Travel Ban	solid
2020-05-26	mod_3	1302083	16885874	No Intervention	solid
2020-05-26	mod_4	9856	46803	Moderate return	solid
2020-05-26	mod_5	18274	69825	Normal (pre-intervention)	solid
2020-05-26	mod_6	7281	39318	Cautious return	solid
2020-05-27	mod_2	1923636	22782968	Soc. Dist. + Travel Ban	solid
2020-05-27	mod_3	1401217	17847433	No Intervention	solid
2020-05-27	mod_4	11911	51970	Moderate return	solid
2020-05-27	mod_5	24144	84634	Normal (pre-intervention)	solid
2020-05-27	mod_6	8303	42089	Cautious return	solid
2020-05-28	mod_2	2048969	23511214	Soc. Dist. + Travel Ban	solid
2020-05-28	mod_3	1501658	18703976	No Intervention	solid
2020-05-28	mod_4	14518	58325	Moderate return	solid
2020-05-28	mod_5	32046	104242	Normal (pre-intervention)	solid
2020-05-28	mod_6	9526	45519	Cautious return	solid
2020-05-29	mod_2	2174497	24101750	Soc. Dist. + Travel Ban	solid
2020-05-29	mod_3	1603132	19452310	No Intervention	solid
2020-05-29	mod_4	17802	65886	Moderate return	solid
2020-05-29	mod_5	42472	130062	Normal (pre-intervention)	solid
2020-05-29	mod_6	10982	49127	Cautious return	solid
2020-05-30	mod_2	2299816	24609199	Soc. Dist. + Travel Ban	solid
2020-05-30	mod_3	1705385	20136072	No Intervention	solid
2020-05-30	mod_4	21929	74811	Moderate return	solid
2020-05-30	mod_5	55930	167978	Normal (pre-intervention)	solid
2020-05-30	mod_6	12721	53235	Cautious return	solid
2020-05-31	mod_2	2424659	25064718	Soc. Dist. + Travel Ban	solid
2020-05-31	mod_3	1808134	20743694	No Intervention	solid
2020-05-31	mod_4	27064	86740	Moderate return	solid
2020-05-31	mod_5	72970	219770	Normal (pre-intervention)	solid
2020-05-31	mod_6	14781	57907	Cautious return	solid
2020-06-01	mod_2	2548773	25453976	Soc. Dist. + Travel Ban	solid
2020-06-01	mod_3	1911131	21262358	No Intervention	solid
2020-06-01	mod_4	33379	101290	Moderate return	solid
2020-06-01	mod_5	94044	293259	Normal (pre-intervention)	solid
2020-06-01	mod_6	17224	63368	Cautious return	solid
2020-06-02	mod_2	2671941	25839394	Soc. Dist. + Travel Ban	solid
2020-06-02	mod_3	2014158	21722173	No Intervention	solid
2020-06-02	mod_4	40862	117748	Moderate return	solid
2020-06-02	mod_5	118758	398712	Normal (pre-intervention)	solid
2020-06-02	mod_6	20057	68975	Cautious return	solid
2020-06-03	mod_2	2793958	26159881	Soc. Dist. + Travel Ban	solid
2020-06-03	mod_3	2117136	22153933	No Intervention	solid
2020-06-03	mod_4	49570	139878	Moderate return	solid
2020-06-03	mod_5	147054	544522	Normal (pre-intervention)	solid
2020-06-03	mod_6	23310	76391	Cautious return	solid
2020-06-04	mod_2	2914575	26430692	Soc. Dist. + Travel Ban	solid
2020-06-04	mod_3	2219829	22521171	No Intervention	solid
2020-06-04	mod_4	59538	165199	Moderate return	solid
2020-06-04	mod_5	178767	739031	Normal (pre-intervention)	solid
2020-06-04	mod_6	27016	84757	Cautious return	solid
2020-06-05	mod_2	3033666	26681170	Soc. Dist. + Travel Ban	solid
2020-06-05	mod_3	2322122	22845508	No Intervention	solid
2020-06-05	mod_4	70783	197529	Moderate return	solid
2020-06-05	mod_5	213598	1006835	Normal (pre-intervention)	solid
2020-06-05	mod_6	31203	93384	Cautious return	solid
2020-06-06	mod_2	3151101	26906934	Soc. Dist. + Travel Ban	solid
2020-06-06	mod_3	2423802	23131963	No Intervention	solid
2020-06-06	mod_4	83339	235904	Moderate return	solid
2020-06-06	mod_5	251222	1368534	Normal (pre-intervention)	solid
2020-06-06	mod_6	35876	104402	Cautious return	solid
2020-06-07	mod_2	3266702	27110463	Soc. Dist. + Travel Ban	solid
2020-06-07	mod_3	2524788	23381239	No Intervention	solid
2020-06-07	mod_4	97185	283634	Moderate return	solid
2020-06-07	mod_5	291237	1846909	Normal (pre-intervention)	solid
2020-06-07	mod_6	41062	115343	Cautious return	solid
2020-06-08	mod_2	3380427	27308742	Soc. Dist. + Travel Ban	solid
2020-06-08	mod_3	2624876	23606421	No Intervention	solid
2020-06-08	mod_4	112305	343974	Moderate return	solid
2020-06-08	mod_5	333244	2471049	Normal (pre-intervention)	solid
2020-06-08	mod_6	46783	128715	Cautious return	solid
2020-06-09	mod_2	3492065	27477529	Soc. Dist. + Travel Ban	solid
2020-06-09	mod_3	2724024	23820308	No Intervention	solid
2020-06-09	mod_4	128686	413082	Moderate return	solid
2020-06-09	mod_5	376869	3226852	Normal (pre-intervention)	solid
2020-06-09	mod_6	53038	144465	Cautious return	solid
2020-06-10	mod_2	3601594	27599193	Soc. Dist. + Travel Ban	solid
2020-06-10	mod_3	2822138	24028222	No Intervention	solid
2020-06-10	mod_4	146255	498538	Moderate return	solid
2020-06-10	mod_5	421745	4084760	Normal (pre-intervention)	solid
2020-06-10	mod_6	59817	161372	Cautious return	solid
2020-06-11	mod_2	3708934	27720064	Soc. Dist. + Travel Ban	solid
2020-06-11	mod_3	2919142	24178773	No Intervention	solid
2020-06-11	mod_4	164935	607898	Moderate return	solid
2020-06-11	mod_5	467505	5047130	Normal (pre-intervention)	solid
2020-06-11	mod_6	67125	181973	Cautious return	solid
2020-06-12	mod_2	3813955	27833343	Soc. Dist. + Travel Ban	solid
2020-06-12	mod_3	3014876	24317540	No Intervention	solid
2020-06-12	mod_4	184653	737245	Moderate return	solid
2020-06-12	mod_5	513822	6104854	Normal (pre-intervention)	solid
2020-06-12	mod_6	74962	203085	Cautious return	solid
2020-06-13	mod_2	3916614	27912554	Soc. Dist. + Travel Ban	solid
2020-06-13	mod_3	3109224	24454114	No Intervention	solid
2020-06-13	mod_4	205323	886702	Moderate return	solid
2020-06-13	mod_5	560413	7187482	Normal (pre-intervention)	solid
2020-06-13	mod_6	83329	227183	Cautious return	solid
2020-06-14	mod_2	4016978	27994234	Soc. Dist. + Travel Ban	solid
2020-06-14	mod_3	3202262	24574597	No Intervention	solid
2020-06-14	mod_4	226828	1073467	Moderate return	solid
2020-06-14	mod_5	606969	8427321	Normal (pre-intervention)	solid
2020-06-14	mod_6	92185	258048	Cautious return	solid
2020-06-15	mod_2	4114957	28065926	Soc. Dist. + Travel Ban	solid
2020-06-15	mod_3	3293807	24679835	No Intervention	solid
2020-06-15	mod_4	249115	1291849	Moderate return	solid
2020-06-15	mod_5	653271	9704722	Normal (pre-intervention)	solid
2020-06-15	mod_6	101543	290048	Cautious return	solid
2020-06-16	mod_2	4210557	28139288	Soc. Dist. + Travel Ban	solid
2020-06-16	mod_3	3383887	24787432	No Intervention	solid
2020-06-16	mod_4	272021	1543029	Moderate return	solid
2020-06-16	mod_5	699133	11034474	Normal (pre-intervention)	solid
2020-06-16	mod_6	111358	325184	Cautious return	solid
2020-06-17	mod_2	4303723	28178010	Soc. Dist. + Travel Ban	solid
2020-06-17	mod_3	3472442	24863247	No Intervention	solid
2020-06-17	mod_4	295514	1846425	Moderate return	solid
2020-06-17	mod_5	744412	12411152	Normal (pre-intervention)	solid
2020-06-17	mod_6	121617	367656	Cautious return	solid
2020-06-18	mod_2	4394483	28228629	Soc. Dist. + Travel Ban	solid
2020-06-18	mod_3	3559492	24954649	No Intervention	solid
2020-06-18	mod_4	319472	2181808	Moderate return	solid
2020-06-18	mod_5	789019	13759982	Normal (pre-intervention)	solid
2020-06-18	mod_6	132311	411522	Cautious return	solid
2020-06-19	mod_2	4482961	28258909	Soc. Dist. + Travel Ban	solid
2020-06-19	mod_3	3644956	25017236	No Intervention	solid
2020-06-19	mod_4	343790	2544131	Moderate return	solid
2020-06-19	mod_5	832854	15092593	Normal (pre-intervention)	solid
2020-06-19	mod_6	143388	468599	Cautious return	solid
2020-06-20	mod_2	4569092	28286370	Soc. Dist. + Travel Ban	solid
2020-06-20	mod_3	3728801	25066292	No Intervention	solid
2020-06-20	mod_4	368409	2936718	Moderate return	solid
2020-06-20	mod_5	875831	16372617	Normal (pre-intervention)	solid
2020-06-20	mod_6	154816	524291	Cautious return	solid
2020-06-21	mod_2	4652956	28319171	Soc. Dist. + Travel Ban	solid
2020-06-21	mod_3	3811110	25129069	No Intervention	solid
2020-06-21	mod_4	393231	3383548	Moderate return	solid
2020-06-21	mod_5	917906	17541920	Normal (pre-intervention)	solid
2020-06-21	mod_6	166597	594693	Cautious return	solid
2020-06-22	mod_2	4734570	28330571	Soc. Dist. + Travel Ban	solid
2020-06-22	mod_3	3891748	25174929	No Intervention	solid
2020-06-22	mod_4	418194	3887560	Moderate return	solid
2020-06-22	mod_5	959043	18698767	Normal (pre-intervention)	solid
2020-06-22	mod_6	178680	670430	Cautious return	solid
2020-06-23	mod_2	4813970	28350177	Soc. Dist. + Travel Ban	solid
2020-06-23	mod_3	3970800	25216848	No Intervention	solid
2020-06-23	mod_4	443216	4427598	Moderate return	solid
2020-06-23	mod_5	999172	19740473	Normal (pre-intervention)	solid
2020-06-23	mod_6	191047	758137	Cautious return	solid
2020-06-24	mod_2	4891198	28366451	Soc. Dist. + Travel Ban	solid
2020-06-24	mod_3	4048342	25255383	No Intervention	solid
2020-06-24	mod_4	468256	5020130	Moderate return	solid
2020-06-24	mod_5	1038326	20670028	Normal (pre-intervention)	solid
2020-06-24	mod_6	203668	848473	Cautious return	solid
2020-06-25	mod_2	4966263	28391889	Soc. Dist. + Travel Ban	solid
2020-06-25	mod_3	4124246	25296142	No Intervention	solid
2020-06-25	mod_4	493236	5618207	Moderate return	solid
2020-06-25	mod_5	1076385	21525211	Normal (pre-intervention)	solid
2020-06-25	mod_6	216499	954550	Cautious return	solid
2020-06-26	mod_2	5039300	28399587	Soc. Dist. + Travel Ban	solid
2020-06-26	mod_3	4198561	25327113	No Intervention	solid
2020-06-26	mod_4	518117	6276747	Moderate return	solid
2020-06-26	mod_5	1113351	22297213	Normal (pre-intervention)	solid
2020-06-26	mod_6	229500	1073626	Cautious return	solid
2020-06-27	mod_2	5110258	28412789	Soc. Dist. + Travel Ban	solid
2020-06-27	mod_3	4271335	25353642	No Intervention	solid
2020-06-27	mod_4	542843	6966638	Moderate return	solid
2020-06-27	mod_5	1149220	22961898	Normal (pre-intervention)	solid
2020-06-27	mod_6	242657	1201368	Cautious return	solid
2020-06-28	mod_2	5179245	28416058	Soc. Dist. + Travel Ban	solid
2020-06-28	mod_3	4342574	25384541	No Intervention	solid
2020-06-28	mod_4	567382	7689182	Moderate return	solid
2020-06-28	mod_5	1183974	23532461	Normal (pre-intervention)	solid
2020-06-28	mod_6	255948	1344624	Cautious return	solid
2020-06-29	mod_2	5246324	28440149	Soc. Dist. + Travel Ban	solid
2020-06-29	mod_3	4412271	25396794	No Intervention	solid
2020-06-29	mod_4	591723	8456891	Moderate return	solid
2020-06-29	mod_5	1217615	24056782	Normal (pre-intervention)	solid
2020-06-29	mod_6	269352	1502907	Cautious return	solid
2020-06-30	mod_2	5311450	28454491	Soc. Dist. + Travel Ban	solid
2020-06-30	mod_3	4480464	25403396	No Intervention	solid
2020-06-30	mod_4	615828	9259521	Moderate return	solid
2020-06-30	mod_5	1250156	24489553	Normal (pre-intervention)	solid
2020-06-30	mod_6	282859	1662510	Cautious return	solid
2020-07-01	mod_2	5374749	28453479	Soc. Dist. + Travel Ban	solid
2020-07-01	mod_3	4547206	25416439	No Intervention	solid
2020-07-01	mod_4	639664	10048259	Moderate return	solid
2020-07-01	mod_5	1281607	24884633	Normal (pre-intervention)	solid
2020-07-01	mod_6	296444	1853606	Cautious return	solid
2020-07-02	mod_2	5436276	28457036	Soc. Dist. + Travel Ban	solid
2020-07-02	mod_3	4612505	25435794	No Intervention	solid
2020-07-02	mod_4	663183	10866493	Moderate return	solid
2020-07-02	mod_5	1312052	25199718	Normal (pre-intervention)	solid
2020-07-02	mod_6	310099	2049719	Cautious return	solid
2020-07-03	mod_2	5496027	28443918	Soc. Dist. + Travel Ban	solid
2020-07-03	mod_3	4676267	25436865	No Intervention	solid
2020-07-03	mod_4	686395	11695500	Moderate return	solid
2020-07-03	mod_5	1341459	25464580	Normal (pre-intervention)	solid
2020-07-03	mod_6	323759	2256432	Cautious return	solid
2020-07-04	mod_2	5554073	28432067	Soc. Dist. + Travel Ban	solid
2020-07-04	mod_3	4738740	25439596	No Intervention	solid
2020-07-04	mod_4	709270	12548883	Moderate return	solid
2020-07-04	mod_5	1369905	25692057	Normal (pre-intervention)	solid
2020-07-04	mod_6	337456	2484926	Cautious return	solid
2020-07-05	mod_2	5610485	28408057	Soc. Dist. + Travel Ban	solid
2020-07-05	mod_3	4799761	25449038	No Intervention	solid
2020-07-05	mod_4	731784	13335688	Moderate return	solid
2020-07-05	mod_5	1397366	25855686	Normal (pre-intervention)	solid
2020-07-05	mod_6	351166	2741780	Cautious return	solid
2020-07-06	mod_2	5665328	28399493	Soc. Dist. + Travel Ban	solid
2020-07-06	mod_3	4859430	25440586	No Intervention	solid
2020-07-06	mod_4	753921	14103765	Moderate return	solid
2020-07-06	mod_5	1423904	26033482	Normal (pre-intervention)	solid
2020-07-06	mod_6	364869	3000104	Cautious return	solid
2020-07-07	mod_2	5718553	28393161	Soc. Dist. + Travel Ban	solid
2020-07-07	mod_3	4917762	25434119	No Intervention	solid
2020-07-07	mod_4	775671	14897660	Moderate return	solid
2020-07-07	mod_5	1449539	26181396	Normal (pre-intervention)	solid
2020-07-07	mod_6	378532	3258884	Cautious return	solid
2020-07-08	mod_2	5770271	28370994	Soc. Dist. + Travel Ban	solid
2020-07-08	mod_3	4974785	25435433	No Intervention	solid
2020-07-08	mod_4	797034	15629983	Moderate return	solid
2020-07-08	mod_5	1474307	26255430	Normal (pre-intervention)	solid
2020-07-08	mod_6	392153	3530020	Cautious return	solid
2020-07-09	mod_2	5820629	28355490	Soc. Dist. + Travel Ban	solid
2020-07-09	mod_3	5030526	25426150	No Intervention	solid
2020-07-09	mod_4	817971	16323589	Moderate return	solid
2020-07-09	mod_5	1498265	26339273	Normal (pre-intervention)	solid
2020-07-09	mod_6	405759	3847399	Cautious return	solid
2020-07-10	mod_2	5869522	28326051	Soc. Dist. + Travel Ban	solid
2020-07-10	mod_3	5084986	25410341	No Intervention	solid
2020-07-10	mod_4	838484	16949100	Moderate return	solid
2020-07-10	mod_5	1521432	26387720	Normal (pre-intervention)	solid
2020-07-10	mod_6	419306	4179898	Cautious return	solid
2020-07-11	mod_2	5916988	28315013	Soc. Dist. + Travel Ban	solid
2020-07-11	mod_3	5138228	25420961	No Intervention	solid
2020-07-11	mod_4	858591	17506980	Moderate return	solid
2020-07-11	mod_5	1543790	26424457	Normal (pre-intervention)	solid
2020-07-11	mod_6	432776	4507009	Cautious return	solid
2020-07-12	mod_2	5963154	28303128	Soc. Dist. + Travel Ban	solid
2020-07-12	mod_3	5190298	25398472	No Intervention	solid
2020-07-12	mod_4	878288	18036755	Moderate return	solid
2020-07-12	mod_5	1565443	26458851	Normal (pre-intervention)	solid
2020-07-12	mod_6	446153	4900178	Cautious return	solid
2020-07-13	mod_2	6007985	28276909	Soc. Dist. + Travel Ban	solid
2020-07-13	mod_3	5241158	25377551	No Intervention	solid
2020-07-13	mod_4	897547	18535104	Moderate return	solid
2020-07-13	mod_5	1586314	26478302	Normal (pre-intervention)	solid
2020-07-13	mod_6	459444	5295046	Cautious return	solid
2020-07-14	mod_2	6051448	28267453	Soc. Dist. + Travel Ban	solid
2020-07-14	mod_3	5290838	25376675	No Intervention	solid
2020-07-14	mod_4	916402	18988404	Moderate return	solid
2020-07-14	mod_5	1606511	26497335	Normal (pre-intervention)	solid
2020-07-14	mod_6	472656	5696838	Cautious return	solid
2020-07-15	mod_2	6093750	28232089	Soc. Dist. + Travel Ban	solid
2020-07-15	mod_3	5339435	25361357	No Intervention	solid
2020-07-15	mod_4	934830	19399554	Moderate return	solid
2020-07-15	mod_5	1626094	26505448	Normal (pre-intervention)	solid
2020-07-15	mod_6	485740	6128587	Cautious return	solid
2020-07-16	mod_2	6134939	28214674	Soc. Dist. + Travel Ban	solid
2020-07-16	mod_3	5386914	25354509	No Intervention	solid
2020-07-16	mod_4	952863	19791421	Moderate return	solid
2020-07-16	mod_5	1645018	26495371	Normal (pre-intervention)	solid
2020-07-16	mod_6	498724	6545232	Cautious return	solid
2020-07-17	mod_2	6174945	28195450	Soc. Dist. + Travel Ban	solid
2020-07-17	mod_3	5433242	25338343	No Intervention	solid
2020-07-17	mod_4	970488	20107720	Moderate return	solid
2020-07-17	mod_5	1663338	26503939	Normal (pre-intervention)	solid
2020-07-17	mod_6	511546	7026519	Cautious return	solid
2020-07-18	mod_2	6213924	28165344	Soc. Dist. + Travel Ban	solid
2020-07-18	mod_3	5478496	25329207	No Intervention	solid
2020-07-18	mod_4	987731	20407010	Moderate return	solid
2020-07-18	mod_5	1681065	26474845	Normal (pre-intervention)	solid
2020-07-18	mod_6	524276	7461251	Cautious return	solid
2020-07-19	mod_2	6251816	28135972	Soc. Dist. + Travel Ban	solid
2020-07-19	mod_3	5522748	25309441	No Intervention	solid
2020-07-19	mod_4	1004556	20666137	Moderate return	solid
2020-07-19	mod_5	1698236	26455229	Normal (pre-intervention)	solid
2020-07-19	mod_6	536829	7967063	Cautious return	solid
2020-07-20	mod_2	6288647	28108367	Soc. Dist. + Travel Ban	solid
2020-07-20	mod_3	5565946	25304164	No Intervention	solid
2020-07-20	mod_4	1020982	20897148	Moderate return	solid
2020-07-20	mod_5	1714824	26423636	Normal (pre-intervention)	solid
2020-07-20	mod_6	549283	8412289	Cautious return	solid
2020-07-21	mod_2	6324446	28083659	Soc. Dist. + Travel Ban	solid
2020-07-21	mod_3	5608215	25281712	No Intervention	solid
2020-07-21	mod_4	1037046	21128410	Moderate return	solid
2020-07-21	mod_5	1730902	26411960	Normal (pre-intervention)	solid
2020-07-21	mod_6	561553	8914648	Cautious return	solid
2020-07-22	mod_2	6359187	28060785	Soc. Dist. + Travel Ban	solid
2020-07-22	mod_3	5649502	25279809	No Intervention	solid
2020-07-22	mod_4	1052750	21314951	Moderate return	solid
2020-07-22	mod_5	1746475	26397758	Normal (pre-intervention)	solid
2020-07-22	mod_6	573692	9419829	Cautious return	solid
2020-07-23	mod_2	6393091	28043241	Soc. Dist. + Travel Ban	solid
2020-07-23	mod_3	5689876	25253938	No Intervention	solid
2020-07-23	mod_4	1068090	21485805	Moderate return	solid
2020-07-23	mod_5	1761576	26355581	Normal (pre-intervention)	solid
2020-07-23	mod_6	585648	9887704	Cautious return	solid
2020-07-24	mod_2	6426055	28024057	Soc. Dist. + Travel Ban	solid
2020-07-24	mod_3	5729273	25234595	No Intervention	solid
2020-07-24	mod_4	1083093	21649752	Moderate return	solid
2020-07-24	mod_5	1776173	26327336	Normal (pre-intervention)	solid
2020-07-24	mod_6	597456	10388784	Cautious return	solid
2020-07-25	mod_2	6458131	27995353	Soc. Dist. + Travel Ban	solid
2020-07-25	mod_3	5767803	25217122	No Intervention	solid
2020-07-25	mod_4	1097748	21766704	Moderate return	solid
2020-07-25	mod_5	1790305	26299701	Normal (pre-intervention)	solid
2020-07-25	mod_6	609100	10831647	Cautious return	solid
2020-07-26	mod_2	6489279	27975286	Soc. Dist. + Travel Ban	solid
2020-07-26	mod_3	5805412	25186041	No Intervention	solid
2020-07-26	mod_4	1112065	21889363	Moderate return	solid
2020-07-26	mod_5	1804018	26299473	Normal (pre-intervention)	solid
2020-07-26	mod_6	620577	11344198	Cautious return	solid
2020-07-27	mod_2	6519654	27935307	Soc. Dist. + Travel Ban	solid
2020-07-27	mod_3	5842144	25171206	No Intervention	solid
2020-07-27	mod_4	1126043	21998953	Moderate return	solid
2020-07-27	mod_5	1817327	26284017	Normal (pre-intervention)	solid
2020-07-27	mod_6	631898	11770717	Cautious return	solid
2020-07-28	mod_2	6549175	27909550	Soc. Dist. + Travel Ban	solid
2020-07-28	mod_3	5878082	25148624	No Intervention	solid
2020-07-28	mod_4	1139701	22129346	Moderate return	solid
2020-07-28	mod_5	1830205	26249241	Normal (pre-intervention)	solid
2020-07-28	mod_6	643042	12205636	Cautious return	solid
2020-07-29	mod_2	6578007	27881370	Soc. Dist. + Travel Ban	solid
2020-07-29	mod_3	5913168	25149528	No Intervention	solid
2020-07-29	mod_4	1153040	22215033	Moderate return	solid
2020-07-29	mod_5	1842684	26217691	Normal (pre-intervention)	solid
2020-07-29	mod_6	654025	12615135	Cautious return	solid
2020-07-30	mod_2	6606049	27865650	Soc. Dist. + Travel Ban	solid
2020-07-30	mod_3	5947444	25122716	No Intervention	solid
2020-07-30	mod_4	1166064	22302312	Moderate return	solid
2020-07-30	mod_5	1854772	26192279	Normal (pre-intervention)	solid
2020-07-30	mod_6	664832	13009592	Cautious return	solid
2020-07-31	mod_2	6633377	27831039	Soc. Dist. + Travel Ban	solid
2020-07-31	mod_3	5980941	25108496	No Intervention	solid
2020-07-31	mod_4	1178815	22358899	Moderate return	solid
2020-07-31	mod_5	1866524	26160401	Normal (pre-intervention)	solid
2020-07-31	mod_6	675473	13407976	Cautious return	solid
2020-08-01	mod_2	6659891	27809723	Soc. Dist. + Travel Ban	solid
2020-08-01	mod_3	6013630	25087294	No Intervention	solid
2020-08-01	mod_4	1191250	22427892	Moderate return	solid
2020-08-01	mod_5	1877922	26120192	Normal (pre-intervention)	solid
2020-08-01	mod_6	685962	13818471	Cautious return	solid
2020-08-02	mod_2	6685725	27774361	Soc. Dist. + Travel Ban	solid
2020-08-02	mod_3	6045629	25065049	No Intervention	solid
2020-08-02	mod_4	1203404	22488593	Moderate return	solid
2020-08-02	mod_5	1888966	26084236	Normal (pre-intervention)	solid
2020-08-02	mod_6	696241	14130345	Cautious return	solid
2020-08-03	mod_2	6710877	27745506	Soc. Dist. + Travel Ban	solid
2020-08-03	mod_3	6076914	25036947	No Intervention	solid
2020-08-03	mod_4	1215279	22552983	Moderate return	solid
2020-08-03	mod_5	1899686	26056816	Normal (pre-intervention)	solid
2020-08-03	mod_6	706379	14470702	Cautious return	solid
2020-08-04	mod_2	6735338	27711886	Soc. Dist. + Travel Ban	solid
2020-08-04	mod_3	6107482	25020368	No Intervention	solid
2020-08-04	mod_4	1226866	22621445	Moderate return	solid
2020-08-04	mod_5	1910085	26022492	Normal (pre-intervention)	solid
2020-08-04	mod_6	716348	14809824	Cautious return	solid
2020-08-05	mod_2	6759242	27696058	Soc. Dist. + Travel Ban	solid
2020-08-05	mod_3	6137345	24997980	No Intervention	solid
2020-08-05	mod_4	1238203	22668802	Moderate return	solid
2020-08-05	mod_5	1920176	25978213	Normal (pre-intervention)	solid
2020-08-05	mod_6	726151	15078026	Cautious return	solid
2020-08-06	mod_2	6782489	27662782	Soc. Dist. + Travel Ban	solid
2020-08-06	mod_3	6166513	24976265	No Intervention	solid
2020-08-06	mod_4	1249276	22702123	Moderate return	solid
2020-08-06	mod_5	1929983	25953574	Normal (pre-intervention)	solid
2020-08-06	mod_6	735777	15371279	Cautious return	solid
2020-08-07	mod_2	6805170	27641813	Soc. Dist. + Travel Ban	solid
2020-08-07	mod_3	6195061	24953052	No Intervention	solid
2020-08-07	mod_4	1260103	22717886	Moderate return	solid
2020-08-07	mod_5	1939515	25905388	Normal (pre-intervention)	solid
2020-08-07	mod_6	745262	15630343	Cautious return	solid
2020-08-08	mod_2	6827248	27606919	Soc. Dist. + Travel Ban	solid
2020-08-08	mod_3	6222934	24927170	No Intervention	solid
2020-08-08	mod_4	1270685	22744533	Moderate return	solid
2020-08-08	mod_5	1948764	25869091	Normal (pre-intervention)	solid
2020-08-08	mod_6	754563	15853792	Cautious return	solid
2020-08-09	mod_2	6848728	27578961	Soc. Dist. + Travel Ban	solid
2020-08-09	mod_3	6250150	24905933	No Intervention	solid
2020-08-09	mod_4	1281044	22770453	Moderate return	solid
2020-08-09	mod_5	1957736	25841920	Normal (pre-intervention)	solid
2020-08-09	mod_6	763712	16074586	Cautious return	solid
2020-08-10	mod_2	6869733	27555573	Soc. Dist. + Travel Ban	solid
2020-08-10	mod_3	6276761	24879232	No Intervention	solid
2020-08-10	mod_4	1291122	22800455	Moderate return	solid
2020-08-10	mod_5	1966436	25797975	Normal (pre-intervention)	solid
2020-08-10	mod_6	772688	16299678	Cautious return	solid
2020-08-11	mod_2	6890174	27531863	Soc. Dist. + Travel Ban	solid
2020-08-11	mod_3	6302812	24860657	No Intervention	solid
2020-08-11	mod_4	1300962	22839083	Moderate return	solid
2020-08-11	mod_5	1974938	25760687	Normal (pre-intervention)	solid
2020-08-11	mod_6	781491	16499951	Cautious return	solid
2020-08-12	mod_2	6910116	27516918	Soc. Dist. + Travel Ban	solid
2020-08-12	mod_3	6328243	24833362	No Intervention	solid
2020-08-12	mod_4	1310577	22846475	Moderate return	solid
2020-08-12	mod_5	1983137	25720648	Normal (pre-intervention)	solid
2020-08-12	mod_6	790154	16662385	Cautious return	solid
2020-08-13	mod_2	6929569	27482151	Soc. Dist. + Travel Ban	solid
2020-08-13	mod_3	6353204	24809834	No Intervention	solid
2020-08-13	mod_4	1319985	22873498	Moderate return	solid
2020-08-13	mod_5	1991132	25689631	Normal (pre-intervention)	solid
2020-08-13	mod_6	798650	16829433	Cautious return	solid
2020-08-14	mod_2	6948480	27469694	Soc. Dist. + Travel Ban	solid
2020-08-14	mod_3	6377528	24775745	No Intervention	solid
2020-08-14	mod_4	1329150	22887253	Moderate return	solid
2020-08-14	mod_5	1998886	25642844	Normal (pre-intervention)	solid
2020-08-14	mod_6	806998	16991834	Cautious return	solid
2020-08-15	mod_2	6966947	27442498	Soc. Dist. + Travel Ban	solid
2020-08-15	mod_3	6401312	24748661	No Intervention	solid
2020-08-15	mod_4	1338137	22879299	Moderate return	solid
2020-08-15	mod_5	2006442	25597893	Normal (pre-intervention)	solid
2020-08-15	mod_6	815185	17149219	Cautious return	solid
2020-08-16	mod_2	6984950	27406980	Soc. Dist. + Travel Ban	solid
2020-08-16	mod_3	6424543	24724819	No Intervention	solid
2020-08-16	mod_4	1346909	22906150	Moderate return	solid
2020-08-16	mod_5	2013757	25560415	Normal (pre-intervention)	solid
2020-08-16	mod_6	823232	17268992	Cautious return	solid
2020-08-17	mod_2	7002486	27387002	Soc. Dist. + Travel Ban	solid
2020-08-17	mod_3	6447269	24708385	No Intervention	solid
2020-08-17	mod_4	1355450	22907355	Moderate return	solid
2020-08-17	mod_5	2020891	25541697	Normal (pre-intervention)	solid
2020-08-17	mod_6	831156	17411058	Cautious return	solid
2020-08-18	mod_2	7019676	27365377	Soc. Dist. + Travel Ban	solid
2020-08-18	mod_3	6469468	24690620	No Intervention	solid
2020-08-18	mod_4	1363806	22913824	Moderate return	solid
2020-08-18	mod_5	2027821	25513722	Normal (pre-intervention)	solid
2020-08-18	mod_6	838908	17516499	Cautious return	solid
2020-08-19	mod_2	7036435	27337628	Soc. Dist. + Travel Ban	solid
2020-08-19	mod_3	6491232	24666577	No Intervention	solid
2020-08-19	mod_4	1371986	22923785	Moderate return	solid
2020-08-19	mod_5	2034596	25467564	Normal (pre-intervention)	solid
2020-08-19	mod_6	846532	17635319	Cautious return	solid
2020-08-20	mod_2	7052754	27312309	Soc. Dist. + Travel Ban	solid
2020-08-20	mod_3	6512545	24647953	No Intervention	solid
2020-08-20	mod_4	1379954	22928148	Moderate return	solid
2020-08-20	mod_5	2041178	25426298	Normal (pre-intervention)	solid
2020-08-20	mod_6	854009	17740838	Cautious return	solid
2020-08-21	mod_2	7068684	27294284	Soc. Dist. + Travel Ban	solid
2020-08-21	mod_3	6533339	24633547	No Intervention	solid
2020-08-21	mod_4	1387758	22932720	Moderate return	solid
2020-08-21	mod_5	2047564	25397856	Normal (pre-intervention)	solid
2020-08-21	mod_6	861317	17842044	Cautious return	solid
2020-08-22	mod_2	7084260	27264196	Soc. Dist. + Travel Ban	solid
2020-08-22	mod_3	6553715	24598040	No Intervention	solid
2020-08-22	mod_4	1395382	22932144	Moderate return	solid
2020-08-22	mod_5	2053757	25356138	Normal (pre-intervention)	solid
2020-08-22	mod_6	868509	17922125	Cautious return	solid
2020-08-23	mod_2	7099389	27242581	Soc. Dist. + Travel Ban	solid
2020-08-23	mod_3	6573601	24574488	No Intervention	solid
2020-08-23	mod_4	1402796	22949662	Moderate return	solid
2020-08-23	mod_5	2059801	25321494	Normal (pre-intervention)	solid
2020-08-23	mod_6	875553	18013468	Cautious return	solid
2020-08-24	mod_2	7114161	27223128	Soc. Dist. + Travel Ban	solid
2020-08-24	mod_3	6593142	24545865	No Intervention	solid
2020-08-24	mod_4	1410060	22949626	Moderate return	solid
2020-08-24	mod_5	2065680	25284434	Normal (pre-intervention)	solid
2020-08-24	mod_6	882486	18082468	Cautious return	solid
2020-08-25	mod_2	7128552	27200281	Soc. Dist. + Travel Ban	solid
2020-08-25	mod_3	6612178	24514121	No Intervention	solid
2020-08-25	mod_4	1417150	22957789	Moderate return	solid
2020-08-25	mod_5	2071394	25261037	Normal (pre-intervention)	solid
2020-08-25	mod_6	889295	18151628	Cautious return	solid
2020-08-26	mod_2	7142625	27180114	Soc. Dist. + Travel Ban	solid
2020-08-26	mod_3	6630817	24488172	No Intervention	solid
2020-08-26	mod_4	1424090	22959643	Moderate return	solid
2020-08-26	mod_5	2076973	25239714	Normal (pre-intervention)	solid
2020-08-26	mod_6	895959	18222056	Cautious return	solid
2020-08-27	mod_2	7156305	27153548	Soc. Dist. + Travel Ban	solid
2020-08-27	mod_3	6649089	24463625	No Intervention	solid
2020-08-27	mod_4	1430890	22970036	Moderate return	solid
2020-08-27	mod_5	2082421	25203461	Normal (pre-intervention)	solid
2020-08-27	mod_6	902505	18305673	Cautious return	solid
2020-08-28	mod_2	7169766	27132206	Soc. Dist. + Travel Ban	solid
2020-08-28	mod_3	6666934	24440279	No Intervention	solid
2020-08-28	mod_4	1437531	22958411	Moderate return	solid
2020-08-28	mod_5	2087722	25173061	Normal (pre-intervention)	solid
2020-08-28	mod_6	908915	18367473	Cautious return	solid
2020-08-29	mod_2	7182840	27107328	Soc. Dist. + Travel Ban	solid
2020-08-29	mod_3	6684382	24400521	No Intervention	solid
2020-08-29	mod_4	1444011	22948242	Moderate return	solid
2020-08-29	mod_5	2092874	25147298	Normal (pre-intervention)	solid
2020-08-29	mod_6	915213	18427888	Cautious return	solid
2020-08-30	mod_2	7195641	27088547	Soc. Dist. + Travel Ban	solid
2020-08-30	mod_3	6701517	24377146	No Intervention	solid
2020-08-30	mod_4	1450328	22940839	Moderate return	solid
2020-08-30	mod_5	2097876	25124191	Normal (pre-intervention)	solid
2020-08-30	mod_6	921410	18488771	Cautious return	solid
2020-08-31	mod_2	7208173	27062419	Soc. Dist. + Travel Ban	solid
2020-08-31	mod_3	6718286	24344815	No Intervention	solid
2020-08-31	mod_4	1456512	22937510	Moderate return	solid
2020-08-31	mod_5	2102764	25096020	Normal (pre-intervention)	solid
2020-08-31	mod_6	927475	18553511	Cautious return	solid
2020-09-01	mod_2	7220435	27040361	Soc. Dist. + Travel Ban	solid
2020-09-01	mod_3	6734715	24326355	No Intervention	solid
2020-09-01	mod_4	1462568	22936671	Moderate return	solid
2020-09-01	mod_5	2107533	25073489	Normal (pre-intervention)	solid
2020-09-01	mod_6	933424	18597105	Cautious return	solid
2020-09-02	mod_2	7232395	27014659	Soc. Dist. + Travel Ban	solid
2020-09-02	mod_3	6750761	24306458	No Intervention	solid
2020-09-02	mod_4	1468482	22940799	Moderate return	solid
2020-09-02	mod_5	2112189	25050895	Normal (pre-intervention)	solid
2020-09-02	mod_6	939301	18651904	Cautious return	solid
2020-09-03	mod_2	7244116	26995835	Soc. Dist. + Travel Ban	solid
2020-09-03	mod_3	6766476	24275030	No Intervention	solid
2020-09-03	mod_4	1474304	22929794	Moderate return	solid
2020-09-03	mod_5	2116718	25030564	Normal (pre-intervention)	solid
2020-09-03	mod_6	945058	18689399	Cautious return	solid
2020-09-04	mod_2	7255567	26969234	Soc. Dist. + Travel Ban	solid
2020-09-04	mod_3	6781868	24243764	No Intervention	solid
2020-09-04	mod_4	1479973	22923498	Moderate return	solid
2020-09-04	mod_5	2121147	24997301	Normal (pre-intervention)	solid
2020-09-04	mod_6	950651	18748230	Cautious return	solid
2020-09-05	mod_2	7266760	26951843	Soc. Dist. + Travel Ban	solid
2020-09-05	mod_3	6796952	24218548	No Intervention	solid
2020-09-05	mod_4	1485526	22916561	Moderate return	solid
2020-09-05	mod_5	2125466	24983970	Normal (pre-intervention)	solid
2020-09-05	mod_6	956157	18764034	Cautious return	solid
2020-09-06	mod_2	7277650	26929271	Soc. Dist. + Travel Ban	solid
2020-09-06	mod_3	6811691	24197324	No Intervention	solid
2020-09-06	mod_4	1490954	22891303	Moderate return	solid
2020-09-06	mod_5	2129690	24969605	Normal (pre-intervention)	solid
2020-09-06	mod_6	961579	18807683	Cautious return	solid
2020-09-07	mod_2	7288354	26903343	Soc. Dist. + Travel Ban	solid
2020-09-07	mod_3	6826135	24179680	No Intervention	solid
2020-09-07	mod_4	1496269	22893337	Moderate return	solid
2020-09-07	mod_5	2133784	24937892	Normal (pre-intervention)	solid
2020-09-07	mod_6	966881	18864800	Cautious return	solid
2020-09-08	mod_2	7298769	26888333	Soc. Dist. + Travel Ban	solid
2020-09-08	mod_3	6840309	24160173	No Intervention	solid
2020-09-08	mod_4	1501497	22892797	Moderate return	solid
2020-09-08	mod_5	2137794	24917334	Normal (pre-intervention)	solid
2020-09-08	mod_6	972107	18903961	Cautious return	solid
2020-09-09	mod_2	7308981	26863027	Soc. Dist. + Travel Ban	solid
2020-09-09	mod_3	6854127	24142260	No Intervention	solid
2020-09-09	mod_4	1506574	22884725	Moderate return	solid
2020-09-09	mod_5	2141702	24904281	Normal (pre-intervention)	solid
2020-09-09	mod_6	977199	18927674	Cautious return	solid
2020-09-10	mod_2	7318905	26838163	Soc. Dist. + Travel Ban	solid
2020-09-10	mod_3	6867720	24112468	No Intervention	solid
2020-09-10	mod_4	1511578	22881714	Moderate return	solid
2020-09-10	mod_5	2145537	24882445	Normal (pre-intervention)	solid
2020-09-10	mod_6	982201	18981149	Cautious return	solid
2020-09-11	mod_2	7328682	26816070	Soc. Dist. + Travel Ban	solid
2020-09-11	mod_3	6880975	24086138	No Intervention	solid
2020-09-11	mod_4	1516444	22879890	Moderate return	solid
2020-09-11	mod_5	2149267	24873296	Normal (pre-intervention)	solid
2020-09-11	mod_6	987093	19016402	Cautious return	solid
2020-09-12	mod_2	7338160	26796218	Soc. Dist. + Travel Ban	solid
2020-09-12	mod_3	6893986	24063975	No Intervention	solid
2020-09-12	mod_4	1521236	22882197	Moderate return	solid
2020-09-12	mod_5	2152898	24847053	Normal (pre-intervention)	solid
2020-09-12	mod_6	991933	19039229	Cautious return	solid
2020-09-13	mod_2	7347422	26773485	Soc. Dist. + Travel Ban	solid
2020-09-13	mod_3	6906794	24043902	No Intervention	solid
2020-09-13	mod_4	1525935	22870355	Moderate return	solid
2020-09-13	mod_5	2156457	24831764	Normal (pre-intervention)	solid
2020-09-13	mod_6	996681	19079868	Cautious return	solid
2020-09-14	mod_2	7356516	26755791	Soc. Dist. + Travel Ban	solid
2020-09-14	mod_3	6919272	24013105	No Intervention	solid
2020-09-14	mod_4	1530496	22868044	Moderate return	solid
2020-09-14	mod_5	2159917	24812773	Normal (pre-intervention)	solid
2020-09-14	mod_6	1001354	19105502	Cautious return	solid
2020-09-15	mod_2	7365436	26733570	Soc. Dist. + Travel Ban	solid
2020-09-15	mod_3	6931528	23990130	No Intervention	solid
2020-09-15	mod_4	1534977	22866288	Moderate return	solid
2020-09-15	mod_5	2163314	24802719	Normal (pre-intervention)	solid
2020-09-15	mod_6	1005922	19124075	Cautious return	solid
2020-09-16	mod_2	7374222	26719953	Soc. Dist. + Travel Ban	solid
2020-09-16	mod_3	6943488	23971504	No Intervention	solid
2020-09-16	mod_4	1539348	22846626	Moderate return	solid
2020-09-16	mod_5	2166612	24790839	Normal (pre-intervention)	solid
2020-09-16	mod_6	1010402	19142852	Cautious return	solid
2020-09-17	mod_2	7382745	26702369	Soc. Dist. + Travel Ban	solid
2020-09-17	mod_3	6955257	23949387	No Intervention	solid
2020-09-17	mod_4	1543656	22845700	Moderate return	solid
2020-09-17	mod_5	2169832	24771542	Normal (pre-intervention)	solid
2020-09-17	mod_6	1014757	19169288	Cautious return	solid
2020-09-18	mod_2	7391135	26683971	Soc. Dist. + Travel Ban	solid
2020-09-18	mod_3	6966713	23922408	No Intervention	solid
2020-09-18	mod_4	1547851	22836813	Moderate return	solid
2020-09-18	mod_5	2172988	24762655	Normal (pre-intervention)	solid
2020-09-18	mod_6	1019089	19194506	Cautious return	solid
2020-09-19	mod_2	7399307	26666962	Soc. Dist. + Travel Ban	solid
2020-09-19	mod_3	6978010	23906204	No Intervention	solid
2020-09-19	mod_4	1551964	22828704	Moderate return	solid
2020-09-19	mod_5	2176094	24751934	Normal (pre-intervention)	solid
2020-09-19	mod_6	1023370	19205953	Cautious return	solid
2020-09-20	mod_2	7407321	26644905	Soc. Dist. + Travel Ban	solid
2020-09-20	mod_3	6989043	23886295	No Intervention	solid
2020-09-20	mod_4	1555980	22823374	Moderate return	solid
2020-09-20	mod_5	2179119	24734643	Normal (pre-intervention)	solid
2020-09-20	mod_6	1027550	19228437	Cautious return	solid
2020-09-21	mod_2	7415172	26634912	Soc. Dist. + Travel Ban	solid
2020-09-21	mod_3	6999907	23863221	No Intervention	solid
2020-09-21	mod_4	1559921	22835901	Moderate return	solid
2020-09-21	mod_5	2182087	24728582	Normal (pre-intervention)	solid
2020-09-21	mod_6	1031659	19242641	Cautious return	solid
2020-09-22	mod_2	7422902	26615414	Soc. Dist. + Travel Ban	solid
2020-09-22	mod_3	7010544	23844650	No Intervention	solid
2020-09-22	mod_4	1563801	22812330	Moderate return	solid
2020-09-22	mod_5	2184948	24714711	Normal (pre-intervention)	solid
2020-09-22	mod_6	1035676	19271900	Cautious return	solid
2020-09-23	mod_2	7430327	26591811	Soc. Dist. + Travel Ban	solid
2020-09-23	mod_3	7020898	23817295	No Intervention	solid
2020-09-23	mod_4	1567601	22812211	Moderate return	solid
2020-09-23	mod_5	2187751	24704776	Normal (pre-intervention)	solid
2020-09-23	mod_6	1039634	19294949	Cautious return	solid
2020-09-24	mod_2	7437682	26579012	Soc. Dist. + Travel Ban	solid
2020-09-24	mod_3	7031094	23793184	No Intervention	solid
2020-09-24	mod_4	1571299	22809442	Moderate return	solid
2020-09-24	mod_5	2190462	24700199	Normal (pre-intervention)	solid
2020-09-24	mod_6	1043531	19312966	Cautious return	solid
2020-09-25	mod_2	7444851	26560272	Soc. Dist. + Travel Ban	solid
2020-09-25	mod_3	7041093	23774589	No Intervention	solid
2020-09-25	mod_4	1574948	22800788	Moderate return	solid
2020-09-25	mod_5	2193171	24688433	Normal (pre-intervention)	solid
2020-09-25	mod_6	1047338	19313003	Cautious return	solid
2020-09-26	mod_2	7451878	26549642	Soc. Dist. + Travel Ban	solid
2020-09-26	mod_3	7050886	23752514	No Intervention	solid
2020-09-26	mod_4	1578484	22785398	Moderate return	solid
2020-09-26	mod_5	2195827	24682643	Normal (pre-intervention)	solid
2020-09-26	mod_6	1051105	19335712	Cautious return	solid
2020-09-27	mod_2	7458714	26533285	Soc. Dist. + Travel Ban	solid
2020-09-27	mod_3	7060515	23729617	No Intervention	solid
2020-09-27	mod_4	1581979	22784107	Moderate return	solid
2020-09-27	mod_5	2198411	24676240	Normal (pre-intervention)	solid
2020-09-27	mod_6	1054800	19349860	Cautious return	solid
2020-09-28	mod_2	7465467	26520004	Soc. Dist. + Travel Ban	solid
2020-09-28	mod_3	7069895	23709316	No Intervention	solid
2020-09-28	mod_4	1585432	22774057	Moderate return	solid
2020-09-28	mod_5	2200928	24666901	Normal (pre-intervention)	solid
2020-09-28	mod_6	1058415	19365690	Cautious return	solid
2020-09-29	mod_2	7472075	26502200	Soc. Dist. + Travel Ban	solid
2020-09-29	mod_3	7079180	23691407	No Intervention	solid
2020-09-29	mod_4	1588787	22770469	Moderate return	solid
2020-09-29	mod_5	2203397	24655897	Normal (pre-intervention)	solid
2020-09-29	mod_6	1061960	19376138	Cautious return	solid
2020-09-30	mod_2	7478559	26487803	Soc. Dist. + Travel Ban	solid
2020-09-30	mod_3	7088204	23668193	No Intervention	solid
2020-09-30	mod_4	1592080	22751399	Moderate return	solid
2020-09-30	mod_5	2205826	24652348	Normal (pre-intervention)	solid
2020-09-30	mod_6	1065452	19395358	Cautious return	solid
2020-10-01	mod_2	NA	NA	Soc. Dist. + Travel Ban	solid
2020-10-01	mod_3	NA	NA	No Intervention	solid
2020-10-01	mod_4	NA	NA	Moderate return	solid
2020-10-01	mod_5	NA	NA	Normal (pre-intervention)	solid
2020-10-01	mod_6	NA	NA	Cautious return	solid
2020-10-02	mod_2	NA	NA	Soc. Dist. + Travel Ban	solid
2020-10-02	mod_3	NA	NA	No Intervention	solid
2020-10-02	mod_4	NA	NA	Moderate return	solid
2020-10-02	mod_5	NA	NA	Normal (pre-intervention)	solid
2020-10-02	mod_6	NA	NA	Cautious return	solid
2020-10-03	mod_2	NA	NA	Soc. Dist. + Travel Ban	solid
2020-10-03	mod_3	NA	NA	No Intervention	solid
2020-10-03	mod_4	NA	NA	Moderate return	solid
2020-10-03	mod_5	NA	NA	Normal (pre-intervention)	solid
2020-10-03	mod_6	NA	NA	Cautious return	solid
2020-10-04	mod_2	NA	NA	Soc. Dist. + Travel Ban	solid
2020-10-04	mod_3	NA	NA	No Intervention	solid
2020-10-04	mod_4	NA	NA	Moderate return	solid
2020-10-04	mod_5	NA	NA	Normal (pre-intervention)	solid
2020-10-04	mod_6	NA	NA	Cautious return	solid
2020-10-05	mod_2	NA	NA	Soc. Dist. + Travel Ban	solid
2020-10-05	mod_3	NA	NA	No Intervention	solid
2020-10-05	mod_4	NA	NA	Moderate return	solid
2020-10-05	mod_5	NA	NA	Normal (pre-intervention)	solid
2020-10-05	mod_6	NA	NA	Cautious return	solid
2020-10-06	mod_2	NA	NA	Soc. Dist. + Travel Ban	solid
2020-10-06	mod_3	NA	NA	No Intervention	solid
2020-10-06	mod_4	NA	NA	Moderate return	solid
2020-10-06	mod_5	NA	NA	Normal (pre-intervention)	solid
2020-10-06	mod_6	NA	NA	Cautious return	solid
2020-10-07	mod_2	NA	NA	Soc. Dist. + Travel Ban	solid
2020-10-07	mod_3	NA	NA	No Intervention	solid
2020-10-07	mod_4	NA	NA	Moderate return	solid
2020-10-07	mod_5	NA	NA	Normal (pre-intervention)	solid
2020-10-07	mod_6	NA	NA	Cautious return	solid
2020-10-08	mod_2	NA	NA	Soc. Dist. + Travel Ban	solid
2020-10-08	mod_3	NA	NA	No Intervention	solid
2020-10-08	mod_4	NA	NA	Moderate return	solid
2020-10-08	mod_5	NA	NA	Normal (pre-intervention)	solid
2020-10-08	mod_6	NA	NA	Cautious return	solid
2020-10-09	mod_2	NA	NA	Soc. Dist. + Travel Ban	solid
2020-10-09	mod_3	NA	NA	No Intervention	solid
2020-10-09	mod_4	NA	NA	Moderate return	solid
2020-10-09	mod_5	NA	NA	Normal (pre-intervention)	solid
2020-10-09	mod_6	NA	NA	Cautious return	solid
2020-10-10	mod_2	NA	NA	Soc. Dist. + Travel Ban	solid
2020-10-10	mod_3	NA	NA	No Intervention	solid
2020-10-10	mod_4	NA	NA	Moderate return	solid
2020-10-10	mod_5	NA	NA	Normal (pre-intervention)	solid
2020-10-10	mod_6	NA	NA	Cautious return	solid
2020-10-11	mod_2	NA	NA	Soc. Dist. + Travel Ban	solid
2020-10-11	mod_3	NA	NA	No Intervention	solid
2020-10-11	mod_4	NA	NA	Moderate return	solid
2020-10-11	mod_5	NA	NA	Normal (pre-intervention)	solid
2020-10-11	mod_6	NA	NA	Cautious return	solid
2020-10-12	mod_2	NA	NA	Soc. Dist. + Travel Ban	solid
2020-10-12	mod_3	NA	NA	No Intervention	solid
2020-10-12	mod_4	NA	NA	Moderate return	solid
2020-10-12	mod_5	NA	NA	Normal (pre-intervention)	solid
2020-10-12	mod_6	NA	NA	Cautious return	solid
2020-10-13	mod_2	NA	NA	Soc. Dist. + Travel Ban	solid
2020-10-13	mod_3	NA	NA	No Intervention	solid
2020-10-13	mod_4	NA	NA	Moderate return	solid
2020-10-13	mod_5	NA	NA	Normal (pre-intervention)	solid
2020-10-13	mod_6	NA	NA	Cautious return	solid
2020-10-14	mod_2	NA	NA	Soc. Dist. + Travel Ban	solid
2020-10-14	mod_3	NA	NA	No Intervention	solid
2020-10-14	mod_4	NA	NA	Moderate return	solid
2020-10-14	mod_5	NA	NA	Normal (pre-intervention)	solid
2020-10-14	mod_6	NA	NA	Cautious return	solid
2020-10-15	mod_2	NA	NA	Soc. Dist. + Travel Ban	solid
2020-10-15	mod_3	NA	NA	No Intervention	solid
2020-10-15	mod_4	NA	NA	Moderate return	solid
2020-10-15	mod_5	NA	NA	Normal (pre-intervention)	solid
2020-10-15	mod_6	NA	NA	Cautious return	solid
2020-10-16	mod_2	NA	NA	Soc. Dist. + Travel Ban	solid
2020-10-16	mod_3	NA	NA	No Intervention	solid
2020-10-16	mod_4	NA	NA	Moderate return	solid
2020-10-16	mod_5	NA	NA	Normal (pre-intervention)	solid
2020-10-16	mod_6	NA	NA	Cautious return	solid
2020-10-17	mod_2	NA	NA	Soc. Dist. + Travel Ban	solid
2020-10-17	mod_3	NA	NA	No Intervention	solid
2020-10-17	mod_4	NA	NA	Moderate return	solid
2020-10-17	mod_5	NA	NA	Normal (pre-intervention)	solid
2020-10-17	mod_6	NA	NA	Cautious return	solid
2020-10-18	mod_2	NA	NA	Soc. Dist. + Travel Ban	solid
2020-10-18	mod_3	NA	NA	No Intervention	solid
2020-10-18	mod_4	NA	NA	Moderate return	solid
2020-10-18	mod_5	NA	NA	Normal (pre-intervention)	solid
2020-10-18	mod_6	NA	NA	Cautious return	solid
2020-10-19	mod_2	NA	NA	Soc. Dist. + Travel Ban	solid
2020-10-19	mod_3	NA	NA	No Intervention	solid
2020-10-19	mod_4	NA	NA	Moderate return	solid
2020-10-19	mod_5	NA	NA	Normal (pre-intervention)	solid
2020-10-19	mod_6	NA	NA	Cautious return	solid
2020-10-20	mod_2	NA	NA	Soc. Dist. + Travel Ban	solid
2020-10-20	mod_3	NA	NA	No Intervention	solid
2020-10-20	mod_4	NA	NA	Moderate return	solid
2020-10-20	mod_5	NA	NA	Normal (pre-intervention)	solid
2020-10-20	mod_6	NA	NA	Cautious return	solid
2020-10-21	mod_2	NA	NA	Soc. Dist. + Travel Ban	solid
2020-10-21	mod_3	NA	NA	No Intervention	solid
2020-10-21	mod_4	NA	NA	Moderate return	solid
2020-10-21	mod_5	NA	NA	Normal (pre-intervention)	solid
2020-10-21	mod_6	NA	NA	Cautious return	solid
2020-10-22	mod_2	NA	NA	Soc. Dist. + Travel Ban	solid
2020-10-22	mod_3	NA	NA	No Intervention	solid
2020-10-22	mod_4	NA	NA	Moderate return	solid
2020-10-22	mod_5	NA	NA	Normal (pre-intervention)	solid
2020-10-22	mod_6	NA	NA	Cautious return	solid
2020-10-23	mod_2	NA	NA	Soc. Dist. + Travel Ban	solid
2020-10-23	mod_3	NA	NA	No Intervention	solid
2020-10-23	mod_4	NA	NA	Moderate return	solid
2020-10-23	mod_5	NA	NA	Normal (pre-intervention)	solid
2020-10-23	mod_6	NA	NA	Cautious return	solid
2020-10-24	mod_2	NA	NA	Soc. Dist. + Travel Ban	solid
2020-10-24	mod_3	NA	NA	No Intervention	solid
2020-10-24	mod_4	NA	NA	Moderate return	solid
2020-10-24	mod_5	NA	NA	Normal (pre-intervention)	solid
2020-10-24	mod_6	NA	NA	Cautious return	solid
2020-10-25	mod_2	NA	NA	Soc. Dist. + Travel Ban	solid
2020-10-25	mod_3	NA	NA	No Intervention	solid
2020-10-25	mod_4	NA	NA	Moderate return	solid
2020-10-25	mod_5	NA	NA	Normal (pre-intervention)	solid
2020-10-25	mod_6	NA	NA	Cautious return	solid
2020-10-26	mod_2	NA	NA	Soc. Dist. + Travel Ban	solid
2020-10-26	mod_3	NA	NA	No Intervention	solid
2020-10-26	mod_4	NA	NA	Moderate return	solid
2020-10-26	mod_5	NA	NA	Normal (pre-intervention)	solid
2020-10-26	mod_6	NA	NA	Cautious return	solid
2020-10-27	mod_2	NA	NA	Soc. Dist. + Travel Ban	solid
2020-10-27	mod_3	NA	NA	No Intervention	solid
2020-10-27	mod_4	NA	NA	Moderate return	solid
2020-10-27	mod_5	NA	NA	Normal (pre-intervention)	solid
2020-10-27	mod_6	NA	NA	Cautious return	solid
2020-10-28	mod_2	NA	NA	Soc. Dist. + Travel Ban	solid
2020-10-28	mod_3	NA	NA	No Intervention	solid
2020-10-28	mod_4	NA	NA	Moderate return	solid
2020-10-28	mod_5	NA	NA	Normal (pre-intervention)	solid
2020-10-28	mod_6	NA	NA	Cautious return	solid
2020-10-29	mod_2	NA	NA	Soc. Dist. + Travel Ban	solid
2020-10-29	mod_3	NA	NA	No Intervention	solid
2020-10-29	mod_4	NA	NA	Moderate return	solid
2020-10-29	mod_5	NA	NA	Normal (pre-intervention)	solid
2020-10-29	mod_6	NA	NA	Cautious return	solid
2020-10-30	mod_2	NA	NA	Soc. Dist. + Travel Ban	solid
2020-10-30	mod_3	NA	NA	No Intervention	solid
2020-10-30	mod_4	NA	NA	Moderate return	solid
2020-10-30	mod_5	NA	NA	Normal (pre-intervention)	solid
2020-10-30	mod_6	NA	NA	Cautious return	solid
2020-10-31	mod_2	NA	NA	Soc. Dist. + Travel Ban	solid
2020-10-31	mod_3	NA	NA	No Intervention	solid
2020-10-31	mod_4	NA	NA	Moderate return	solid
2020-10-31	mod_5	NA	NA	Normal (pre-intervention)	solid
2020-10-31	mod_6	NA	NA	Cautious return	solid
2020-11-01	mod_2	NA	NA	Soc. Dist. + Travel Ban	solid
2020-11-01	mod_3	NA	NA	No Intervention	solid
2020-11-01	mod_4	NA	NA	Moderate return	solid
2020-11-01	mod_5	NA	NA	Normal (pre-intervention)	solid
2020-11-01	mod_6	NA	NA	Cautious return	solid
2020-11-02	mod_2	NA	NA	Soc. Dist. + Travel Ban	solid
2020-11-02	mod_3	NA	NA	No Intervention	solid
2020-11-02	mod_4	NA	NA	Moderate return	solid
2020-11-02	mod_5	NA	NA	Normal (pre-intervention)	solid
2020-11-02	mod_6	NA	NA	Cautious return	solid
2020-11-03	mod_2	NA	NA	Soc. Dist. + Travel Ban	solid
2020-11-03	mod_3	NA	NA	No Intervention	solid
2020-11-03	mod_4	NA	NA	Moderate return	solid
2020-11-03	mod_5	NA	NA	Normal (pre-intervention)	solid
2020-11-03	mod_6	NA	NA	Cautious return	solid
